Student ID,student_name,gender,grade,school_name,reading_score,math_score
0,Paul Bradley,M,9th,Huang High School,66,79
1,Victor Smith,M,12th,Huang High School,94,61
2,Kevin Rodriguez,M,12th,Huang High School,90,60
3,Richard Scott,M,12th,Huang High School,67,58
4,Bonnie Ray,F,9th,Huang High School,97,84
5,Bryan Miranda,M,9th,Huang High School,94,94
6,Sheena Carter,F,11th,Huang High School,82,80
7,Nicole Baker,F,12th,Huang High School,96,69
8,Michael Roth,M,10th,Huang High School,95,87
9,Matthew Greene,M,10th,Huang High School,96,84
10,Andrew Alexander,M,10th,Huang High School,90,70
11,Daniel Cooper,M,10th,Huang High School,78,77
12,Brittney Walker,F,9th,Huang High School,64,79
13,William Long,M,9th,Huang High School,71,79
14,Tammy Hebert,F,10th,Huang High School,85,67
15,Jordan Carson,M,11th,Huang High School,94,88
16,Donald Zamora,M,9th,Huang High School,88,55
17,Kimberly Santiago,F,9th,Huang High School,74,75
18,Kevin Stevens,M,9th,Huang High School,64,69
19,Brandi Lyons,F,9th,Huang High School,89,80
20,Lisa Davis,F,10th,Huang High School,91,89
21,Kristen Lopez,F,10th,Huang High School,90,77
22,Kimberly Stewart,F,11th,Huang High School,99,84
23,Christopher Parker,M,9th,Huang High School,81,68
24,Chelsea Griffith,F,11th,Huang High School,85,73
25,Cesar Morris,M,9th,Huang High School,92,70
26,Melanie Decker,F,9th,Huang High School,63,85
27,Tracey Oconnor,F,10th,Huang High School,80,58
28,Kelly James,F,11th,Huang High School,73,55
29,Nicole Brown,F,12th,Huang High School,90,88
30,Bobby Harris,M,9th,Huang High School,94,99
31,Brian Fernandez,M,10th,Huang High School,97,65
32,Candace Phelps,F,11th,Huang High School,93,90
33,Amy Gonzalez,F,12th,Huang High School,95,68
34,Steven Green,M,11th,Huang High School,65,74
35,Benjamin Carlson,M,10th,Huang High School,99,61
36,Kevin Bailey,M,10th,Huang High School,76,76
37,Jesse Newton,M,10th,Huang High School,63,66
38,Kimberly Mercado,F,12th,Huang High School,73,77
39,Gregory Roberts,M,9th,Huang High School,80,61
40,Matthew Mayer,M,9th,Huang High School,79,69
41,Jennifer Parks,F,11th,Huang High School,85,95
42,John Carlson,M,9th,Huang High School,65,89
43,Megan Roberts,F,9th,Huang High School,66,90
44,Debra Flores,F,10th,Huang High School,75,66
45,Heidi Jackson,F,11th,Huang High School,64,93
46,Denise Bradford,F,12th,Huang High School,73,59
47,Ellen Brown,F,11th,Huang High School,77,81
48,Amy Perkins,F,9th,Huang High School,76,66
49,Natalie Mitchell,F,10th,Huang High School,73,93
50,Tiffany Gutierrez,F,10th,Huang High School,82,95
51,Jennifer Hess,F,11th,Huang High School,91,56
52,Christine Fletcher,F,12th,Huang High School,69,78
53,Jon Smith,M,9th,Huang High School,96,69
54,Tracey Yates,F,9th,Huang High School,83,68
55,Jerry Gordon,M,12th,Huang High School,95,71
56,Michael Cox,M,11th,Huang High School,72,72
57,Madeline Snyder ,F,9th,Huang High School,97,56
58,Allison King,F,11th,Huang High School,74,84
59,Theresa Meyer,F,9th,Huang High School,88,70
60,Jared Wood,M,9th,Huang High School,63,89
61,Eric Maynard,M,9th,Huang High School,64,95
62,Mark Owens,M,11th,Huang High School,74,65
63,Ronnie Conley,M,11th,Huang High School,77,61
64,Kimberly Davis,F,12th,Huang High School,87,57
65,Amy Mitchell,F,11th,Huang High School,74,60
66,Dylan Taylor ,M,10th,Huang High School,77,93
67,Elizabeth Henderson,F,12th,Huang High School,70,60
68,James Lopez,M,12th,Huang High School,65,82
69,Michael Morgan,M,11th,Huang High School,75,89
70,Angela Francis,F,12th,Huang High School,70,60
71,Breanna Taylor,F,10th,Huang High School,93,68
72,Jason Johnson,M,12th,Huang High School,82,65
73,Kyle Martin,M,10th,Huang High School,72,94
74,Scott Gill,M,10th,Huang High School,85,85
75,Lisa Long,F,10th,Huang High School,87,62
76,Erin Liu,F,9th,Huang High School,78,76
77,Marcus Richards,M,12th,Huang High School,83,76
78,Jason Thompson,M,12th,Huang High School,99,57
79,Elizabeth Mckinney,F,9th,Huang High School,74,81
80,Jessica Bailey,F,10th,Huang High School,67,70
81,Lisa Frye,F,12th,Huang High School,94,73
82,Lindsey Baker,F,11th,Huang High School,81,57
83,Lisa Ramirez,F,12th,Huang High School,64,76
84,Joseph Butler,M,10th,Huang High School,77,63
85,Tina Lynch,F,10th,Huang High School,94,60
86,Leah Benitez,F,10th,Huang High School,93,84
87,Elizabeth Parker,F,10th,Huang High School,85,56
88,Melissa Hunter,F,10th,Huang High School,90,70
89,Madison Everett,F,11th,Huang High School,70,78
90,Ronald Garcia,M,9th,Huang High School,99,86
91,Mark Cherry,M,10th,Huang High School,96,98
92,Ryan Stokes,M,9th,Huang High School,75,72
93,Isaiah Maldonado,M,10th,Huang High School,84,91
94,Micheal Dennis,M,12th,Huang High School,86,61
95,Kevin Martinez,M,11th,Huang High School,89,58
96,Jessica Smith,F,9th,Huang High School,77,72
97,Dawn Trujillo,F,11th,Huang High School,82,87
98,Virginia Ramirez ,F,10th,Huang High School,99,89
99,Marc Hernandez,M,10th,Huang High School,87,63
100,Jose Gonzalez,M,12th,Huang High School,69,67
101,Jason Dennis,M,10th,Huang High School,72,57
102,Gary Morris,M,11th,Huang High School,74,58
103,William Mcdonald,M,12th,Huang High School,86,74
104,Michael Savage,M,9th,Huang High School,75,66
105,Alexis Todd,F,11th,Huang High School,82,95
106,David Hansen,M,10th,Huang High School,76,86
107,Steven Mendez,M,12th,Huang High School,68,88
108,Ryan Lynch,M,12th,Huang High School,77,67
109,Timothy Marks,M,9th,Huang High School,78,62
110,Alexander Johns,M,10th,Huang High School,67,77
111,Kenneth Chavez,M,9th,Huang High School,70,79
112,Dennis Williams,M,10th,Huang High School,88,67
113,Michael Roy,M,12th,Huang High School,85,73
114,Richard Ryan,M,12th,Huang High School,88,86
115,Matthew Reyes,M,12th,Huang High School,79,60
116,Stephanie Ward,F,11th,Huang High School,75,69
117,Christopher Tucker,M,10th,Huang High School,80,90
118,Daniel Jones,M,12th,Huang High School,66,68
119,Devin Craig,M,10th,Huang High School,65,80
120,Erin Prince,F,12th,Huang High School,88,81
121,Bernard Ortiz,M,11th,Huang High School,78,76
122,Nicole Miller,F,10th,Huang High School,98,57
123,Christopher Fritz,M,9th,Huang High School,88,77
124,Bonnie Mckinney,F,11th,Huang High School,63,65
125,Troy Nelson,M,11th,Huang High School,79,63
126,Jennifer Lee,F,12th,Huang High School,93,66
127,Ronald Ward,M,10th,Huang High School,74,89
128,Nathaniel Hampton,M,11th,Huang High School,70,81
129,Michael Travis,M,11th,Huang High School,65,79
130,James Taylor,M,9th,Huang High School,77,71
131,Thomas Strickland,M,9th,Huang High School,63,77
132,Brittany Jackson,F,9th,Huang High School,79,57
133,Marisa Lowe,F,9th,Huang High School,95,95
134,Nicole Thomas,F,9th,Huang High School,83,59
135,Matthew Rodriguez,M,12th,Huang High School,80,79
136,Kent Fernandez,M,12th,Huang High School,66,58
137,Michelle Martin,F,12th,Huang High School,86,92
138,John Sparks,M,9th,Huang High School,74,91
139,Ann Blake,F,11th,Huang High School,97,75
140,Melissa Miller,F,12th,Huang High School,76,67
141,Steven Houston,M,9th,Huang High School,99,71
142,Kristen Anderson,F,11th,Huang High School,78,76
143,Cory Jones,M,11th,Huang High School,82,73
144,Jennifer Mora,F,10th,Huang High School,98,73
145,Dennis Griffin,M,9th,Huang High School,78,71
146,Darryl Brown,M,10th,Huang High School,98,90
147,Martin Mosley,M,10th,Huang High School,90,67
148,Joyce Diaz,F,10th,Huang High School,85,58
149,Jeffrey Rose,M,12th,Huang High School,81,91
150,Jamie Moreno,F,9th,Huang High School,78,99
151,Catherine Williams,F,9th,Huang High School,66,56
152,Lauren Byrd,F,11th,Huang High School,66,92
153,Vanessa Frazier,F,10th,Huang High School,85,82
154,Stephen Bryant,M,11th,Huang High School,83,77
155,Lawrence Liu,M,12th,Huang High School,82,73
156,Joseph Larsen,M,9th,Huang High School,88,82
157,Susan Collier,F,11th,Huang High School,76,92
158,Meagan Jensen,F,9th,Huang High School,66,67
159,Julie Harper,F,12th,Huang High School,88,73
160,Meghan Carroll,F,12th,Huang High School,75,98
161,Wanda Horton,F,11th,Huang High School,68,88
162,Mary Campbell,F,10th,Huang High School,72,56
163,Jennifer Rodgers,F,11th,Huang High School,83,98
164,Heather Cooper,F,12th,Huang High School,85,61
165,Ryan Perez,M,11th,Huang High School,70,87
166,Ryan Cox,M,12th,Huang High School,95,72
167,Darren Zavala,M,10th,Huang High School,64,84
168,Joseph Morales III,M,10th,Huang High School,64,85
169,Aaron West,M,10th,Huang High School,98,67
170,James Combs,M,10th,Huang High School,65,82
171,Curtis Garner,M,10th,Huang High School,79,78
172,Sarah Miller,F,10th,Huang High School,94,71
173,Samantha Thomas,F,10th,Huang High School,92,62
174,Robert Atkins,M,9th,Huang High School,85,97
175,Alexis Crawford,M,10th,Huang High School,70,82
176,Ryan Maddox,M,11th,Huang High School,80,80
177,Jonathan Meyer,M,9th,Huang High School,65,79
178,Donna Wagner,F,10th,Huang High School,95,61
179,William Kennedy,M,11th,Huang High School,76,56
180,Kimberly Martinez,F,11th,Huang High School,84,83
181,Matthew Anderson,M,11th,Huang High School,92,99
182,Kari Miller,F,9th,Huang High School,88,55
183,Jenna Luna,F,9th,Huang High School,73,91
184,Justin Contreras,M,12th,Huang High School,89,63
185,Mary Fox,F,11th,Huang High School,94,92
186,Joseph Perkins,M,10th,Huang High School,96,76
187,Kelly Phillips,F,12th,Huang High School,78,90
188,Justin Thornton,M,11th,Huang High School,65,61
189,Joshua Barber,M,10th,Huang High School,77,61
190,Travis Jackson,M,11th,Huang High School,86,96
191,Jordan Beasley,F,10th,Huang High School,96,59
192,Kevin Allen,M,12th,Huang High School,68,63
193,Victoria Harris,F,11th,Huang High School,89,59
194,Victoria Joseph,F,12th,Huang High School,72,56
195,Brandy Marshall,F,11th,Huang High School,86,60
196,Ryan Jimenez,M,11th,Huang High School,63,89
197,Michael Chan,M,9th,Huang High School,63,69
198,Christopher Phillips,M,9th,Huang High School,86,55
199,Kevin Murphy,M,10th,Huang High School,85,99
200,Vanessa Harper,F,12th,Huang High School,85,85
201,James Ferguson,M,9th,Huang High School,96,66
202,Carol Schroeder,F,12th,Huang High School,83,61
203,Jerry Phillips,M,10th,Huang High School,82,72
204,Kristin Wade,F,9th,Huang High School,71,56
205,Jessica Warner,F,11th,Huang High School,94,83
206,Dorothy Burke,F,11th,Huang High School,91,92
207,Bethany Walter,F,9th,Huang High School,88,76
208,Melissa Avery,F,9th,Huang High School,83,86
209,Daniel Sutton,M,11th,Huang High School,86,96
210,Ryan Johnson,M,9th,Huang High School,63,79
211,Timothy Quinn,M,10th,Huang High School,83,76
212,Zachary Allen,M,10th,Huang High School,64,87
213,Lauren Schmitt,F,12th,Huang High School,71,61
214,Stephanie Armstrong,F,11th,Huang High School,70,66
215,Ruben Rivera,M,9th,Huang High School,65,79
216,Patricia Petty,F,12th,Huang High School,79,98
217,Joseph Jacobs,M,11th,Huang High School,96,68
218,Bianca Wilson,F,11th,Huang High School,66,62
219,Donald Perez,M,9th,Huang High School,87,79
220,Curtis Gomez,M,9th,Huang High School,77,77
221,Courtney Brown,F,9th,Huang High School,90,88
222,Nicole Randall,F,9th,Huang High School,94,78
223,Steven Lambert,M,11th,Huang High School,64,56
224,Anthony Alvarez,M,10th,Huang High School,93,90
225,Shawn Farrell,M,10th,Huang High School,89,87
226,Jesus Schmidt,M,9th,Huang High School,80,76
227,Laura Wright,F,12th,Huang High School,89,69
228,Steven Smith,M,11th,Huang High School,66,65
229,Norman Thompson,M,9th,Huang High School,99,78
230,Anthony Wright,M,10th,Huang High School,76,64
231,Kayla Watts,F,11th,Huang High School,74,89
232,Aimee Johnson,F,9th,Huang High School,97,55
233,Heidi Scott,F,12th,Huang High School,77,98
234,Anthony Williams,M,10th,Huang High School,78,93
235,Sarah Hill,F,12th,Huang High School,88,97
236,Kim Wang,F,9th,Huang High School,90,71
237,Beth Manning,F,11th,Huang High School,88,92
238,Ryan Hanson,M,12th,Huang High School,87,83
239,James Wood,M,9th,Huang High School,70,81
240,Corey Greene,M,10th,Huang High School,70,94
241,John Carter,M,11th,Huang High School,95,83
242,Beth Garza,F,11th,Huang High School,75,92
243,Karen Jones,F,9th,Huang High School,78,96
244,Stephanie Poole,F,10th,Huang High School,95,59
245,Lisa Brown,F,9th,Huang High School,99,72
246,Paul Scott,M,10th,Huang High School,64,78
247,Evelyn Buck,F,10th,Huang High School,68,60
248,Terry Harrell,M,9th,Huang High School,86,69
249,Leah Skinner,F,11th,Huang High School,70,79
250,Anthony Mercado,M,11th,Huang High School,95,97
251,Walter Kelly,M,9th,Huang High School,80,78
252,Lori Evans,F,10th,Huang High School,99,66
253,Ashley Jones,F,12th,Huang High School,96,72
254,Amber Soto,F,9th,Huang High School,82,60
255,Patrick Phillips,M,10th,Huang High School,64,62
256,Linda Curry,F,11th,Huang High School,74,76
257,Alexander Obrien,M,10th,Huang High School,68,90
258,Vincent Garza,M,10th,Huang High School,97,61
259,Terry Marsh,M,11th,Huang High School,99,69
260,Angela Perkins ,F,11th,Huang High School,76,56
261,Peter Hampton,M,9th,Huang High School,83,97
262,David Cross,M,11th,Huang High School,68,61
263,Clinton Ortega,M,10th,Huang High School,93,62
264,Jamie Escobar,F,10th,Huang High School,91,91
265,Sandra Mason,F,12th,Huang High School,76,83
266,Craig Cole,M,12th,Huang High School,83,92
267,Lisa Warren,F,12th,Huang High School,70,81
268,Maria Howard,F,9th,Huang High School,74,91
269,Michael Porter,M,11th,Huang High School,86,68
270,John Turner,M,11th,Huang High School,78,99
271,Timothy Wang,M,12th,Huang High School,93,75
272,Amanda Taylor,F,9th,Huang High School,73,58
273,Karen Mckenzie,F,9th,Huang High School,82,64
274,Brandon Miles,M,11th,Huang High School,98,76
275,Christina Whitaker,F,12th,Huang High School,86,89
276,Nicole Peterson,F,9th,Huang High School,78,98
277,Ashley Moore,F,9th,Huang High School,67,74
278,Todd Carrillo,M,10th,Huang High School,80,99
279,Robert Williams,M,10th,Huang High School,63,68
280,Ashley Jones,F,9th,Huang High School,92,72
281,Vanessa Parker,F,9th,Huang High School,67,78
282,Robert Carlson,M,12th,Huang High School,73,82
283,Jared Lewis,M,10th,Huang High School,77,56
284,Christopher Hernandez,M,10th,Huang High School,92,64
285,Kimberly Harris,F,9th,Huang High School,66,59
286,Katrina Hill,F,10th,Huang High School,73,73
287,Heather Lee,F,9th,Huang High School,71,69
288,Donald Harmon,M,11th,Huang High School,63,67
289,Elizabeth Sanders,F,10th,Huang High School,82,64
290,Richard Ramsey,M,12th,Huang High School,80,60
291,Carmen Johnson,F,12th,Huang High School,89,79
292,Elaine Osborne,F,10th,Huang High School,91,69
293,Kent Burns,M,9th,Huang High School,81,72
294,Meagan Smith,F,11th,Huang High School,67,87
295,Craig Hahn,M,9th,Huang High School,92,73
296,Jeremy Wu,M,11th,Huang High School,72,81
297,Aaron Rodriguez,M,11th,Huang High School,75,78
298,Matthew Taylor,M,10th,Huang High School,64,63
299,Diana Evans,F,11th,Huang High School,96,94
300,Michele Pearson,F,12th,Huang High School,89,98
301,Erik Wagner,M,12th,Huang High School,92,61
302,Maria Welch,F,12th,Huang High School,74,97
303,Debra Martin,F,12th,Huang High School,68,55
304,Devon Conner,M,9th,Huang High School,91,89
305,Christine Patel,F,9th,Huang High School,99,94
306,David Lopez,M,9th,Huang High School,95,95
307,Nathan Baird,M,11th,Huang High School,68,59
308,Samuel Castillo,M,11th,Huang High School,98,57
309,Rebecca Payne,F,11th,Huang High School,77,66
310,Carl Johnson,M,10th,Huang High School,64,95
311,William Adams,M,12th,Huang High School,85,82
312,Paula Harrison,F,11th,Huang High School,81,91
313,Wayne Atkinson,M,11th,Huang High School,86,63
314,Lindsay Frank,F,9th,Huang High School,92,66
315,Jose Garcia,M,10th,Huang High School,67,84
316,Andrew Gaines,M,12th,Huang High School,68,87
317,Rachael Liu,F,10th,Huang High School,77,79
318,Donald Lewis,M,11th,Huang High School,72,72
319,Shane Edwards,M,9th,Huang High School,74,59
320,Todd Levy,M,12th,Huang High School,91,94
321,Joanna Moore,F,10th,Huang High School,84,66
322,Michael Lewis,M,9th,Huang High School,98,90
323,James Robinson,M,9th,Huang High School,91,60
324,Jeffrey Arellano,M,9th,Huang High School,89,87
325,Heather Allen ,F,11th,Huang High School,96,94
326,Lori Villarreal,F,9th,Huang High School,66,81
327,Robert Harper,M,12th,Huang High School,78,85
328,Karen Villegas,F,9th,Huang High School,76,57
329,Tracey Crane,F,9th,Huang High School,77,97
330,Elizabeth Allen,F,9th,Huang High School,73,77
331,Jorge Lynn,M,11th,Huang High School,93,66
332,Harold Gordon,M,11th,Huang High School,98,66
333,Nicholas Mcclain,M,9th,Huang High School,76,90
334,Tanya Harris,F,11th,Huang High School,85,86
335,Amy Smith,F,12th,Huang High School,93,93
336,Kathy Morse,F,11th,Huang High School,64,91
337,Andrea Wood,F,10th,Huang High School,77,70
338,Maureen Massey,F,9th,Huang High School,98,76
339,Daniel Smith,M,11th,Huang High School,66,81
340,Alexandra Smith,F,11th,Huang High School,78,77
341,Caitlin Hall,F,11th,Huang High School,72,58
342,Jose Carlson,M,11th,Huang High School,90,91
343,Deborah Macias,F,9th,Huang High School,90,87
344,Dwayne Rice,M,11th,Huang High School,99,78
345,Matthew Harris,M,10th,Huang High School,69,80
346,Eric Bowman,M,9th,Huang High School,80,94
347,Samuel Ali,M,9th,Huang High School,66,91
348,David Miller,M,12th,Huang High School,70,92
349,James Moreno,M,11th,Huang High School,89,63
350,Brooke Austin,F,11th,Huang High School,78,98
351,Alisha Martin,F,10th,Huang High School,65,68
352,Neil Rodriguez,M,10th,Huang High School,98,69
353,Gary Williams,M,10th,Huang High School,73,56
354,Michael Pittman,M,12th,Huang High School,89,60
355,Stephanie Palmer,F,10th,Huang High School,85,91
356,Christine Perry,F,11th,Huang High School,92,97
357,Suzanne David,F,10th,Huang High School,83,62
358,Amber Smith,F,12th,Huang High School,82,75
359,Ryan Jones,M,9th,Huang High School,94,62
360,Emily Ford,F,9th,Huang High School,79,61
361,Kelsey Shea,F,12th,Huang High School,85,66
362,Katherine Wallace,F,12th,Huang High School,65,56
363,Erica Conway,F,11th,Huang High School,79,72
364,Tyler Parker,M,11th,Huang High School,88,56
365,Michael Parks,M,9th,Huang High School,93,58
366,Elizabeth Hunt,F,12th,Huang High School,91,58
367,Grant Jackson,M,11th,Huang High School,78,61
368,Daniel Matthews,M,9th,Huang High School,78,78
369,Diana Silva,F,9th,Huang High School,69,82
370,Frank Garza,M,11th,Huang High School,84,95
371,Terri Fischer,F,10th,Huang High School,68,55
372,Robert Goodwin,M,12th,Huang High School,95,92
373,Bobby Ruiz,M,10th,Huang High School,65,97
374,Stephanie Taylor,F,12th,Huang High School,75,97
375,Erin Hill,F,10th,Huang High School,68,98
376,Erin Cohen,F,10th,Huang High School,71,74
377,Jeffrey Morris,M,9th,Huang High School,84,57
378,Elizabeth Simpson,F,10th,Huang High School,97,63
379,Jennifer Davis,F,11th,Huang High School,96,68
380,Rachel Burton,F,9th,Huang High School,75,75
381,Joseph Wilkins,M,9th,Huang High School,66,95
382,Lawrence Montgomery,M,11th,Huang High School,87,70
383,Patricia Howard,F,11th,Huang High School,70,65
384,Jessica Hanson,F,11th,Huang High School,84,55
385,Donna Dean,F,10th,Huang High School,98,77
386,Edwin Reid,M,9th,Huang High School,69,57
387,Jodi Brown,F,12th,Huang High School,70,85
388,Elizabeth Richard,F,9th,Huang High School,90,88
389,Aaron Martinez,M,9th,Huang High School,85,72
390,Stephen Fischer,M,9th,Huang High School,81,88
391,Diana Reeves,F,11th,Huang High School,86,83
392,Jeffrey Eaton,M,10th,Huang High School,99,90
393,Evelyn Miller,F,9th,Huang High School,65,71
394,Christopher Kidd,M,9th,Huang High School,97,55
395,Sarah Adams,F,9th,Huang High School,91,62
396,Melinda Nelson,F,12th,Huang High School,75,82
397,Kevin Brooks,M,11th,Huang High School,78,72
398,John Bowen,M,12th,Huang High School,77,56
399,Tracie Abbott,F,12th,Huang High School,72,69
400,Allen Foster,M,11th,Huang High School,93,65
401,Kathryn Elliott,F,12th,Huang High School,63,91
402,Christopher Walker,M,12th,Huang High School,94,66
403,Cynthia Martin,F,11th,Huang High School,67,59
404,Amanda Bennett,F,11th,Huang High School,88,97
405,Dennis Padilla,M,11th,Huang High School,92,93
406,Antonio Miller,M,11th,Huang High School,63,63
407,Melissa Trevino,F,11th,Huang High School,71,56
408,Andrew King,M,10th,Huang High School,99,80
409,John Martinez,M,11th,Huang High School,68,76
410,Lauren King,F,9th,Huang High School,74,82
411,Stephanie Mercado,F,9th,Huang High School,93,98
412,William Smith,M,11th,Huang High School,69,94
413,Jonathan Marshall,M,12th,Huang High School,86,72
414,Luke Lowery ,M,10th,Huang High School,93,82
415,Emily Reynolds,F,9th,Huang High School,88,99
416,Kevin Mclean,M,9th,Huang High School,86,80
417,Elizabeth Taylor,F,11th,Huang High School,97,84
418,Pamela Rivas,F,11th,Huang High School,84,58
419,Tammy Martin,F,9th,Huang High School,84,64
420,Holly Watkins,F,9th,Huang High School,81,74
421,Patrick Chen,M,9th,Huang High School,67,79
422,Michelle Griffin,F,10th,Huang High School,85,81
423,Theresa Andrews,F,12th,Huang High School,65,58
424,Alan Henry,M,9th,Huang High School,63,81
425,Larry Hines,M,10th,Huang High School,91,59
426,Travis Frazier,M,12th,Huang High School,75,68
427,Julie Jones,F,12th,Huang High School,74,68
428,Natalie Reynolds,F,10th,Huang High School,77,70
429,Jessica Cohen,F,10th,Huang High School,69,98
430,Jason Robinson,M,12th,Huang High School,69,95
431,Heather Palmer,F,9th,Huang High School,78,57
432,Emily Cardenas ,F,10th,Huang High School,77,87
433,Scott Glover,M,12th,Huang High School,65,92
434,Jacqueline White,F,12th,Huang High School,68,67
435,Mrs. Elizabeth Espinoza ,F,9th,Huang High School,76,75
436,Toni Porter,F,11th,Huang High School,92,72
437,Jennifer Mejia,F,11th,Huang High School,90,59
438,Brenda Peterson,F,10th,Huang High School,75,78
439,Paul Hamilton,M,9th,Huang High School,73,72
440,Patricia Nguyen,F,11th,Huang High School,83,56
441,James Ho,M,12th,Huang High School,86,61
442,Elizabeth Cohen,F,10th,Huang High School,97,61
443,Stephanie Lane,F,9th,Huang High School,70,57
444,Dawn Rhodes,F,12th,Huang High School,67,66
445,Theresa Robinson,F,10th,Huang High School,63,65
446,Breanna Mosley,F,9th,Huang High School,85,79
447,Carmen Wilson,F,10th,Huang High School,69,92
448,Ian Brown,M,9th,Huang High School,77,71
449,Kathleen Matthews,F,11th,Huang High School,96,60
450,Bryan Diaz,M,11th,Huang High School,64,84
451,Gina Sweeney,F,11th,Huang High School,81,59
452,Alan Garcia,M,10th,Huang High School,88,60
453,Erik Wheeler,M,10th,Huang High School,94,58
454,Stephanie Robles,F,9th,Huang High School,83,95
455,Samantha Hanson,F,9th,Huang High School,83,61
456,Christopher Williams,M,11th,Huang High School,89,83
457,Stephanie Hart,F,12th,Huang High School,94,63
458,Mrs. Lisa Becker,F,11th,Huang High School,84,68
459,Bianca Johnson,F,9th,Huang High School,92,68
460,Amy Steele,F,12th,Huang High School,67,63
461,Gina Contreras,F,9th,Huang High School,92,92
462,Jaime Alexander,F,10th,Huang High School,93,77
463,Kevin Coleman,M,12th,Huang High School,88,77
464,Caitlin Williams,F,10th,Huang High School,98,79
465,Joseph Lloyd,M,9th,Huang High School,81,89
466,Carrie Hernandez,F,11th,Huang High School,86,92
467,Travis Young,M,10th,Huang High School,81,61
468,Francis Wright,M,12th,Huang High School,63,92
469,Joel Harper,M,9th,Huang High School,99,94
470,Eduardo Park,M,9th,Huang High School,67,62
471,Melissa Yoder,F,10th,Huang High School,95,74
472,Donna Campbell,F,9th,Huang High School,82,64
473,Connie Delacruz,F,9th,Huang High School,64,58
474,Luis Parker,M,9th,Huang High School,89,95
475,Pamela Watts,F,11th,Huang High School,82,58
476,Lindsey Mitchell,F,10th,Huang High School,72,89
477,Brenda Price,F,10th,Huang High School,79,75
478,Joseph Howard,M,10th,Huang High School,90,61
479,Amy Evans,F,10th,Huang High School,92,73
480,Paula Fernandez ,F,9th,Huang High School,69,96
481,Amber Cunningham,F,11th,Huang High School,97,86
482,Preston Wheeler,M,10th,Huang High School,65,56
483,James Lopez,M,9th,Huang High School,68,89
484,Chad Drake,M,11th,Huang High School,67,99
485,Samuel Blackburn,M,11th,Huang High School,73,96
486,Shawn Nielsen,M,9th,Huang High School,86,81
487,Eric Perez,M,10th,Huang High School,83,67
488,Kevin Montgomery,M,12th,Huang High School,67,81
489,Terry Thomas,M,9th,Huang High School,88,65
490,Kim Meyer,F,9th,Huang High School,92,66
491,Michael Townsend,M,10th,Huang High School,95,78
492,Ronnie Rodriguez,M,10th,Huang High School,71,79
493,Savannah Smith,F,10th,Huang High School,95,79
494,Shane Nguyen,M,10th,Huang High School,74,65
495,Michael Brown,M,12th,Huang High School,99,71
496,Robert Young,M,9th,Huang High School,70,72
497,Daniel Griffin,M,9th,Huang High School,74,98
498,James Johnson,M,11th,Huang High School,73,80
499,Mary Cox,F,10th,Huang High School,97,79
500,Tina Aguirre,F,10th,Huang High School,86,90
501,Jillian Mcdonald,F,9th,Huang High School,64,70
502,Matthew Branch,M,10th,Huang High School,71,89
503,Christopher Jordan,M,11th,Huang High School,78,84
504,Victor Mcguire,M,11th,Huang High School,93,94
505,Erin Arnold,F,10th,Huang High School,96,78
506,Nicholas Wu,M,10th,Huang High School,85,74
507,Kristen Wilson,F,12th,Huang High School,72,89
508,Morgan Moore,F,10th,Huang High School,63,84
509,Stephen Smith,M,9th,Huang High School,90,90
510,Jeremy Romero,M,10th,Huang High School,76,58
511,Julie Bush,F,9th,Huang High School,96,97
512,Brittany Taylor,F,11th,Huang High School,81,58
513,James Kim,M,10th,Huang High School,89,70
514,Ashley Roberts,F,10th,Huang High School,93,66
515,Brandon Johnson,M,10th,Huang High School,80,74
516,David Davenport,M,12th,Huang High School,89,61
517,Mark Washington,M,9th,Huang High School,84,78
518,Alicia Marshall,F,9th,Huang High School,97,84
519,Barbara Santana,F,12th,Huang High School,90,69
520,Samantha Parker,F,10th,Huang High School,88,72
521,Joseph Walters,M,11th,Huang High School,82,76
522,Michael Zamora,M,11th,Huang High School,96,94
523,Kyle Cobb,M,11th,Huang High School,72,87
524,Jill Clark,F,10th,Huang High School,76,92
525,Sarah Warren,F,11th,Huang High School,93,91
526,Jennifer Robinson,F,10th,Huang High School,89,85
527,Patricia Johnson,F,11th,Huang High School,79,68
528,Henry Evans,M,10th,Huang High School,68,88
529,Alexander Ramsey,M,10th,Huang High School,63,90
530,Brandon Stephens,M,10th,Huang High School,89,94
531,Jeff Holland,M,9th,Huang High School,72,79
532,Samuel Schultz,M,10th,Huang High School,93,93
533,Brett Johnson,M,11th,Huang High School,66,72
534,Daniel Sherman,M,12th,Huang High School,64,63
535,Justin Mccall,M,11th,Huang High School,81,56
536,Jonathan Evans,M,9th,Huang High School,99,83
537,Jacqueline Kennedy,F,11th,Huang High School,63,69
538,Martin Stephenson,M,10th,Huang High School,96,63
539,Lindsey Lane,F,9th,Huang High School,90,81
540,Jessica Hart,F,10th,Huang High School,95,98
541,Edward Lucas,M,10th,Huang High School,76,98
542,Lisa Osborne,F,9th,Huang High School,86,69
543,Hannah Black,F,9th,Huang High School,80,94
544,Alexander Paul,M,9th,Huang High School,72,65
545,Brenda Wong,F,12th,Huang High School,63,78
546,Thomas Delgado,M,12th,Huang High School,86,80
547,Jeremy Sutton,M,9th,Huang High School,74,95
548,Paula Donaldson,F,9th,Huang High School,64,85
549,Valerie Thompson,F,9th,Huang High School,97,94
550,John Schaefer,M,12th,Huang High School,96,86
551,Jesus Manning,M,11th,Huang High School,73,95
552,Tyrone Lawson,M,10th,Huang High School,73,87
553,Carl May,M,10th,Huang High School,72,58
554,Brittany Russell,F,12th,Huang High School,67,55
555,Philip Edwards,M,9th,Huang High School,64,55
556,Robert Aguilar,M,9th,Huang High School,88,82
557,Aaron Russo,M,10th,Huang High School,92,60
558,Tracy Andrade,M,9th,Huang High School,96,77
559,Amy Sullivan,F,12th,Huang High School,73,60
560,Howard Beck,M,10th,Huang High School,79,65
561,Xavier Bell II,M,11th,Huang High School,84,91
562,Dawn Schultz,F,10th,Huang High School,96,88
563,Caleb Lucas,M,12th,Huang High School,74,68
564,Barbara Gonzalez,F,10th,Huang High School,94,92
565,Charles Yang,M,10th,Huang High School,79,70
566,David Gallagher,M,12th,Huang High School,77,79
567,Bethany Vargas,F,11th,Huang High School,91,87
568,Jennifer Schultz,F,12th,Huang High School,81,74
569,Paula Marshall,F,9th,Huang High School,76,66
570,Jordan Elliott,M,11th,Huang High School,89,69
571,Samantha Mcmillan,F,12th,Huang High School,77,56
572,Judith Johnson,F,9th,Huang High School,77,56
573,Grace Palmer,F,10th,Huang High School,91,73
574,Brandon Ramirez,M,10th,Huang High School,93,96
575,Carol Smith,F,10th,Huang High School,72,87
576,Matthew Odom,M,9th,Huang High School,91,90
577,Erika Gray,F,10th,Huang High School,79,62
578,Donna Kramer,F,11th,Huang High School,85,86
579,Jonathan Snyder,M,10th,Huang High School,71,78
580,Frank Howe,M,11th,Huang High School,80,89
581,Amy Beck,F,9th,Huang High School,83,83
582,Lori Holmes,F,9th,Huang High School,72,94
583,Rebekah Hampton,F,11th,Huang High School,77,81
584,Perry Bishop,M,9th,Huang High School,85,73
585,Andrew Hanson ,M,12th,Huang High School,73,73
586,Jody Hughes,F,11th,Huang High School,96,76
587,Anna Garcia,F,11th,Huang High School,78,97
588,Colleen Walker,F,11th,Huang High School,90,74
589,Danny Bridges,M,11th,Huang High School,83,66
590,Kristina Ford,F,10th,Huang High School,92,75
591,Sabrina Davidson,F,9th,Huang High School,93,68
592,Alexander Freeman,M,9th,Huang High School,73,86
593,Jack Davis,M,9th,Huang High School,63,93
594,Victor Rivera,M,11th,Huang High School,79,87
595,Elizabeth Pena,F,11th,Huang High School,93,56
596,Neil Castro,M,12th,Huang High School,69,92
597,Michael Briggs,M,10th,Huang High School,85,90
598,Anna Andersen,F,9th,Huang High School,77,81
599,Elizabeth Oconnor,F,9th,Huang High School,77,59
600,Zachary Brooks,M,11th,Huang High School,91,72
601,Scott Jackson,M,12th,Huang High School,74,74
602,Mary Fuentes,F,12th,Huang High School,69,81
603,Denise Reyes,F,11th,Huang High School,75,61
604,Janice Collier,F,9th,Huang High School,91,85
605,Tina Barber,F,10th,Huang High School,96,80
606,Keith Rojas,M,12th,Huang High School,78,96
607,Michelle Decker,F,11th,Huang High School,82,57
608,James Smith,M,9th,Huang High School,65,60
609,Alexandra Thompson,F,10th,Huang High School,70,71
610,Jacqueline Campbell,F,11th,Huang High School,78,92
611,Austin Clark,M,10th,Huang High School,71,85
612,Brooke Thomas,F,10th,Huang High School,86,95
613,Molly Smith,F,9th,Huang High School,96,72
614,Pamela Beck,F,9th,Huang High School,82,67
615,Timothy Morris,M,12th,Huang High School,72,85
616,Lauren White,F,10th,Huang High School,94,71
617,Jessica Beltran,F,11th,Huang High School,82,72
618,Alexandra Jones,F,9th,Huang High School,75,76
619,Evelyn Rice,F,9th,Huang High School,87,75
620,Stephen Ellis,M,9th,Huang High School,72,93
621,Caroline Smith,F,12th,Huang High School,79,96
622,Fred Case,M,10th,Huang High School,70,68
623,Crystal Anderson,F,11th,Huang High School,68,91
624,Jordan Gross,F,9th,Huang High School,90,97
625,Marie Harris,F,12th,Huang High School,78,79
626,Charles Hayes,M,11th,Huang High School,63,78
627,Beverly Sheppard,F,11th,Huang High School,82,78
628,Denise Solis,F,12th,Huang High School,96,82
629,Alexander Myers,M,11th,Huang High School,75,66
630,Sally Robertson,F,12th,Huang High School,63,93
631,Steven Morris,M,12th,Huang High School,73,57
632,Nina Flores,F,10th,Huang High School,79,62
633,Miguel Patterson,M,9th,Huang High School,82,80
634,John Simpson,M,10th,Huang High School,86,72
635,Charles Cruz,M,11th,Huang High School,76,58
636,Monica Davis,F,9th,Huang High School,86,84
637,James Fields,M,12th,Huang High School,95,88
638,Kevin Frederick,M,9th,Huang High School,93,74
639,Jeremy Soto,M,11th,Huang High School,87,61
640,Ronald Harris,M,9th,Huang High School,92,75
641,Carol Stewart,F,10th,Huang High School,88,73
642,Albert Durham,M,9th,Huang High School,65,71
643,James Sanchez,M,12th,Huang High School,91,84
644,John Adams,M,11th,Huang High School,81,61
645,Cody Williams,M,10th,Huang High School,72,98
646,Ernest Love,M,9th,Huang High School,87,93
647,Tommy Smith,M,9th,Huang High School,70,98
648,Jared Anderson,M,11th,Huang High School,73,86
649,Jennifer Yang,F,9th,Huang High School,87,55
650,Joe Mercado,M,9th,Huang High School,65,57
651,Roberto Wright ,M,11th,Huang High School,73,97
652,Michael Smith,M,10th,Huang High School,88,66
653,William Park,M,10th,Huang High School,65,70
654,Benjamin Williams,M,11th,Huang High School,72,96
655,Dean Perez,M,11th,Huang High School,92,94
656,Dale Miller,M,10th,Huang High School,94,87
657,Marissa Russell,F,9th,Huang High School,74,68
658,Mary Gonzalez ,F,12th,Huang High School,66,71
659,April Jackson,F,10th,Huang High School,93,55
660,William Hayes,M,9th,Huang High School,95,81
661,Meghan Holloway,F,11th,Huang High School,92,97
662,Amy Coleman,F,12th,Huang High School,90,76
663,James Green,M,10th,Huang High School,84,58
664,Michael Tran,M,10th,Huang High School,81,67
665,Joseph Cortez,M,11th,Huang High School,86,97
666,Anita Moss,F,10th,Huang High School,97,81
667,Benjamin Stokes,M,11th,Huang High School,69,91
668,Michael Li,M,11th,Huang High School,75,89
669,Alexander Rosales,M,11th,Huang High School,90,55
670,Katie Dawson,F,10th,Huang High School,94,83
671,Shelly Erickson,F,10th,Huang High School,92,59
672,Kathryn Turner,F,11th,Huang High School,81,80
673,Jacob Lee,M,10th,Huang High School,76,64
674,Ryan Smith,M,10th,Huang High School,87,98
675,Joshua Fernandez,M,11th,Huang High School,98,78
676,Mia Roach,F,9th,Huang High School,86,80
677,William Rodriguez,M,11th,Huang High School,75,99
678,Wanda Cruz,F,10th,Huang High School,74,77
679,Pamela Hall,F,11th,Huang High School,95,98
680,David Smith,M,9th,Huang High School,76,93
681,Jason Brown,M,9th,Huang High School,98,85
682,Chelsea Alexander,F,12th,Huang High School,77,73
683,Kimberly Tate,F,9th,Huang High School,72,88
684,Daniel Williams,M,10th,Huang High School,81,78
685,Terri Jacobson,F,11th,Huang High School,69,77
686,Paul Harris,M,10th,Huang High School,74,67
687,Jessica Thompson,F,10th,Huang High School,84,92
688,Nancy Hawkins,F,9th,Huang High School,82,61
689,Deborah Phillips,F,12th,Huang High School,76,68
690,Mark Mendoza,M,9th,Huang High School,75,68
691,Stephen Williamson,M,9th,Huang High School,71,94
692,Jennifer Strong,F,12th,Huang High School,88,87
693,Matthew Moore,M,12th,Huang High School,75,90
694,Raymond Parker,M,9th,Huang High School,98,73
695,Lee Evans,M,10th,Huang High School,93,95
696,Curtis Rodriguez,M,10th,Huang High School,77,90
697,Sara Morris,F,11th,Huang High School,67,57
698,Dawn Palmer,F,9th,Huang High School,89,86
699,Brianna Benson,F,11th,Huang High School,95,95
700,Luis Watts,M,11th,Huang High School,83,99
701,Mrs. Cindy Brown,F,12th,Huang High School,94,63
702,Summer Sandoval,F,9th,Huang High School,84,65
703,Ashley Smith,F,12th,Huang High School,87,64
704,Randy Wallace,M,10th,Huang High School,93,87
705,Angela Simmons,F,11th,Huang High School,80,99
706,Sandra Haley,F,11th,Huang High School,81,84
707,George Morgan,M,10th,Huang High School,72,99
708,Melissa Ali,F,11th,Huang High School,64,69
709,Matthew Oliver,M,9th,Huang High School,92,95
710,Michael Kirk,M,9th,Huang High School,96,56
711,Terry Khan,M,9th,Huang High School,89,85
712,Kristie Elliott,F,9th,Huang High School,63,58
713,Joel Campbell,M,9th,Huang High School,69,73
714,Anthony Henderson,M,10th,Huang High School,83,74
715,Brent Christensen,M,9th,Huang High School,63,71
716,Heidi Hayes,F,10th,Huang High School,97,57
717,Ryan Mcbride,M,10th,Huang High School,85,83
718,Kyle Murillo,M,10th,Huang High School,97,76
719,Angela Powell,F,11th,Huang High School,70,56
720,Jeanette Simmons,F,11th,Huang High School,96,96
721,Adam Vance,M,10th,Huang High School,72,73
722,Kristen Murray,F,9th,Huang High School,93,59
723,Jessica Burnett,F,11th,Huang High School,82,58
724,Alex Walker,M,11th,Huang High School,73,64
725,Robert Phillips,M,9th,Huang High School,84,63
726,Elizabeth Martinez,F,9th,Huang High School,78,99
727,Kristina Young,F,9th,Huang High School,95,83
728,Sarah Morgan,F,10th,Huang High School,80,57
729,Cheryl Harding,F,12th,Huang High School,84,62
730,Keith Hunter,M,9th,Huang High School,79,67
731,Todd Williams,M,11th,Huang High School,98,79
732,James White ,M,11th,Huang High School,79,60
733,Kyle Johnson,M,11th,Huang High School,93,92
734,Andrea Suarez,F,12th,Huang High School,92,93
735,Michael Sanchez,M,9th,Huang High School,72,91
736,Jaime Torres,F,11th,Huang High School,92,78
737,Donald Gill ,M,9th,Huang High School,78,58
738,Austin Lee,M,10th,Huang High School,71,61
739,Adrian Bowman,M,12th,Huang High School,92,79
740,Julie Perez,F,10th,Huang High School,63,88
741,Debra Maxwell,F,12th,Huang High School,96,94
742,Bradley Phillips,M,9th,Huang High School,70,55
743,Sonya Simmons,F,9th,Huang High School,92,96
744,Eric Miller,M,12th,Huang High School,88,90
745,Charles Berger,M,10th,Huang High School,66,91
746,Mary Monroe,F,10th,Huang High School,92,92
747,Destiny Burns,F,11th,Huang High School,69,75
748,Patrick Khan,M,9th,Huang High School,70,86
749,Nathaniel Henson,M,12th,Huang High School,81,80
750,Larry Miller,M,9th,Huang High School,77,56
751,Timothy French,M,10th,Huang High School,99,55
752,Xavier Mitchell,M,12th,Huang High School,63,95
753,Jason Crosby,M,11th,Huang High School,66,97
754,Joshua Johnson,M,10th,Huang High School,69,55
755,Alyssa Clark,F,12th,Huang High School,69,68
756,Jonathan Cooper,M,10th,Huang High School,74,55
757,Mark Hunt,M,9th,Huang High School,88,61
758,Norman Moore,M,10th,Huang High School,86,72
759,Brian Atkins,M,9th,Huang High School,84,81
760,Zachary Jones,M,12th,Huang High School,74,80
761,Danielle Wong,F,10th,Huang High School,98,83
762,Patricia Lane,F,12th,Huang High School,87,71
763,Joshua Rose,M,9th,Huang High School,79,73
764,Hannah Montes,F,10th,Huang High School,80,83
765,Mrs. Catherine Williams ,F,10th,Huang High School,98,60
766,Michael Jenkins,M,11th,Huang High School,93,96
767,James Scott,M,11th,Huang High School,78,81
768,Evan Ballard,M,11th,Huang High School,81,61
769,Andrea Miller,F,10th,Huang High School,83,60
770,Jasmine Lynch,F,12th,Huang High School,99,90
771,Jennifer Fox,F,10th,Huang High School,66,91
772,Jared Castro,M,10th,Huang High School,96,60
773,Eugene Cox,M,12th,Huang High School,66,81
774,Wendy Wilson,F,10th,Huang High School,76,79
775,Debbie Smith,F,10th,Huang High School,76,82
776,Michael Fletcher,M,10th,Huang High School,85,65
777,Jay Waters,M,10th,Huang High School,64,65
778,Melissa Martinez,F,10th,Huang High School,98,90
779,Cory Howard,M,9th,Huang High School,90,77
780,Mitchell Hanson,M,10th,Huang High School,75,65
781,Corey Boyer,M,9th,Huang High School,84,94
782,Elizabeth Gonzalez,F,10th,Huang High School,91,55
783,Robert Hutchinson,M,11th,Huang High School,96,98
784,David Hernandez,M,9th,Huang High School,98,87
785,Tammy Jordan,F,12th,Huang High School,85,69
786,Denise Johnson,F,9th,Huang High School,88,93
787,Brandi Copeland,F,12th,Huang High School,82,72
788,Evan Marshall,M,9th,Huang High School,82,63
789,Gregory Long,M,10th,Huang High School,94,74
790,Kristen Underwood,F,11th,Huang High School,99,60
791,Walter French,M,12th,Huang High School,88,70
792,Edwin Thompson,M,10th,Huang High School,99,89
793,Edward Rivera,M,12th,Huang High School,94,65
794,Brandon Wilson,M,10th,Huang High School,68,69
795,Alejandra Todd,F,11th,Huang High School,93,66
796,Dana Hoffman,F,10th,Huang High School,83,67
797,David Howard,M,11th,Huang High School,75,93
798,Ashley Caldwell ,F,12th,Huang High School,85,56
799,Cindy Horn,F,9th,Huang High School,91,67
800,Kevin Armstrong,M,10th,Huang High School,74,92
801,Stacey Porter,F,11th,Huang High School,98,66
802,Patrick Hunt,M,12th,Huang High School,75,62
803,David White,M,12th,Huang High School,86,62
804,Tammy Black,F,9th,Huang High School,85,59
805,Joanna Williams,F,11th,Huang High School,94,65
806,Becky Moran,F,9th,Huang High School,93,84
807,Brenda Smith,F,12th,Huang High School,84,68
808,Gabrielle Webb,F,12th,Huang High School,78,99
809,Jared Campbell,M,10th,Huang High School,75,62
810,Ryan Jenkins,M,9th,Huang High School,76,92
811,Thomas Shepard,M,9th,Huang High School,86,89
812,Jeremiah Boyd,M,10th,Huang High School,73,70
813,Matthew White,M,12th,Huang High School,65,94
814,Christina Anderson,F,11th,Huang High School,89,85
815,Edward Olson,M,11th,Huang High School,83,66
816,Emily Bryant,F,9th,Huang High School,94,81
817,Amy Guzman,F,10th,Huang High School,67,58
818,Kathleen Owens,F,9th,Huang High School,76,97
819,John Davila,M,9th,Huang High School,91,84
820,Nicole King,F,11th,Huang High School,66,57
821,Jason Villarreal,M,9th,Huang High School,67,74
822,Matthew Washington,M,10th,Huang High School,84,92
823,Peter Simpson,M,11th,Huang High School,67,87
824,Cristian Espinoza,M,11th,Huang High School,83,76
825,Steven Fry,M,10th,Huang High School,79,93
826,David Miller,M,9th,Huang High School,83,85
827,Tamara Hernandez,F,12th,Huang High School,83,73
828,Jordan Lewis,M,9th,Huang High School,86,78
829,Carol Anderson,F,9th,Huang High School,97,93
830,Michael Moreno PhD,M,12th,Huang High School,97,77
831,Nicholas Logan,M,11th,Huang High School,67,68
832,Paul Anderson,M,9th,Huang High School,96,96
833,Jason Young,M,10th,Huang High School,74,55
834,Wesley Martin,M,11th,Huang High School,69,92
835,Karen Wall,F,11th,Huang High School,97,58
836,Tara Parker ,F,12th,Huang High School,67,89
837,Michael Reyes,M,12th,Huang High School,69,75
838,Amy Henderson,F,10th,Huang High School,91,99
839,Jessica Reed,F,12th,Huang High School,85,62
840,Joseph Miranda,M,9th,Huang High School,71,79
841,Mackenzie Jones,F,9th,Huang High School,77,94
842,Jon Espinoza,M,10th,Huang High School,77,87
843,Kelly Medina,F,10th,Huang High School,69,83
844,Jason Rubio,M,11th,Huang High School,87,56
845,Jennifer Munoz,F,10th,Huang High School,98,94
846,Christopher Warner,M,12th,Huang High School,73,69
847,Vincent Thomas,M,9th,Huang High School,95,61
848,Andrew Young,M,9th,Huang High School,68,74
849,David Jenkins,M,10th,Huang High School,73,93
850,Daniel Stephens,M,12th,Huang High School,87,64
851,Elizabeth Lewis,F,9th,Huang High School,72,63
852,Aaron Moore,M,9th,Huang High School,85,70
853,Lisa Hogan,F,11th,Huang High School,95,55
854,Shawn Williams ,M,12th,Huang High School,90,84
855,Michele Dickerson,F,9th,Huang High School,73,67
856,Alicia Martinez,F,11th,Huang High School,78,62
857,Timothy Anderson,M,12th,Huang High School,67,90
858,Sierra Jackson,F,11th,Huang High School,95,81
859,Sharon Taylor,F,10th,Huang High School,68,94
860,Jeffrey Smith,M,9th,Huang High School,72,64
861,Mark Taylor,M,11th,Huang High School,86,55
862,Christina Ross,F,10th,Huang High School,73,69
863,Judy Hall,F,11th,Huang High School,82,74
864,Jennifer Fox,F,10th,Huang High School,76,93
865,Kenneth Moran,M,12th,Huang High School,99,76
866,Gerald Ferguson,M,11th,Huang High School,85,96
867,Albert Carter,M,12th,Huang High School,63,84
868,Michael Reilly,M,12th,Huang High School,82,80
869,Kathleen Schwartz,F,11th,Huang High School,90,69
870,Stacey Harris,F,11th,Huang High School,65,92
871,Mrs. Paula Lee,F,9th,Huang High School,72,98
872,Adrian Black,M,10th,Huang High School,99,85
873,Rita Moreno,F,10th,Huang High School,71,65
874,Jason Perry,M,11th,Huang High School,97,59
875,Scott Ortiz,M,10th,Huang High School,64,60
876,Randy Mueller,M,9th,Huang High School,71,99
877,Samantha Anderson,F,10th,Huang High School,78,92
878,Phillip Brown,M,11th,Huang High School,87,90
879,Christina Kerr,F,11th,Huang High School,67,74
880,Derrick Hill,M,9th,Huang High School,90,96
881,Nathan Bond,M,12th,Huang High School,82,55
882,Marie Wilson,F,10th,Huang High School,84,77
883,Caitlin Jones,F,11th,Huang High School,63,71
884,Barbara Campbell,F,10th,Huang High School,78,89
885,Katie Gonzales,F,10th,Huang High School,82,62
886,Elijah Hall,M,9th,Huang High School,87,63
887,James Sanders,M,12th,Huang High School,70,85
888,Nicholas Martinez,M,10th,Huang High School,87,56
889,Maria Mack,F,9th,Huang High School,68,83
890,Mary Mason,F,10th,Huang High School,74,90
891,Tiffany Campbell,F,9th,Huang High School,87,80
892,Raymond Stone,M,11th,Huang High School,87,66
893,Dominique Henderson,F,12th,Huang High School,77,74
894,Martin Williams,M,11th,Huang High School,66,88
895,Hannah Parker,F,11th,Huang High School,81,71
896,Susan Webb,F,9th,Huang High School,85,55
897,Rachel Johnson,F,9th,Huang High School,63,89
898,Darren Davis,M,9th,Huang High School,86,97
899,Tim Carr,M,9th,Huang High School,83,70
900,Jesus Ryan,M,10th,Huang High School,83,83
901,John Hays,M,10th,Huang High School,92,74
902,Scott Stewart,M,12th,Huang High School,83,88
903,Alexandra Roberts,F,9th,Huang High School,87,84
904,Amanda Norman,F,9th,Huang High School,83,67
905,James Moody,M,11th,Huang High School,87,68
906,Brenda Jones,F,9th,Huang High School,65,80
907,Kathy Smith,F,12th,Huang High School,90,84
908,Raymond Clark,M,12th,Huang High School,67,92
909,Ashley Martin,F,11th,Huang High School,67,79
910,Tamara Flowers,F,9th,Huang High School,93,58
911,Cesar Hanson,M,12th,Huang High School,82,92
912,Ross Strickland,M,10th,Huang High School,63,66
913,Randy Moore,M,12th,Huang High School,82,92
914,Henry Andersen,M,12th,Huang High School,70,67
915,Paul Martin,M,9th,Huang High School,83,77
916,Sarah Stanley,F,12th,Huang High School,72,55
917,Jordan Lewis,M,12th,Huang High School,98,80
918,Ashley Richardson,F,10th,Huang High School,69,55
919,Michael Brown,M,12th,Huang High School,88,98
920,Jason Davis,M,11th,Huang High School,99,70
921,Wendy Mcclain,F,12th,Huang High School,88,94
922,Troy Williams,M,9th,Huang High School,85,56
923,Carrie Alexander,F,10th,Huang High School,85,97
924,Kyle Ware,M,10th,Huang High School,73,62
925,Michael Robinson,M,9th,Huang High School,94,66
926,Roger Wilson,M,10th,Huang High School,98,87
927,Teresa Fuller,F,9th,Huang High School,95,62
928,Craig Silva,M,9th,Huang High School,98,90
929,Duane Thomas,M,9th,Huang High School,76,63
930,Jon Crosby,M,12th,Huang High School,76,72
931,Jon Steele,M,11th,Huang High School,96,83
932,Daniel Shaw,M,9th,Huang High School,65,55
933,Gwendolyn Williams,F,9th,Huang High School,84,83
934,Angela Hess,F,9th,Huang High School,94,61
935,Cameron Arnold,M,11th,Huang High School,80,56
936,Janice Garcia,F,12th,Huang High School,73,65
937,Anne Bullock,F,11th,Huang High School,77,95
938,Katie Moody,F,9th,Huang High School,88,71
939,Kayla Rivas,F,9th,Huang High School,68,63
940,Danny Pearson,M,9th,Huang High School,80,69
941,Billy Robles,M,11th,Huang High School,86,88
942,Michelle Delgado,F,11th,Huang High School,98,86
943,Cindy Harrison,F,11th,Huang High School,73,95
944,John Dickerson ,M,10th,Huang High School,95,60
945,Tina Armstrong,F,11th,Huang High School,86,74
946,Alex Franklin,M,12th,Huang High School,92,80
947,Ryan King,M,10th,Huang High School,80,81
948,Christine Guzman,F,9th,Huang High School,80,87
949,Helen Malone,F,10th,Huang High School,72,78
950,Benjamin Carpenter,M,9th,Huang High School,80,94
951,Mrs. Jessica Dunn,F,10th,Huang High School,91,80
952,Jessica Kaiser,F,12th,Huang High School,66,90
953,Brandon Black,M,11th,Huang High School,81,79
954,David Hernandez,M,11th,Huang High School,70,77
955,Brenda Turner,F,9th,Huang High School,65,82
956,Katherine Black,F,11th,Huang High School,87,58
957,Larry Santos,M,10th,Huang High School,71,59
958,Zachary Dominguez,M,9th,Huang High School,83,76
959,Tanya Fernandez,F,11th,Huang High School,67,57
960,Joseph Nichols,M,10th,Huang High School,76,76
961,Rebecca Martinez,F,11th,Huang High School,77,69
962,Traci Ramirez,F,10th,Huang High School,95,99
963,Ryan Bauer,M,10th,Huang High School,66,66
964,Joshua Williams,M,11th,Huang High School,66,62
965,Devon Foley,M,9th,Huang High School,73,81
966,Heidi Walter,F,12th,Huang High School,83,95
967,Mario Nguyen,M,12th,Huang High School,94,85
968,Jordan Hernandez,M,9th,Huang High School,97,78
969,William Miller,M,11th,Huang High School,84,79
970,Nicholas Chung,M,10th,Huang High School,64,85
971,Christine Cooley,F,11th,Huang High School,87,80
972,Carrie Nelson,F,11th,Huang High School,83,59
973,Crystal Fowler,F,10th,Huang High School,63,81
974,Lori Taylor,F,9th,Huang High School,79,63
975,Michael Stevenson,M,11th,Huang High School,77,66
976,Matthew Holmes,M,10th,Huang High School,77,72
977,David Walls,M,10th,Huang High School,72,77
978,Megan Martin,F,9th,Huang High School,96,56
979,Karen Peterson,F,12th,Huang High School,86,83
980,Kristen Wallace,F,12th,Huang High School,92,57
981,Mark Peterson,M,10th,Huang High School,79,70
982,Jason Jones ,M,10th,Huang High School,98,67
983,Keith Barber,M,11th,Huang High School,78,73
984,Patrick Green,M,11th,Huang High School,74,76
985,Antonio Lopez,M,9th,Huang High School,70,97
986,Travis Peterson,M,9th,Huang High School,81,85
987,Gabriel Hunter,M,10th,Huang High School,67,93
988,Amanda Ross,F,11th,Huang High School,78,81
989,Samuel Thompson,M,9th,Huang High School,69,81
990,Robert Bowman,M,12th,Huang High School,96,75
991,Cynthia Cox,F,10th,Huang High School,65,66
992,Brittany Miller,F,9th,Huang High School,72,71
993,Eric Torres,M,12th,Huang High School,85,70
994,Sandra Calhoun,F,9th,Huang High School,65,63
995,Jacob Bailey,M,11th,Huang High School,89,60
996,Jessica Harris,F,11th,Huang High School,63,75
997,Molly Carr,F,11th,Huang High School,83,96
998,Keith Davis,M,9th,Huang High School,72,90
999,Adriana Wade ,F,12th,Huang High School,88,67
1000,Elizabeth Fernandez,F,10th,Huang High School,81,73
1001,Theresa Young,F,10th,Huang High School,99,89
1002,Ruth Garcia,F,11th,Huang High School,98,73
1003,Robin Mccoy,F,9th,Huang High School,68,71
1004,Ana Schmidt,F,9th,Huang High School,69,88
1005,Amanda Shelton,F,12th,Huang High School,96,57
1006,John Bryant,M,9th,Huang High School,93,82
1007,Kristin Zimmerman,F,12th,Huang High School,89,68
1008,Marie Green,F,10th,Huang High School,96,57
1009,Cindy Williams,F,9th,Huang High School,89,94
1010,Cynthia Bryan,F,10th,Huang High School,89,80
1011,Mario Horne,M,9th,Huang High School,85,98
1012,Erin Mitchell,F,11th,Huang High School,73,76
1013,Thomas Bush,M,10th,Huang High School,74,91
1014,Kayla Watkins,F,12th,Huang High School,78,93
1015,Erica Hurley ,F,11th,Huang High School,98,83
1016,Anthony Stanley,M,12th,Huang High School,87,93
1017,Cassandra Fox,F,10th,Huang High School,85,84
1018,Christina Cox,F,9th,Huang High School,91,69
1019,Megan Higgins,F,10th,Huang High School,97,89
1020,Daniel Ward,M,12th,Huang High School,74,98
1021,Gary Ray,M,12th,Huang High School,88,81
1022,Jill Salazar,F,10th,Huang High School,99,58
1023,Joshua Reed,M,12th,Huang High School,85,89
1024,Michael Crosby,M,11th,Huang High School,96,91
1025,David Lewis,M,10th,Huang High School,93,61
1026,Todd Cunningham,M,9th,Huang High School,94,62
1027,Amber Curry,F,12th,Huang High School,66,80
1028,Nicole Shepherd,F,11th,Huang High School,96,86
1029,Karl Woods,M,12th,Huang High School,67,84
1030,Dennis Rodriguez,M,12th,Huang High School,77,59
1031,Ashley Rangel,F,10th,Huang High School,71,67
1032,Desiree Green,F,9th,Huang High School,98,98
1033,Kurt Hopkins,M,11th,Huang High School,70,85
1034,Emma Brown,F,9th,Huang High School,94,93
1035,Patrick Williams,M,11th,Huang High School,72,55
1036,Charles Leonard,M,10th,Huang High School,67,91
1037,Seth Smith,M,10th,Huang High School,90,80
1038,Jason Walsh,M,9th,Huang High School,83,83
1039,Heather Wagner,F,9th,Huang High School,66,76
1040,Rickey Ramirez,M,10th,Huang High School,82,94
1041,Garrett Wright,M,9th,Huang High School,99,64
1042,Peter Robinson,M,11th,Huang High School,86,98
1043,Alex Haas,M,9th,Huang High School,97,96
1044,Justin Jones,M,11th,Huang High School,85,80
1045,Benjamin Cordova,M,10th,Huang High School,96,55
1046,William Salinas,M,10th,Huang High School,70,92
1047,Jacob Lopez,M,9th,Huang High School,83,96
1048,Matthew Valenzuela,M,11th,Huang High School,78,78
1049,Paul Mcdonald,M,9th,Huang High School,98,59
1050,Michael Reynolds,M,11th,Huang High School,65,74
1051,Tracy Lowery,F,9th,Huang High School,90,65
1052,Cory Bailey,M,11th,Huang High School,63,83
1053,James Randolph,M,10th,Huang High School,89,94
1054,Katherine Stewart,F,12th,Huang High School,69,64
1055,Billy Dalton,M,12th,Huang High School,92,75
1056,Sara Kerr,F,9th,Huang High School,75,79
1057,Sarah Booker,F,11th,Huang High School,64,97
1058,Tina Compton,F,9th,Huang High School,77,73
1059,Scott Solis,M,11th,Huang High School,90,87
1060,Jesus Benton,M,9th,Huang High School,82,65
1061,Adam Harrison,M,10th,Huang High School,95,97
1062,Jacob Byrd,M,9th,Huang High School,74,95
1063,Alison Odonnell,F,10th,Huang High School,92,98
1064,Carlos Preston,M,9th,Huang High School,94,99
1065,Randy Jones,M,12th,Huang High School,96,83
1066,Daniel Gray,M,12th,Huang High School,66,75
1067,James Foster,M,9th,Huang High School,95,96
1068,David Rivera,M,11th,Huang High School,95,58
1069,Jessica Porter,F,9th,Huang High School,86,67
1070,Jenny Cortez,F,11th,Huang High School,64,60
1071,Anne Williams,F,10th,Huang High School,72,66
1072,Joshua Andrade,M,12th,Huang High School,79,68
1073,Martin Smith,M,9th,Huang High School,80,90
1074,Laurie Wright,F,10th,Huang High School,78,96
1075,Manuel Turner,M,12th,Huang High School,67,96
1076,Brett Young,M,10th,Huang High School,96,60
1077,Brady Acosta,M,9th,Huang High School,98,65
1078,William Brown,M,10th,Huang High School,75,82
1079,Amanda Carter,F,12th,Huang High School,95,93
1080,Adam Oneill,M,11th,Huang High School,87,75
1081,James Allen,M,11th,Huang High School,64,87
1082,Joseph Carpenter,M,9th,Huang High School,76,57
1083,Thomas Kline,M,9th,Huang High School,67,83
1084,Jacqueline Lee,F,9th,Huang High School,73,87
1085,Andre Cooper,M,12th,Huang High School,83,62
1086,Timothy Harper ,M,11th,Huang High School,95,73
1087,Zoe Mcmillan,F,11th,Huang High School,69,59
1088,Donna Burke,F,12th,Huang High School,75,72
1089,Suzanne Rivers,F,9th,Huang High School,71,73
1090,David Sexton,M,9th,Huang High School,95,78
1091,Michelle Bailey,F,12th,Huang High School,71,94
1092,Pam Burke,F,9th,Huang High School,68,95
1093,Frederick Adams,M,10th,Huang High School,65,61
1094,Michael Lewis,M,11th,Huang High School,84,74
1095,Jason Lewis,M,9th,Huang High School,66,78
1096,Antonio Jimenez,M,10th,Huang High School,99,62
1097,Ryan Burns,M,12th,Huang High School,68,85
1098,Lynn Hill,F,9th,Huang High School,76,91
1099,Misty Stewart,F,12th,Huang High School,63,84
1100,Renee Wolf,F,11th,Huang High School,73,96
1101,Meredith Tucker,F,12th,Huang High School,90,85
1102,John Evans,M,12th,Huang High School,68,64
1103,Nichole Lopez,F,10th,Huang High School,74,86
1104,Adam Wall,M,9th,Huang High School,66,72
1105,Brittany Wilson,F,9th,Huang High School,92,90
1106,Crystal Smith,F,9th,Huang High School,70,71
1107,Robert Maynard,M,12th,Huang High School,67,95
1108,Angela Brown,F,11th,Huang High School,82,69
1109,Traci Pearson,F,11th,Huang High School,89,69
1110,Jeremy Beasley,M,12th,Huang High School,76,97
1111,Patricia Warner,F,11th,Huang High School,74,90
1112,Thomas Mcconnell,M,9th,Huang High School,94,83
1113,Bradley King,M,10th,Huang High School,90,79
1114,Dale Brown ,M,12th,Huang High School,95,81
1115,George Clark,M,12th,Huang High School,93,93
1116,Mikayla Odom,F,9th,Huang High School,97,87
1117,Matthew Ortega,M,10th,Huang High School,68,62
1118,Ricardo Wells,M,11th,Huang High School,65,61
1119,David Castillo,M,9th,Huang High School,84,97
1120,Lauren Jones,F,10th,Huang High School,68,65
1121,Morgan Ramos,F,10th,Huang High School,86,83
1122,Justin Hill,M,9th,Huang High School,87,81
1123,Eric Dickerson,M,9th,Huang High School,67,78
1124,Benjamin Dixon,M,11th,Huang High School,92,77
1125,Jeremiah Davenport,M,10th,Huang High School,74,63
1126,Michele Miller,F,10th,Huang High School,64,91
1127,Paul Perry,M,9th,Huang High School,70,69
1128,Kim Schmitt,F,9th,Huang High School,97,88
1129,Xavier Cole,M,11th,Huang High School,92,55
1130,Lindsay Patterson,F,10th,Huang High School,85,91
1131,Emily Rasmussen,F,10th,Huang High School,90,58
1132,Breanna Farmer,F,11th,Huang High School,97,73
1133,Nicole Mendoza,F,12th,Huang High School,68,70
1134,Robin Kirby,F,10th,Huang High School,81,71
1135,Ashley Dougherty,F,12th,Huang High School,92,73
1136,Anita Fletcher,F,9th,Huang High School,81,95
1137,Melissa Lucas,F,9th,Huang High School,79,63
1138,Danielle Ellis,F,10th,Huang High School,91,61
1139,James Brown,M,12th,Huang High School,78,78
1140,Monique Schultz,F,10th,Huang High School,72,61
1141,Jeffrey Chang,M,11th,Huang High School,88,83
1142,John Allen,M,9th,Huang High School,91,87
1143,Rachel Chandler,F,10th,Huang High School,70,76
1144,Anthony Stevens,M,11th,Huang High School,95,58
1145,Sarah Cruz,F,9th,Huang High School,65,88
1146,Jeffrey Johnson,M,9th,Huang High School,79,85
1147,Daniel Rich,M,9th,Huang High School,96,57
1148,Misty Morrison,F,12th,Huang High School,63,70
1149,Robert Sanchez,M,11th,Huang High School,86,78
1150,Kevin Lopez,M,11th,Huang High School,88,83
1151,Haley Figueroa,F,9th,Huang High School,63,85
1152,John Jackson,M,11th,Huang High School,73,95
1153,Kathryn Rodgers,F,12th,Huang High School,77,66
1154,Kathleen Cervantes,F,10th,Huang High School,93,83
1155,Kristin Dalton,F,10th,Huang High School,89,75
1156,Gary Walker,M,9th,Huang High School,83,64
1157,Stacey Johnson,F,12th,Huang High School,77,91
1158,Carol Hobbs,F,12th,Huang High School,71,72
1159,Linda Arellano,F,9th,Huang High School,84,61
1160,Kayla Serrano,F,12th,Huang High School,95,98
1161,David Banks,M,12th,Huang High School,73,67
1162,Barry Steele,M,11th,Huang High School,73,95
1163,Lori Huang,F,12th,Huang High School,86,58
1164,Dylan Johnson,M,9th,Huang High School,94,85
1165,Rodney Jenkins,M,12th,Huang High School,87,84
1166,Sean Kelly,M,9th,Huang High School,81,55
1167,Thomas Solis,M,11th,Huang High School,97,56
1168,Nicole Vazquez,F,10th,Huang High School,65,67
1169,Jennifer Francis,F,10th,Huang High School,64,63
1170,Joseph Olson,M,10th,Huang High School,96,71
1171,Marcus Olson,M,9th,Huang High School,82,61
1172,John Martin,M,10th,Huang High School,67,57
1173,Alexander Gonzalez,M,10th,Huang High School,73,77
1174,Donald Delacruz,M,9th,Huang High School,91,72
1175,Scott Gibson,M,9th,Huang High School,97,87
1176,Jamie Hines,F,11th,Huang High School,76,63
1177,Susan Porter,F,9th,Huang High School,93,73
1178,Laura Alvarado,F,10th,Huang High School,80,77
1179,Linda Mccann,F,11th,Huang High School,63,59
1180,Luke Klein,M,12th,Huang High School,68,88
1181,Michelle Perkins,F,12th,Huang High School,90,69
1182,Barbara Francis,F,10th,Huang High School,78,78
1183,Lydia Norris,F,11th,Huang High School,88,88
1184,Patricia Salazar,F,10th,Huang High School,89,77
1185,Cynthia Stanley,F,10th,Huang High School,76,72
1186,Ian Gardner,M,10th,Huang High School,82,55
1187,Anthony French,M,11th,Huang High School,82,86
1188,Amanda Haynes,F,11th,Huang High School,72,69
1189,Kendra Pope,F,11th,Huang High School,77,78
1190,Jennifer Collins,F,9th,Huang High School,82,61
1191,Antonio Leon,M,11th,Huang High School,84,74
1192,William Roberts,M,9th,Huang High School,64,56
1193,Richard Peterson,M,11th,Huang High School,64,62
1194,Margaret Archer,F,11th,Huang High School,72,98
1195,Philip Hendrix,M,11th,Huang High School,64,92
1196,Deborah Quinn,F,12th,Huang High School,91,65
1197,Joshua Calhoun,M,9th,Huang High School,87,77
1198,Thomas Terry,M,10th,Huang High School,83,83
1199,James Ray,M,12th,Huang High School,79,76
1200,William Johnson,M,12th,Huang High School,73,66
1201,Laura Oneill,F,9th,Huang High School,64,79
1202,Lisa Delgado,F,12th,Huang High School,74,75
1203,Victor Vega,M,12th,Huang High School,83,92
1204,Stacy Cook,F,9th,Huang High School,69,73
1205,Eric Smith,M,9th,Huang High School,86,81
1206,Tracy Woods,M,9th,Huang High School,89,62
1207,Amy Stokes,F,10th,Huang High School,88,70
1208,Christina Moore,F,11th,Huang High School,95,64
1209,Gregory Mitchell,M,9th,Huang High School,93,71
1210,Jennifer Waters,F,10th,Huang High School,88,57
1211,Courtney Fuller,F,9th,Huang High School,85,90
1212,Christopher Green,M,10th,Huang High School,97,81
1213,Laura Richardson,F,11th,Huang High School,91,78
1214,Heather Chen,F,10th,Huang High School,93,83
1215,Joel Hale,M,12th,Huang High School,64,71
1216,Justin Parks,M,9th,Huang High School,63,73
1217,Justin Meyer,M,12th,Huang High School,69,95
1218,Jay Ochoa,M,10th,Huang High School,90,75
1219,Paul King,M,11th,Huang High School,76,74
1220,Amanda Chandler,F,10th,Huang High School,76,75
1221,Angela Peterson ,F,11th,Huang High School,65,66
1222,James Williams,M,11th,Huang High School,69,78
1223,Jeremiah Mcconnell,M,9th,Huang High School,81,96
1224,Rita Salazar,F,9th,Huang High School,75,70
1225,Shawn Moore,M,10th,Huang High School,78,85
1226,Holly Gallagher,F,11th,Huang High School,88,57
1227,Ashley Espinoza,F,9th,Huang High School,70,90
1228,Melissa Roach,F,12th,Huang High School,71,92
1229,Meghan Sanders,F,10th,Huang High School,65,57
1230,Richard Griffin,M,10th,Huang High School,65,95
1231,Jonathan Cline,M,11th,Huang High School,87,81
1232,Mark Yu,M,11th,Huang High School,67,56
1233,Michael Bishop,M,9th,Huang High School,68,79
1234,Katherine Anderson,F,9th,Huang High School,80,94
1235,Hannah White,F,10th,Huang High School,67,65
1236,James Davis,M,11th,Huang High School,82,98
1237,Richard Gomez,M,10th,Huang High School,93,76
1238,Grace Lynch,F,9th,Huang High School,77,77
1239,Michael Hart,M,9th,Huang High School,73,56
1240,Cameron Patterson,M,11th,Huang High School,74,67
1241,Melissa Lewis,F,9th,Huang High School,97,81
1242,Joanne Davidson,F,12th,Huang High School,76,99
1243,Kelly Preston,F,10th,Huang High School,99,78
1244,Yvonne Pruitt,F,10th,Huang High School,66,58
1245,Peter Johnson,M,10th,Huang High School,70,81
1246,Lauren Rios,F,9th,Huang High School,79,84
1247,Timothy Davis,M,10th,Huang High School,99,79
1248,Jennifer Macias,F,11th,Huang High School,87,57
1249,Isabel Buchanan,F,12th,Huang High School,65,59
1250,Scott Lee,M,12th,Huang High School,75,69
1251,Janice Cook,F,9th,Huang High School,75,82
1252,Shannon Nguyen,F,11th,Huang High School,76,84
1253,Juan Vance,M,9th,Huang High School,83,95
1254,Erik White,M,10th,Huang High School,91,89
1255,Kimberly Stone,F,12th,Huang High School,90,89
1256,Jennifer Ferguson ,F,12th,Huang High School,99,80
1257,Heather Smith,F,9th,Huang High School,92,81
1258,Christian Flores,M,9th,Huang High School,95,87
1259,Tara Smith,F,12th,Huang High School,96,59
1260,Brent Mejia,M,10th,Huang High School,73,73
1261,Glenn Stevens,M,12th,Huang High School,68,64
1262,Mikayla Harvey,F,9th,Huang High School,97,66
1263,Hannah Moore,F,11th,Huang High School,84,72
1264,Christina Wagner,F,12th,Huang High School,81,84
1265,Joshua Huang,M,9th,Huang High School,95,66
1266,Samantha Moore,F,10th,Huang High School,94,70
1267,Martin Combs,M,9th,Huang High School,78,70
1268,Katelyn Bates,F,10th,Huang High School,66,59
1269,Julian Reyes,M,12th,Huang High School,85,67
1270,Michael Rios,M,10th,Huang High School,79,78
1271,Christopher Green,M,10th,Huang High School,97,98
1272,Brenda Carrillo,F,11th,Huang High School,80,87
1273,Robert Arias,M,11th,Huang High School,65,71
1274,Tanya Wolf,F,9th,Huang High School,66,90
1275,Casey Anderson,F,9th,Huang High School,68,86
1276,Scott Castillo,M,9th,Huang High School,90,56
1277,Sierra Gonzalez,F,12th,Huang High School,77,74
1278,Patricia Taylor,F,11th,Huang High School,78,57
1279,Kyle Alvarado,M,10th,Huang High School,66,95
1280,Jeremy Manning,M,9th,Huang High School,89,95
1281,Benjamin Burns,M,10th,Huang High School,76,77
1282,Steven Thompson,M,10th,Huang High School,85,74
1283,Gregory Miranda,M,10th,Huang High School,70,84
1284,Jessica Castro,F,11th,Huang High School,90,69
1285,William Franklin,M,11th,Huang High School,66,85
1286,Barbara Cardenas,F,11th,Huang High School,84,92
1287,Gregory Graham,M,9th,Huang High School,94,70
1288,Tammy Mckenzie,F,10th,Huang High School,81,56
1289,Joshua Glenn,M,9th,Huang High School,63,78
1290,Amanda Myers,F,10th,Huang High School,65,68
1291,Jerry Gonzales,M,10th,Huang High School,71,75
1292,Anthony Wilson ,M,10th,Huang High School,78,74
1293,Kevin Mcbride,M,10th,Huang High School,63,95
1294,Adam Reed,M,10th,Huang High School,83,82
1295,Clifford Kirby,M,12th,Huang High School,68,68
1296,John Boyd,M,9th,Huang High School,93,97
1297,Dawn Bryant,F,10th,Huang High School,64,61
1298,Rebecca Washington,F,12th,Huang High School,88,55
1299,Katelyn Mccormick,F,9th,Huang High School,87,89
1300,Abigail White,F,10th,Huang High School,98,59
1301,Timothy Brennan,M,10th,Huang High School,79,59
1302,Alyssa Williams,F,11th,Huang High School,68,84
1303,Timothy Graves,M,9th,Huang High School,83,90
1304,Christopher Jones,M,10th,Huang High School,84,87
1305,Joel Johnson,M,12th,Huang High School,84,55
1306,John Hill,M,10th,Huang High School,98,96
1307,Rebekah Rangel,F,10th,Huang High School,81,59
1308,Melissa Huang,F,12th,Huang High School,71,90
1309,Nathan Hall,M,11th,Huang High School,89,83
1310,Christopher Owen,M,9th,Huang High School,63,95
1311,Courtney Jimenez,F,12th,Huang High School,75,95
1312,Benjamin Carter,M,9th,Huang High School,75,61
1313,Shannon Zimmerman,F,11th,Huang High School,98,93
1314,Nicole Wolf,F,9th,Huang High School,94,79
1315,Kevin Henry,M,12th,Huang High School,69,57
1316,Mark Lane,M,11th,Huang High School,85,59
1317,Timothy Sims,M,11th,Huang High School,98,91
1318,Jessica Lopez,F,11th,Huang High School,67,63
1319,Jeffrey Robinson,M,9th,Huang High School,80,89
1320,Tyler Collins,M,12th,Huang High School,68,78
1321,Alexis Roberts,F,11th,Huang High School,91,79
1322,Taylor Avery,F,12th,Huang High School,95,67
1323,Mark Fitzpatrick,M,9th,Huang High School,79,55
1324,Michael Bailey,M,10th,Huang High School,78,74
1325,Ashley Guerra,F,10th,Huang High School,83,74
1326,Dawn Martinez,F,11th,Huang High School,69,56
1327,Rachel Perez,F,11th,Huang High School,87,62
1328,Nathan Barajas,M,10th,Huang High School,76,85
1329,David Miller Jr.,M,9th,Huang High School,89,78
1330,William Carter,M,9th,Huang High School,80,77
1331,Matthew Chapman,M,9th,Huang High School,84,78
1332,William Wells,M,11th,Huang High School,69,72
1333,William Hartman,M,9th,Huang High School,96,66
1334,Michael Moore,M,10th,Huang High School,72,57
1335,Rebecca Castro,F,10th,Huang High School,86,97
1336,Douglas Baker,M,11th,Huang High School,67,67
1337,Pamela Bush,F,12th,Huang High School,72,72
1338,Emily Collins,F,10th,Huang High School,97,57
1339,John Norton,M,9th,Huang High School,72,92
1340,Sherry Morales,F,9th,Huang High School,89,72
1341,Anthony Kirk,M,10th,Huang High School,82,80
1342,Katelyn Moore,F,12th,Huang High School,63,79
1343,Rhonda Jackson,F,11th,Huang High School,63,73
1344,Dennis Holden,M,12th,Huang High School,72,85
1345,Catherine Meyers,F,12th,Huang High School,95,79
1346,Robert Lowe,M,11th,Huang High School,81,80
1347,Rachel Ramirez,F,10th,Huang High School,89,93
1348,Pamela Walker,F,9th,Huang High School,86,72
1349,Brian Arroyo,M,10th,Huang High School,87,71
1350,Natalie Strickland,F,10th,Huang High School,65,61
1351,Kevin Khan,M,9th,Huang High School,72,66
1352,Cynthia May,F,10th,Huang High School,69,81
1353,Patricia Curtis,F,9th,Huang High School,99,95
1354,Ashley White,F,12th,Huang High School,63,66
1355,Cindy Williams,F,10th,Huang High School,77,72
1356,Sara Carpenter,F,10th,Huang High School,66,90
1357,Jose Murray,M,10th,Huang High School,65,71
1358,Crystal Munoz,F,10th,Huang High School,78,89
1359,John Jones,M,12th,Huang High School,81,79
1360,Shannon Johnson,F,12th,Huang High School,72,95
1361,Elizabeth Bennett,F,11th,Huang High School,96,94
1362,Teresa Davis,F,9th,Huang High School,68,86
1363,Rachel Wilson,F,11th,Huang High School,93,85
1364,Ellen Parsons,F,9th,Huang High School,98,83
1365,Natalie Flores,F,10th,Huang High School,89,64
1366,Brooke Anthony,F,11th,Huang High School,86,84
1367,Rachael Hawkins,F,10th,Huang High School,68,66
1368,Richard Rodriguez,M,10th,Huang High School,65,66
1369,Natalie Jones,F,10th,Huang High School,80,60
1370,Justin Raymond,M,10th,Huang High School,64,92
1371,Laurie Collins,F,11th,Huang High School,69,67
1372,Joanna Estes,F,11th,Huang High School,98,88
1373,Diana Mason,F,12th,Huang High School,90,97
1374,Mary Glover,F,9th,Huang High School,79,74
1375,David Santiago,M,9th,Huang High School,65,96
1376,Natalie Riley,F,9th,Huang High School,98,96
1377,Samantha Brown,F,11th,Huang High School,63,81
1378,Denise Wilson,F,10th,Huang High School,76,58
1379,Keith Marsh,M,10th,Huang High School,95,59
1380,Katherine Oconnor,F,11th,Huang High School,81,62
1381,Craig Brown,M,11th,Huang High School,64,82
1382,Shelby Delgado,F,11th,Huang High School,90,60
1383,Christopher Herrera,M,9th,Huang High School,66,86
1384,Anthony Burton,M,9th,Huang High School,97,79
1385,David Harris,M,10th,Huang High School,73,86
1386,John Parker,M,12th,Huang High School,67,63
1387,Christopher Flores,M,11th,Huang High School,90,67
1388,Cassandra Ellison,F,9th,Huang High School,80,58
1389,Francisco Petty,M,10th,Huang High School,75,98
1390,Eugene Hernandez,M,9th,Huang High School,85,87
1391,Amy Mora,F,11th,Huang High School,73,65
1392,Veronica Arnold,F,9th,Huang High School,89,77
1393,Aaron Sparks,M,9th,Huang High School,67,62
1394,Christine Shannon,F,11th,Huang High School,94,72
1395,Joseph Atkinson,M,11th,Huang High School,79,60
1396,Angela Brown,F,10th,Huang High School,95,61
1397,Rachel Schwartz,F,11th,Huang High School,82,91
1398,Jack Miranda,M,11th,Huang High School,86,74
1399,Andrea Lopez,F,10th,Huang High School,80,97
1400,Sharon Hudson,F,9th,Huang High School,66,96
1401,Michael Hobbs,M,11th,Huang High School,69,85
1402,Matthew Williams,M,9th,Huang High School,78,92
1403,Holly Hall,F,9th,Huang High School,65,83
1404,James Harris,M,12th,Huang High School,84,82
1405,Jennifer Carpenter,F,10th,Huang High School,83,77
1406,Jennifer Lopez,F,12th,Huang High School,89,67
1407,Michelle Flores,F,11th,Huang High School,92,91
1408,Jennifer Higgins,F,10th,Huang High School,81,95
1409,David Allen,M,10th,Huang High School,98,61
1410,Jeffrey Perez,M,12th,Huang High School,93,65
1411,Reginald Allen,M,12th,Huang High School,75,86
1412,Kaitlyn Hansen,F,11th,Huang High School,79,71
1413,Franklin Reyes,M,10th,Huang High School,69,78
1414,Gerald Mcmahon,M,9th,Huang High School,86,90
1415,Alison Crawford,F,9th,Huang High School,90,79
1416,Michael Stevenson,M,9th,Huang High School,89,88
1417,Donald Navarro,M,9th,Huang High School,81,71
1418,Stephen Vasquez,M,10th,Huang High School,70,93
1419,Tina Morrow,F,12th,Huang High School,77,85
1420,Stacy Pace,F,11th,Huang High School,84,58
1421,Heidi Robles,F,11th,Huang High School,90,62
1422,Adam Small,M,9th,Huang High School,85,77
1423,David Farmer,M,9th,Huang High School,99,64
1424,Jeremiah Torres,M,11th,Huang High School,79,62
1425,April Gutierrez,F,9th,Huang High School,86,75
1426,Cynthia Hansen ,F,12th,Huang High School,64,78
1427,Rachel Miller,F,9th,Huang High School,98,80
1428,Sarah Joseph,F,9th,Huang High School,90,68
1429,Lori Wells,F,9th,Huang High School,88,76
1430,Veronica Anderson,F,11th,Huang High School,78,93
1431,Renee Mahoney,F,11th,Huang High School,68,99
1432,Megan Spence,F,11th,Huang High School,88,67
1433,Michelle Mills,F,12th,Huang High School,71,67
1434,Rebecca Montoya ,F,12th,Huang High School,63,97
1435,Margaret Koch,F,9th,Huang High School,99,58
1436,Danny Aguirre,M,9th,Huang High School,91,65
1437,Cheryl Malone,F,10th,Huang High School,89,70
1438,Stacy Ramos,F,12th,Huang High School,66,59
1439,Richard Lozano,M,10th,Huang High School,89,71
1440,Garrett Davis,M,11th,Huang High School,97,61
1441,Javier Steele,M,10th,Huang High School,92,56
1442,Matthew Kerr,M,9th,Huang High School,86,71
1443,Samuel Davis,M,12th,Huang High School,83,75
1444,Stephanie Kirby,F,9th,Huang High School,83,73
1445,Stephanie Burch,F,11th,Huang High School,75,94
1446,David Nguyen,M,12th,Huang High School,87,57
1447,Brandy Campbell,F,12th,Huang High School,82,78
1448,James Noble,M,12th,Huang High School,88,87
1449,Marie Bowman,F,9th,Huang High School,71,85
1450,Jennifer Henry,F,9th,Huang High School,64,99
1451,Steven Lewis,M,11th,Huang High School,68,56
1452,David Johnson,M,12th,Huang High School,80,88
1453,Amy Martin,F,9th,Huang High School,96,71
1454,Michelle Mitchell,F,9th,Huang High School,83,74
1455,Christopher Brown,M,11th,Huang High School,87,64
1456,Steven Houston,M,11th,Huang High School,99,70
1457,Ernest Campbell,M,12th,Huang High School,69,73
1458,Courtney Carlson,F,10th,Huang High School,65,61
1459,James Black,M,9th,Huang High School,67,70
1460,Edward Spence,M,11th,Huang High School,92,89
1461,Anthony Lee,M,11th,Huang High School,94,71
1462,Michael Gonzales,M,12th,Huang High School,92,82
1463,Lori Figueroa,F,12th,Huang High School,89,70
1464,Andrew Maynard,M,11th,Huang High School,63,57
1465,Linda Lewis,F,10th,Huang High School,89,66
1466,Daniel Kelley,M,9th,Huang High School,74,81
1467,Duane Hoffman,M,10th,Huang High School,71,92
1468,Jenny Barber,F,11th,Huang High School,65,95
1469,Jillian Kaiser,F,9th,Huang High School,80,68
1470,Zoe Castro,F,10th,Huang High School,66,79
1471,Jamie Alvarado,F,9th,Huang High School,95,66
1472,Kristina Pham,F,10th,Huang High School,96,58
1473,Cathy Garrett,F,12th,Huang High School,91,57
1474,Albert Anderson,M,10th,Huang High School,82,74
1475,Ronald Zhang,M,11th,Huang High School,94,66
1476,Stephanie Cole,F,9th,Huang High School,63,93
1477,Heather Johnson,F,11th,Huang High School,94,82
1478,Eric Ferguson,M,11th,Huang High School,95,93
1479,Mark Collins,M,9th,Huang High School,69,64
1480,Pamela Taylor,F,10th,Huang High School,80,74
1481,Sarah Green,F,12th,Huang High School,94,62
1482,Carol Thomas,F,9th,Huang High School,82,75
1483,Derek Lopez,M,10th,Huang High School,87,67
1484,Lisa Harrison,F,12th,Huang High School,70,84
1485,Kevin Mcdonald,M,10th,Huang High School,73,74
1486,Patrick Herrera,M,10th,Huang High School,64,76
1487,Laura Hicks,F,9th,Huang High School,90,92
1488,Joel Walls,M,9th,Huang High School,83,77
1489,Katherine Peterson,F,11th,Huang High School,80,71
1490,Christine Allison,F,12th,Huang High School,64,60
1491,Jacob Matthews,M,12th,Huang High School,78,59
1492,Cassandra Lopez,F,9th,Huang High School,86,71
1493,Jeremy Mcguire,M,11th,Huang High School,67,61
1494,Eric Reynolds,M,9th,Huang High School,93,57
1495,Stephen Maddox,M,11th,Huang High School,65,93
1496,Erik Hansen,M,12th,Huang High School,94,80
1497,Andrea Ramsey,F,10th,Huang High School,70,57
1498,Edgar Rogers,M,10th,Huang High School,83,78
1499,Ronald Evans,M,10th,Huang High School,69,66
1500,Susan Roberts,F,11th,Huang High School,63,75
1501,Janice Shah,F,9th,Huang High School,90,72
1502,Jon Blake,M,12th,Huang High School,63,73
1503,Briana Castillo,F,9th,Huang High School,86,74
1504,Ariana Williamson,F,12th,Huang High School,74,70
1505,Latasha Wallace,F,11th,Huang High School,67,89
1506,Sarah Bailey,F,12th,Huang High School,69,93
1507,Philip Nguyen,M,12th,Huang High School,93,66
1508,Jordan Miller,M,10th,Huang High School,91,77
1509,Michael Nunez,M,11th,Huang High School,73,82
1510,Larry Wilson,M,12th,Huang High School,92,64
1511,Eric Bush,M,11th,Huang High School,80,75
1512,Julie Cox,F,10th,Huang High School,69,78
1513,Savannah Juarez,F,9th,Huang High School,97,70
1514,Brittney Johnston,F,11th,Huang High School,82,88
1515,Alan Mckinney,M,9th,Huang High School,69,59
1516,Deborah Bauer,F,12th,Huang High School,98,91
1517,Jacob Bell,M,10th,Huang High School,70,55
1518,Donna Carter,F,10th,Huang High School,71,78
1519,Luke Cook,M,11th,Huang High School,91,77
1520,Marcus Thomas,M,9th,Huang High School,83,97
1521,Christopher George,M,9th,Huang High School,87,97
1522,Chad Hill,M,9th,Huang High School,77,81
1523,Brian Johnson,M,9th,Huang High School,82,77
1524,Kristin Velasquez,F,9th,Huang High School,74,98
1525,Alexis Moss,F,11th,Huang High School,99,78
1526,Samantha Wilson,F,9th,Huang High School,69,67
1527,Alexander Collins,M,12th,Huang High School,68,80
1528,Crystal Pena,F,10th,Huang High School,80,71
1529,Adam Tucker,M,12th,Huang High School,98,69
1530,Tiffany Mitchell,F,9th,Huang High School,84,69
1531,Donald Anderson,M,9th,Huang High School,68,98
1532,Bruce Thomas,M,11th,Huang High School,93,83
1533,Samantha Lowe,F,11th,Huang High School,73,83
1534,Karen Zimmerman,F,10th,Huang High School,66,63
1535,Jeremy Dean,M,11th,Huang High School,88,71
1536,Joseph Dominguez,M,9th,Huang High School,89,99
1537,Ronald Carpenter,M,10th,Huang High School,73,65
1538,Nicholas Blake,M,10th,Huang High School,81,96
1539,Dustin Atkinson,M,10th,Huang High School,85,75
1540,Ralph Peters,M,11th,Huang High School,76,83
1541,Tyler Scott,M,11th,Huang High School,88,96
1542,Christopher Weaver,M,9th,Huang High School,90,87
1543,Carla Jefferson,F,9th,Huang High School,84,57
1544,Sharon Davies,F,9th,Huang High School,65,78
1545,Rodney Stephens,M,12th,Huang High School,75,82
1546,Courtney Rodriguez,F,10th,Huang High School,99,80
1547,Dawn Martinez,F,11th,Huang High School,67,66
1548,Alicia Hernandez,F,12th,Huang High School,81,94
1549,Matthew Weaver,M,10th,Huang High School,75,67
1550,Alexa Harper,F,11th,Huang High School,90,88
1551,Danielle Matthews,F,10th,Huang High School,82,92
1552,Taylor Orr,F,9th,Huang High School,70,69
1553,Courtney Davis,F,9th,Huang High School,97,97
1554,Anita Cross,F,11th,Huang High School,72,95
1555,Bryce Mercer,M,11th,Huang High School,65,80
1556,Andrea Haley,F,10th,Huang High School,83,61
1557,Kristina Armstrong,F,10th,Huang High School,89,89
1558,Carl Peters,M,11th,Huang High School,72,59
1559,Kathryn Brown,F,9th,Huang High School,72,91
1560,Tina Jones,F,9th,Huang High School,78,69
1561,Susan Evans,F,9th,Huang High School,91,81
1562,William Reyes,M,12th,Huang High School,74,67
1563,William Howard,M,10th,Huang High School,86,64
1564,Robert Martin ,M,10th,Huang High School,70,85
1565,Kathryn Boyd,F,9th,Huang High School,98,98
1566,Michelle Hall,F,10th,Huang High School,82,92
1567,Bradley Miller,M,9th,Huang High School,87,65
1568,Donald Cole,M,11th,Huang High School,96,77
1569,Anthony Allen,M,12th,Huang High School,74,77
1570,Brett May,M,9th,Huang High School,72,71
1571,Ryan Sanchez,M,12th,Huang High School,74,93
1572,Angel Werner,F,10th,Huang High School,76,94
1573,Michael Small,M,10th,Huang High School,91,83
1574,Megan Conner,F,9th,Huang High School,72,93
1575,Daniel Russell,M,12th,Huang High School,83,59
1576,Jamie Watkins,F,11th,Huang High School,98,83
1577,Amber Wade,F,9th,Huang High School,79,71
1578,Laura Ford,F,11th,Huang High School,96,85
1579,James Wilson,M,10th,Huang High School,96,63
1580,Derrick Wright,M,10th,Huang High School,73,79
1581,Danielle Patel,F,12th,Huang High School,68,59
1582,Mrs. Marcia Jones PhD,F,12th,Huang High School,78,60
1583,Sharon Blackburn,F,9th,Huang High School,65,62
1584,April Morgan,F,11th,Huang High School,90,55
1585,Adrian Greene,M,12th,Huang High School,79,66
1586,Reginald Garcia IV,M,11th,Huang High School,67,93
1587,Robert Spencer,M,9th,Huang High School,68,93
1588,Michael Abbott,M,9th,Huang High School,67,84
1589,Scott Stewart,M,11th,Huang High School,94,99
1590,James Watts,M,11th,Huang High School,95,88
1591,Jill Lewis,F,9th,Huang High School,90,68
1592,Joshua Perry,M,10th,Huang High School,81,76
1593,Stacey Walker,F,12th,Huang High School,94,66
1594,Nancy Gray,F,12th,Huang High School,92,82
1595,Alfred Barnes,M,10th,Huang High School,77,89
1596,Tina Morales,F,9th,Huang High School,98,96
1597,Laura Bennett,F,10th,Huang High School,95,95
1598,John Day,M,9th,Huang High School,82,77
1599,Christina Jones,F,11th,Huang High School,67,99
1600,Matthew Williams,M,10th,Huang High School,84,85
1601,George Lewis,M,9th,Huang High School,87,71
1602,Bridget Holmes,F,12th,Huang High School,80,73
1603,Mary Wong,F,11th,Huang High School,86,97
1604,David Walker,M,10th,Huang High School,96,98
1605,Stephanie Miller,F,11th,Huang High School,65,94
1606,Jeremy Kirk,M,11th,Huang High School,70,72
1607,Bobby Williams,M,9th,Huang High School,65,71
1608,Douglas Warren,M,9th,Huang High School,92,60
1609,Kevin Noble,M,11th,Huang High School,74,90
1610,Daryl Hill,M,9th,Huang High School,83,56
1611,Sabrina Carey,F,9th,Huang High School,90,58
1612,Carl Dillon,M,11th,Huang High School,84,92
1613,Daniel Johnson,M,12th,Huang High School,63,85
1614,Brittany Simmons,F,12th,Huang High School,68,63
1615,Stephanie Harris,F,11th,Huang High School,98,69
1616,Angela Carroll,F,9th,Huang High School,72,95
1617,Diana Brown,F,10th,Huang High School,75,58
1618,Lonnie Burns,M,10th,Huang High School,70,89
1619,Matthew Vasquez,M,10th,Huang High School,92,85
1620,Robert Gonzalez,M,10th,Huang High School,78,98
1621,Lauren Hutchinson,F,10th,Huang High School,70,55
1622,James Price,M,10th,Huang High School,72,69
1623,Zachary Holmes,M,11th,Huang High School,87,91
1624,Jill Whitehead,F,12th,Huang High School,71,67
1625,Chad Hoffman,M,10th,Huang High School,78,93
1626,Sandra Barrett,F,11th,Huang High School,95,84
1627,Joseph Mendoza,M,12th,Huang High School,87,97
1628,Christopher Ruiz,M,12th,Huang High School,63,68
1629,Jessica Jones,F,10th,Huang High School,92,69
1630,Kevin Bauer,M,9th,Huang High School,76,90
1631,Micheal Williams,M,11th,Huang High School,95,58
1632,Patricia Smith ,F,10th,Huang High School,64,94
1633,Robert Villa,M,12th,Huang High School,95,58
1634,Jose Lucas,M,9th,Huang High School,71,91
1635,Kelly Wolf,F,10th,Huang High School,64,75
1636,Sara Sherman,F,9th,Huang High School,81,69
1637,Megan Stevenson,F,9th,Huang High School,77,95
1638,Richard Elliott,M,9th,Huang High School,96,69
1639,Paul Reed,M,9th,Huang High School,89,77
1640,Michael Wilson,M,11th,Huang High School,92,68
1641,James Day,M,10th,Huang High School,64,66
1642,Breanna Gregory,F,10th,Huang High School,68,84
1643,Jennifer Benjamin,F,12th,Huang High School,90,99
1644,Pam Alvarez,F,12th,Huang High School,72,89
1645,Mariah Luna,F,10th,Huang High School,99,93
1646,Amy Dyer ,F,9th,Huang High School,98,78
1647,Cathy Allen,F,10th,Huang High School,93,55
1648,Samuel Anderson,M,10th,Huang High School,69,81
1649,Raymond Alexander,M,10th,Huang High School,87,66
1650,Nicole Salinas,F,12th,Huang High School,76,72
1651,James Davidson,M,10th,Huang High School,77,96
1652,Susan Schneider,F,12th,Huang High School,67,60
1653,Michael Snow,M,10th,Huang High School,87,73
1654,Tammy Fisher,F,11th,Huang High School,65,74
1655,Amanda Henry,F,10th,Huang High School,78,56
1656,Nicholas Jenkins,M,10th,Huang High School,67,86
1657,Debbie Gill,F,11th,Huang High School,70,82
1658,Susan Fernandez,F,12th,Huang High School,98,68
1659,Brian Hall ,M,10th,Huang High School,96,91
1660,Shannon Vance,F,12th,Huang High School,90,94
1661,Phillip Joseph,M,10th,Huang High School,86,90
1662,Thomas Fisher,M,12th,Huang High School,86,55
1663,Ashley Johnson,F,12th,Huang High School,75,68
1664,Patrick Santos,M,12th,Huang High School,79,74
1665,Anthony Villarreal,M,11th,Huang High School,69,69
1666,Dennis Brown,M,11th,Huang High School,93,83
1667,Spencer Matthews,M,10th,Huang High School,93,70
1668,Kimberly Brown,F,9th,Huang High School,66,74
1669,Jessica Joseph,F,10th,Huang High School,84,74
1670,Erika Page,F,11th,Huang High School,87,84
1671,Joseph Mccall,M,10th,Huang High School,78,85
1672,Cole Berger,M,10th,Huang High School,69,90
1673,Laura Cochran,F,9th,Huang High School,85,92
1674,Jay Wright,M,10th,Huang High School,68,83
1675,Kevin Schneider,M,11th,Huang High School,88,87
1676,Lindsay Clark,F,9th,Huang High School,69,59
1677,Brian Richards,M,9th,Huang High School,66,95
1678,Laurie Sheppard,F,9th,Huang High School,75,59
1679,Sarah Garcia,F,10th,Huang High School,84,66
1680,Kim Henry,F,9th,Huang High School,81,76
1681,Ricky Carrillo,M,10th,Huang High School,91,57
1682,Kelly Ramirez,F,12th,Huang High School,88,65
1683,Mary Jones,F,12th,Huang High School,84,97
1684,Brittany Morris,F,9th,Huang High School,63,95
1685,Douglas Levy ,M,12th,Huang High School,75,62
1686,Joseph Reyes,M,10th,Huang High School,99,71
1687,Michael Garcia,M,11th,Huang High School,77,59
1688,Amanda Guzman,F,10th,Huang High School,80,94
1689,Tracey Johnson,F,10th,Huang High School,86,81
1690,Diana Nelson,F,12th,Huang High School,73,72
1691,Willie Werner,M,12th,Huang High School,64,71
1692,Danielle Robles,F,10th,Huang High School,93,65
1693,Andrea Gonzalez,F,11th,Huang High School,84,75
1694,Kenneth Ruiz,M,12th,Huang High School,82,65
1695,Eric Ibarra,M,9th,Huang High School,88,66
1696,Nichole Simmons,F,12th,Huang High School,74,67
1697,Richard Rodriguez,M,9th,Huang High School,80,91
1698,Jesus Molina,M,10th,Huang High School,92,76
1699,Brenda Gibson,F,9th,Huang High School,80,71
1700,Diana Vaughan,F,10th,Huang High School,69,92
1701,Christine Tanner,F,12th,Huang High School,91,84
1702,Patrick Gonzales,M,11th,Huang High School,88,68
1703,George Melendez,M,9th,Huang High School,91,73
1704,Marcus Torres,M,10th,Huang High School,92,83
1705,Andrew Clark,M,12th,Huang High School,89,78
1706,Benjamin Ramirez ,M,9th,Huang High School,64,74
1707,Todd Ramirez,M,10th,Huang High School,65,73
1708,Sharon Swanson,F,10th,Huang High School,65,94
1709,Brittany Stevens,F,9th,Huang High School,70,88
1710,Stephanie Mendoza,F,9th,Huang High School,88,73
1711,Ariana Garcia,F,9th,Huang High School,66,87
1712,Steven Jenkins,M,11th,Huang High School,83,88
1713,Jennifer Reyes,F,10th,Huang High School,74,88
1714,Alexandra Oliver,F,12th,Huang High School,75,75
1715,Anna Schneider,F,11th,Huang High School,86,99
1716,Marcus Stewart,M,10th,Huang High School,80,59
1717,Kenneth Adams,M,12th,Huang High School,67,86
1718,Tanner Welch,M,9th,Huang High School,66,63
1719,Martha Wilson,F,10th,Huang High School,86,87
1720,Lindsey Anderson,F,9th,Huang High School,84,63
1721,Julia Camacho,F,9th,Huang High School,67,81
1722,Raymond Freeman ,M,9th,Huang High School,97,63
1723,Rachel Jones,F,9th,Huang High School,63,89
1724,Stephanie Reese,F,10th,Huang High School,74,76
1725,Sharon Tapia,F,10th,Huang High School,64,62
1726,Timothy Hall,M,11th,Huang High School,75,73
1727,Stacy Brown,F,10th,Huang High School,88,80
1728,Nicole White,F,10th,Huang High School,75,98
1729,James Diaz,M,10th,Huang High School,92,74
1730,James Cooke,M,10th,Huang High School,63,55
1731,Philip Walsh,M,11th,Huang High School,68,78
1732,Joshua Green,M,10th,Huang High School,79,57
1733,Teresa Perez,F,12th,Huang High School,89,96
1734,Shannon Jackson,M,11th,Huang High School,76,96
1735,Rodney Spencer,M,11th,Huang High School,74,69
1736,Bradley Williams,M,9th,Huang High School,99,62
1737,Emily Walker,F,9th,Huang High School,63,81
1738,Anthony Beck,M,9th,Huang High School,75,79
1739,Brooke Stephens,F,11th,Huang High School,63,74
1740,Dorothy Alvarez,F,9th,Huang High School,89,77
1741,Ryan Lane,M,9th,Huang High School,67,87
1742,Samantha Walker,F,10th,Huang High School,98,67
1743,Frank Hall,M,12th,Huang High School,70,73
1744,Rachel Smith,F,11th,Huang High School,71,70
1745,Kimberly Sanchez,F,9th,Huang High School,74,99
1746,Kristy Evans,F,11th,Huang High School,89,70
1747,Elizabeth Johnson,F,9th,Huang High School,75,59
1748,Javier Juarez,M,9th,Huang High School,95,84
1749,Jason Murphy,M,10th,Huang High School,91,61
1750,Brian White,M,11th,Huang High School,97,87
1751,Christopher Thompson,M,9th,Huang High School,83,77
1752,Alicia Martinez,F,11th,Huang High School,83,83
1753,Anita Myers,F,10th,Huang High School,67,93
1754,Shannon Horne,F,11th,Huang High School,71,59
1755,Lucas Brown,M,11th,Huang High School,80,74
1756,Gina Kelly,F,9th,Huang High School,75,72
1757,Eric Robbins,M,12th,Huang High School,78,99
1758,Tommy Mitchell,M,12th,Huang High School,78,94
1759,Sarah Johnson,F,9th,Huang High School,92,70
1760,Richard Garcia,M,11th,Huang High School,67,99
1761,Heather Bryant,F,10th,Huang High School,73,89
1762,Julia Duffy,F,9th,Huang High School,69,72
1763,Michelle Morales,F,11th,Huang High School,86,75
1764,Tracey Santana,F,11th,Huang High School,64,65
1765,Bradley Harmon,M,11th,Huang High School,75,70
1766,Cheryl Hill,F,10th,Huang High School,96,76
1767,Rebecca Coleman,F,9th,Huang High School,97,59
1768,Autumn Price,F,12th,Huang High School,82,97
1769,Chris Hudson,M,10th,Huang High School,69,92
1770,Mary Roberts,F,11th,Huang High School,88,86
1771,Christopher Martinez,M,9th,Huang High School,95,95
1772,Amy Underwood,F,10th,Huang High School,92,97
1773,Cheryl Avery,F,9th,Huang High School,74,86
1774,James Fisher,M,12th,Huang High School,65,83
1775,Wendy Chase,F,10th,Huang High School,83,66
1776,Carla Reeves ,F,10th,Huang High School,84,70
1777,Darrell Rangel,M,10th,Huang High School,92,82
1778,Allison Sanchez,F,11th,Huang High School,96,65
1779,John Howard,M,9th,Huang High School,81,83
1780,Tammy Lewis,F,10th,Huang High School,75,86
1781,Stephanie Hart,F,11th,Huang High School,73,69
1782,Douglas Tran,M,12th,Huang High School,65,71
1783,Andrew Bailey,M,12th,Huang High School,87,99
1784,Justin Smith,M,12th,Huang High School,66,87
1785,Gavin Kennedy,M,11th,Huang High School,76,94
1786,Daniel Mathews,M,9th,Huang High School,96,61
1787,Bryan Logan,M,9th,Huang High School,81,66
1788,Misty Gregory,F,11th,Huang High School,82,77
1789,Robert Garcia,M,12th,Huang High School,82,66
1790,Victor Robinson,M,9th,Huang High School,81,63
1791,William Terry,M,10th,Huang High School,87,62
1792,Christopher Lowery,M,11th,Huang High School,86,55
1793,Joseph Marshall,M,9th,Huang High School,91,94
1794,Christopher Lee,M,10th,Huang High School,87,79
1795,Elizabeth Swanson,F,9th,Huang High School,75,95
1796,Ashley Cantu,F,10th,Huang High School,78,74
1797,Daniel Jenkins,M,9th,Huang High School,67,72
1798,Donald Williams,M,12th,Huang High School,70,89
1799,Jessica Perez,F,9th,Huang High School,75,84
1800,Sonia Phillips,F,11th,Huang High School,65,70
1801,Christopher Graves,M,9th,Huang High School,81,99
1802,Benjamin Delacruz,M,11th,Huang High School,99,62
1803,Victor Moss,M,11th,Huang High School,98,77
1804,Randy Bentley,M,11th,Huang High School,90,85
1805,Samuel Thompson,M,11th,Huang High School,76,97
1806,Tonya Taylor,F,9th,Huang High School,96,83
1807,Vincent Morton,M,12th,Huang High School,81,90
1808,Sherry Barry,F,11th,Huang High School,69,97
1809,Jack Walsh,M,11th,Huang High School,87,77
1810,Gregory Carter,M,10th,Huang High School,97,88
1811,Amanda Rice,F,10th,Huang High School,72,59
1812,Alex Duffy,M,9th,Huang High School,69,65
1813,Richard Butler,M,10th,Huang High School,79,72
1814,Christian Gray,M,11th,Huang High School,99,82
1815,Elizabeth Cain,F,9th,Huang High School,69,70
1816,Michael Clark,M,11th,Huang High School,89,65
1817,Paul Webster,M,12th,Huang High School,81,60
1818,Michelle Braun,F,9th,Huang High School,72,68
1819,Jay Ward,M,11th,Huang High School,82,79
1820,Rachel White,F,11th,Huang High School,87,66
1821,Dean Turner,M,10th,Huang High School,98,95
1822,Kevin Obrien,M,12th,Huang High School,88,69
1823,Andrea Davis,F,9th,Huang High School,84,82
1824,Diana Hammond,F,9th,Huang High School,82,82
1825,Jessica Poole,F,9th,Huang High School,90,90
1826,Juan Smith,M,10th,Huang High School,96,95
1827,John Carter,M,12th,Huang High School,75,63
1828,Crystal Lewis,F,10th,Huang High School,82,99
1829,Julia Jackson,F,11th,Huang High School,66,69
1830,Kristen Marquez,F,11th,Huang High School,86,61
1831,David Greene,M,9th,Huang High School,98,87
1832,Martin Stephenson,M,9th,Huang High School,79,76
1833,Penny Page,F,10th,Huang High School,74,97
1834,William Jackson ,M,9th,Huang High School,89,69
1835,Jasmine Hunter,F,12th,Huang High School,89,81
1836,Anna West,F,9th,Huang High School,88,74
1837,Charles Ortiz,M,10th,Huang High School,76,65
1838,Lori Spencer,F,10th,Huang High School,93,65
1839,Robert Hendrix,M,10th,Huang High School,93,97
1840,Christie Gill,F,11th,Huang High School,94,87
1841,Kristopher Raymond,M,10th,Huang High School,64,71
1842,Brian Whitaker,M,9th,Huang High School,67,77
1843,Donna Hendrix,F,10th,Huang High School,63,83
1844,Jose Swanson,M,10th,Huang High School,93,62
1845,Diane Hodge,F,12th,Huang High School,95,56
1846,Kimberly Griffin,F,9th,Huang High School,80,77
1847,Lisa Cervantes,F,9th,Huang High School,72,85
1848,John Dawson,M,9th,Huang High School,73,60
1849,Michele Martin,F,10th,Huang High School,78,83
1850,Stephanie Reilly,F,9th,Huang High School,76,82
1851,Michele Adams,F,9th,Huang High School,74,72
1852,Angela Miles,F,11th,Huang High School,97,88
1853,Henry Roman,M,10th,Huang High School,95,67
1854,Carrie Gallagher,F,9th,Huang High School,85,66
1855,Jason Mays,M,12th,Huang High School,75,67
1856,Marissa Livingston,F,11th,Huang High School,81,75
1857,Joshua Johnson,M,10th,Huang High School,64,65
1858,Kristina Lane,F,9th,Huang High School,74,98
1859,William Hernandez,M,10th,Huang High School,92,79
1860,Megan Stevens,F,11th,Huang High School,71,85
1861,Kylie Torres,F,11th,Huang High School,74,99
1862,Terri Lee,F,12th,Huang High School,82,85
1863,Mitchell Cooper,M,11th,Huang High School,99,97
1864,Ann Eaton,F,12th,Huang High School,78,62
1865,Damon Pearson,M,11th,Huang High School,86,83
1866,Molly Davis,F,11th,Huang High School,75,77
1867,Matthew Donaldson,M,9th,Huang High School,87,65
1868,Rhonda Carter,F,12th,Huang High School,77,96
1869,James Todd,M,9th,Huang High School,75,96
1870,Jeremiah James,M,12th,Huang High School,79,71
1871,Bradley Craig,M,9th,Huang High School,78,73
1872,Dennis Brown,M,11th,Huang High School,92,76
1873,Timothy Reed,M,12th,Huang High School,81,78
1874,David Morgan,M,11th,Huang High School,87,65
1875,Sarah Parrish,F,10th,Huang High School,94,61
1876,Sarah Page,F,11th,Huang High School,67,55
1877,Kathleen Hudson,F,12th,Huang High School,80,71
1878,Jeffrey Thomas,M,9th,Huang High School,85,68
1879,Jonathan Moses,M,11th,Huang High School,71,73
1880,Lisa Williams,F,12th,Huang High School,84,77
1881,Tony Bass,M,9th,Huang High School,74,74
1882,Neil Brown,M,11th,Huang High School,75,84
1883,Luis Escobar,M,10th,Huang High School,66,99
1884,Zachary Rivera,M,9th,Huang High School,83,86
1885,Cheryl Sutton,F,10th,Huang High School,66,63
1886,Shawn French,M,11th,Huang High School,78,87
1887,Stephen Molina,M,9th,Huang High School,70,78
1888,Ashley Mcmahon,F,9th,Huang High School,96,95
1889,Tammy Dean,F,9th,Huang High School,64,67
1890,Wayne Butler,M,9th,Huang High School,79,65
1891,Nicole Smith,F,12th,Huang High School,75,91
1892,April Tyler,F,12th,Huang High School,76,63
1893,Christopher Johnson,M,12th,Huang High School,83,71
1894,Brian Stafford,M,12th,Huang High School,75,60
1895,Norma Conley,F,12th,Huang High School,69,78
1896,Natasha Velazquez,F,9th,Huang High School,85,87
1897,Thomas Hampton,M,11th,Huang High School,66,56
1898,Billy Oconnell,M,9th,Huang High School,72,61
1899,Katherine Munoz,F,9th,Huang High School,89,70
1900,Kevin Brown IV,M,9th,Huang High School,90,62
1901,Karen White,F,12th,Huang High School,95,98
1902,David Gordon,M,9th,Huang High School,68,80
1903,Marvin Jackson,M,10th,Huang High School,67,70
1904,Emily King,F,11th,Huang High School,66,70
1905,Julia Finley,F,10th,Huang High School,63,61
1906,David Powell,M,12th,Huang High School,87,73
1907,Jeffrey Davis,M,11th,Huang High School,88,92
1908,Chloe Williams,F,11th,Huang High School,89,94
1909,Jacqueline Wells,F,12th,Huang High School,87,61
1910,Ethan Clark,M,12th,Huang High School,92,86
1911,Mitchell Dixon,M,11th,Huang High School,98,74
1912,Elizabeth Rivas,F,11th,Huang High School,94,78
1913,Sandra Wong,F,9th,Huang High School,66,64
1914,Brooke Sellers,F,11th,Huang High School,94,99
1915,Alexis Bright,F,12th,Huang High School,92,90
1916,Jacqueline Hooper,F,12th,Huang High School,89,81
1917,Mrs. Kathleen Reed,F,12th,Huang High School,66,61
1918,Shelia Thompson,F,9th,Huang High School,71,76
1919,David Jones,M,11th,Huang High School,95,93
1920,Elijah Wood,M,9th,Huang High School,91,79
1921,Alyssa Donaldson,F,9th,Huang High School,82,63
1922,Andrew Howard,M,9th,Huang High School,91,74
1923,Tiffany Reynolds,F,10th,Huang High School,77,82
1924,Jamie Mccoy,F,12th,Huang High School,72,97
1925,Erin Rodriguez,F,10th,Huang High School,66,56
1926,Anne Roberts,F,12th,Huang High School,73,74
1927,Benjamin Hammond,M,10th,Huang High School,98,69
1928,Roy Mcdowell,M,9th,Huang High School,88,70
1929,Erica Huber,F,10th,Huang High School,86,58
1930,Michael Singleton,M,9th,Huang High School,64,80
1931,Joshua Jackson,M,10th,Huang High School,97,69
1932,Diana Holmes,F,9th,Huang High School,66,58
1933,Michael Whitney,M,10th,Huang High School,87,62
1934,Laura Clay,F,9th,Huang High School,83,94
1935,Cindy Sparks,F,9th,Huang High School,73,68
1936,Erin Harvey,F,9th,Huang High School,73,55
1937,Wendy Baker,F,11th,Huang High School,90,80
1938,Gary Duncan,M,11th,Huang High School,89,72
1939,Mark White,M,9th,Huang High School,69,71
1940,Joshua Wilson,M,9th,Huang High School,86,62
1941,Tyler Griffin,M,9th,Huang High School,80,69
1942,Kevin Harris,M,12th,Huang High School,71,64
1943,Michael Kim,M,11th,Huang High School,89,77
1944,Veronica Booth,F,10th,Huang High School,91,86
1945,Kimberly Smith,F,9th,Huang High School,94,99
1946,Patricia Santana,F,11th,Huang High School,67,98
1947,Dawn Mcgee,F,11th,Huang High School,91,99
1948,Dylan Villegas,M,9th,Huang High School,99,80
1949,William Evans,M,12th,Huang High School,97,65
1950,Gregory Griffin,M,10th,Huang High School,98,67
1951,Matthew Keller,M,12th,Huang High School,76,98
1952,Larry Hernandez,M,11th,Huang High School,71,93
1953,Bryan Grimes,M,10th,Huang High School,99,57
1954,Daniel Alvarez,M,10th,Huang High School,71,55
1955,Eric Wright,M,11th,Huang High School,91,72
1956,Justin Smith,M,11th,Huang High School,86,88
1957,Derek Long,M,12th,Huang High School,84,69
1958,Leslie Green,F,11th,Huang High School,82,89
1959,Brooke Mcdonald,F,9th,Huang High School,75,75
1960,Fernando Brown,M,10th,Huang High School,73,93
1961,Brian Russell,M,12th,Huang High School,78,78
1962,Jason Decker,M,10th,Huang High School,78,58
1963,Jennifer Cruz,F,9th,Huang High School,63,71
1964,Eric Moore,M,12th,Huang High School,77,68
1965,Gina Edwards,F,12th,Huang High School,63,82
1966,Crystal Wright,F,12th,Huang High School,82,96
1967,Austin Evans,M,10th,Huang High School,70,93
1968,Kenneth Graham,M,11th,Huang High School,87,67
1969,James Watkins,M,12th,Huang High School,90,65
1970,Christopher Stevens,M,11th,Huang High School,66,55
1971,Jason Lopez,M,11th,Huang High School,73,59
1972,Nancy Harrison,F,12th,Huang High School,83,59
1973,Maria Massey,F,9th,Huang High School,79,83
1974,Beverly Burns,F,11th,Huang High School,69,71
1975,Jennifer Buckley,F,9th,Huang High School,80,84
1976,Christopher Vaughn,M,10th,Huang High School,86,86
1977,Richard Baker,M,9th,Huang High School,68,91
1978,Eric Johnson,M,11th,Huang High School,77,78
1979,Jennifer Anderson,F,10th,Huang High School,82,96
1980,Valerie Turner,F,9th,Huang High School,95,57
1981,Paul Randolph,M,10th,Huang High School,73,79
1982,Brian Taylor,M,9th,Huang High School,63,63
1983,Katherine Neal,F,12th,Huang High School,79,92
1984,Albert Reid,M,9th,Huang High School,86,86
1985,Charles Newman,M,11th,Huang High School,80,58
1986,Laura Reynolds,F,9th,Huang High School,81,96
1987,Jesus Howell,M,12th,Huang High School,67,96
1988,Wendy Gonzales,F,12th,Huang High School,80,86
1989,Katie Soto,F,12th,Huang High School,63,60
1990,Daniel Chase,M,12th,Huang High School,86,76
1991,Sharon Vega,F,12th,Huang High School,73,81
1992,Jennifer Medina,F,9th,Huang High School,95,65
1993,Carol Romero,F,10th,Huang High School,98,83
1994,Peter Green,M,9th,Huang High School,84,78
1995,Shane Swanson,M,11th,Huang High School,77,97
1996,Kristin Howe,F,9th,Huang High School,86,91
1997,Cameron Ramos,M,11th,Huang High School,76,67
1998,Jennifer Walker,F,12th,Huang High School,85,98
1999,Joseph Williams,M,9th,Huang High School,90,61
2000,David Sanchez,M,11th,Huang High School,87,71
2001,Donna Lang,F,10th,Huang High School,84,63
2002,James Gordon,M,9th,Huang High School,78,78
2003,Nancy Smith,F,11th,Huang High School,88,68
2004,Matthew Solis,M,9th,Huang High School,95,93
2005,Jeffery Yang,M,11th,Huang High School,92,84
2006,Justin Chen,M,12th,Huang High School,82,72
2007,Michael Clay,M,11th,Huang High School,74,61
2008,Jeffery Hill,M,11th,Huang High School,95,76
2009,Kara Flores,F,9th,Huang High School,93,62
2010,Sean Rhodes,M,12th,Huang High School,91,77
2011,Henry Smith,M,12th,Huang High School,82,90
2012,Darius Harris,M,9th,Huang High School,67,96
2013,Amanda Wheeler,F,12th,Huang High School,84,57
2014,Alison Robinson,F,11th,Huang High School,67,61
2015,Tammie Rose,F,10th,Huang High School,76,72
2016,Donald Williams,M,9th,Huang High School,94,83
2017,Jacqueline Hammond,F,11th,Huang High School,96,70
2018,Cheryl Brown,F,9th,Huang High School,77,64
2019,Crystal Bright,F,10th,Huang High School,88,70
2020,Tiffany Peterson,F,9th,Huang High School,76,57
2021,Natalie Lee,F,9th,Huang High School,99,80
2022,Bianca Holland,F,10th,Huang High School,96,57
2023,Amanda Snow,F,11th,Huang High School,88,59
2024,Hannah Lynch,F,9th,Huang High School,74,70
2025,Leslie Guzman,F,11th,Huang High School,95,56
2026,Cody Mcdonald,M,11th,Huang High School,88,85
2027,Mitchell Holmes,M,11th,Huang High School,78,60
2028,Donna Robinson ,F,11th,Huang High School,88,58
2029,Deanna Garcia,F,9th,Huang High School,99,61
2030,Evelyn Boyd,F,9th,Huang High School,82,58
2031,Joyce Henderson,F,10th,Huang High School,73,87
2032,Cameron Mcintosh,M,11th,Huang High School,87,57
2033,Stephanie Lang,F,11th,Huang High School,97,75
2034,Gary Harper,M,9th,Huang High School,95,61
2035,Mrs. Dawn Olson ,F,11th,Huang High School,73,76
2036,Dustin Glover,M,11th,Huang High School,90,57
2037,Jennifer Hogan,F,9th,Huang High School,64,62
2038,Kevin Miller,M,9th,Huang High School,77,73
2039,Nathan Ayers,M,9th,Huang High School,91,88
2040,Amanda Oneill,F,11th,Huang High School,88,75
2041,Amanda Davis,F,12th,Huang High School,97,97
2042,Patricia Calderon,F,10th,Huang High School,95,97
2043,Jill Wilson,F,10th,Huang High School,73,91
2044,Richard Swanson,M,9th,Huang High School,86,91
2045,Traci Holt,F,10th,Huang High School,69,76
2046,Kelly Smith,F,9th,Huang High School,99,61
2047,Judith Nelson,F,10th,Huang High School,77,89
2048,Robert Smith,M,11th,Huang High School,83,62
2049,Alexis French ,F,10th,Huang High School,90,67
2050,Samantha Parker,F,12th,Huang High School,90,93
2051,Danny Davis,M,10th,Huang High School,64,73
2052,Zachary Brady,M,9th,Huang High School,89,68
2053,Amy Higgins,F,9th,Huang High School,71,89
2054,Thomas Rosario,M,11th,Huang High School,96,96
2055,Lisa Guerrero ,F,10th,Huang High School,95,63
2056,Jason Simmons,M,9th,Huang High School,89,72
2057,William Graves,M,9th,Huang High School,87,56
2058,Alicia Gallagher,F,10th,Huang High School,82,75
2059,Kathryn Vance,F,10th,Huang High School,98,89
2060,Christina Carrillo,F,12th,Huang High School,68,91
2061,Sierra Adams,F,12th,Huang High School,78,94
2062,Michelle Palmer,F,9th,Huang High School,86,64
2063,Danielle Flores,F,9th,Huang High School,89,93
2064,Kristin Davila,F,9th,Huang High School,92,61
2065,Sharon Sherman,F,11th,Huang High School,83,77
2066,Joshua Lam,M,9th,Huang High School,72,84
2067,Jeffrey Martin,M,9th,Huang High School,77,90
2068,Sheila Green,F,10th,Huang High School,68,71
2069,Elizabeth Whitaker,F,9th,Huang High School,92,78
2070,Juan Costa,M,9th,Huang High School,89,67
2071,Diana Davis,F,12th,Huang High School,83,97
2072,Pamela Rowland,F,11th,Huang High School,87,64
2073,Jessica Jenkins,F,12th,Huang High School,85,71
2074,Traci Chavez,F,9th,Huang High School,97,66
2075,Kurt Parker,M,12th,Huang High School,86,82
2076,Brian Lyons,M,12th,Huang High School,73,92
2077,David Nguyen ,M,9th,Huang High School,82,63
2078,Kevin Perry,M,9th,Huang High School,72,79
2079,Rachel English,F,11th,Huang High School,95,63
2080,Carlos Torres,M,11th,Huang High School,71,84
2081,Michael Bailey,M,11th,Huang High School,66,80
2082,Patricia Hunter,F,9th,Huang High School,79,66
2083,Caitlin Lee,F,11th,Huang High School,78,61
2084,Courtney Hicks,F,9th,Huang High School,89,72
2085,Charles Lane,M,10th,Huang High School,64,75
2086,Anthony Wright,M,11th,Huang High School,92,95
2087,James Bruce,M,12th,Huang High School,91,86
2088,William Washington Jr.,M,11th,Huang High School,64,59
2089,Kelsey Lin,F,12th,Huang High School,80,76
2090,Kelsey Cruz,F,10th,Huang High School,93,83
2091,Joshua Campbell,M,9th,Huang High School,86,76
2092,Michael Smith,M,11th,Huang High School,99,71
2093,Jeremy Bird,M,12th,Huang High School,97,83
2094,Candace Buchanan,F,11th,Huang High School,80,59
2095,Joy Gutierrez,F,10th,Huang High School,89,58
2096,Michael Hunter,M,10th,Huang High School,80,60
2097,Tammy Thomas,F,12th,Huang High School,71,60
2098,Michael Ruiz,M,10th,Huang High School,86,65
2099,Alan Mccoy,M,12th,Huang High School,86,65
2100,Valerie Ray,F,12th,Huang High School,99,55
2101,Patrick Barrett,M,11th,Huang High School,78,75
2102,Frederick Wagner,M,9th,Huang High School,91,95
2103,Steven Jackson,M,9th,Huang High School,79,79
2104,Jeremy Fisher,M,11th,Huang High School,65,87
2105,Tasha Garcia,F,11th,Huang High School,87,98
2106,Eric Kaufman,M,11th,Huang High School,91,61
2107,David Smith,M,10th,Huang High School,88,65
2108,Gregory Patterson,M,11th,Huang High School,92,85
2109,Peter Richards,M,11th,Huang High School,95,94
2110,Thomas Smith,M,11th,Huang High School,82,76
2111,Ryan Barnes,M,12th,Huang High School,74,68
2112,Kyle Cannon,M,11th,Huang High School,81,79
2113,Jessica Gomez,F,12th,Huang High School,84,68
2114,Eric Nichols,M,9th,Huang High School,94,70
2115,Julie Patterson ,F,9th,Huang High School,94,82
2116,Shawn Dougherty,M,10th,Huang High School,76,80
2117,Eileen Terry,F,12th,Huang High School,96,89
2118,Nicole Barnes,F,12th,Huang High School,75,65
2119,Pamela Perry,F,10th,Huang High School,81,59
2120,Susan Wright,F,10th,Huang High School,91,98
2121,James Kelly,M,10th,Huang High School,74,92
2122,Jason Lopez,M,9th,Huang High School,92,83
2123,Nancy Barnes,F,11th,Huang High School,67,80
2124,Veronica Carter,F,12th,Huang High School,89,62
2125,Jessica Brooks,F,10th,Huang High School,75,88
2126,Courtney Ayala,F,9th,Huang High School,77,97
2127,Jared Dunn,M,12th,Huang High School,88,74
2128,Dylan Allison,M,9th,Huang High School,69,61
2129,Robert Martin,M,10th,Huang High School,73,61
2130,Traci Horton,F,12th,Huang High School,80,76
2131,John Torres,M,9th,Huang High School,92,71
2132,Susan Crawford,F,12th,Huang High School,96,61
2133,Amy Kim,F,12th,Huang High School,83,57
2134,Mathew Harris,M,11th,Huang High School,96,69
2135,Stephen Choi,M,10th,Huang High School,94,82
2136,Anthony Williams,M,9th,Huang High School,71,60
2137,Joseph Lewis,M,12th,Huang High School,85,87
2138,Amanda Valencia,F,9th,Huang High School,82,79
2139,Larry Franco,M,9th,Huang High School,73,62
2140,Mark Moore,M,10th,Huang High School,84,69
2141,Dominique Walker,F,12th,Huang High School,88,98
2142,Jose Torres,M,12th,Huang High School,89,88
2143,Samantha Frazier,F,11th,Huang High School,99,80
2144,Cynthia Cooper,F,9th,Huang High School,78,95
2145,William Flowers,M,12th,Huang High School,80,93
2146,Kathleen Foster,F,11th,Huang High School,99,64
2147,Jessica Green,F,12th,Huang High School,66,92
2148,Sarah Cummings,F,12th,Huang High School,74,87
2149,Sarah Evans,F,12th,Huang High School,77,80
2150,Andrea Gibson,F,10th,Huang High School,87,67
2151,Samuel Freeman,M,11th,Huang High School,73,79
2152,Ruben Bennett,M,10th,Huang High School,84,55
2153,James Webster,M,10th,Huang High School,72,91
2154,Tamara Carey,F,10th,Huang High School,79,93
2155,Jesse Jimenez,M,9th,Huang High School,86,97
2156,Jane Phillips,F,12th,Huang High School,70,86
2157,John Haynes,M,12th,Huang High School,95,76
2158,Denise Vazquez,F,10th,Huang High School,79,67
2159,Darlene Thomas PhD,F,10th,Huang High School,90,74
2160,Juan Jenkins,M,9th,Huang High School,83,68
2161,Dennis Wheeler,M,12th,Huang High School,63,78
2162,Ronald Sanchez,M,9th,Huang High School,76,56
2163,Teresa Mason,F,11th,Huang High School,96,78
2164,Jeffrey Ruiz,M,12th,Huang High School,72,58
2165,Daniel Anderson,M,12th,Huang High School,80,83
2166,Jesse Reed,M,12th,Huang High School,75,79
2167,Sandra Duncan,F,12th,Huang High School,89,87
2168,Zachary Thompson,M,12th,Huang High School,82,96
2169,Tiffany Campos,F,9th,Huang High School,90,63
2170,Tara Castaneda,F,11th,Huang High School,70,96
2171,Crystal Cole,F,12th,Huang High School,90,81
2172,Stacey Boyer,F,11th,Huang High School,84,87
2173,Joel Franco,M,9th,Huang High School,74,96
2174,Austin Smith,M,10th,Huang High School,71,81
2175,Mary Harrington,F,9th,Huang High School,86,61
2176,Wesley Adkins,M,11th,Huang High School,87,82
2177,Harold Walker,M,10th,Huang High School,82,63
2178,Melanie Crosby,F,12th,Huang High School,86,55
2179,Bryan Thompson,M,10th,Huang High School,67,95
2180,Nicholas Lopez,M,11th,Huang High School,89,81
2181,Stephanie Wells,F,10th,Huang High School,93,79
2182,Amy Robbins,F,11th,Huang High School,81,61
2183,Robert Williams,M,11th,Huang High School,90,71
2184,Michele Bowman,F,10th,Huang High School,66,65
2185,Sheila Sharp,F,12th,Huang High School,90,91
2186,Kyle Harding,M,9th,Huang High School,76,95
2187,Jordan Jones,M,9th,Huang High School,75,90
2188,Tiffany Williams,F,12th,Huang High School,89,57
2189,Mariah Kelly,F,10th,Huang High School,67,57
2190,John Watson,M,10th,Huang High School,81,80
2191,Judith Gomez,F,12th,Huang High School,82,84
2192,Kyle Spencer,M,11th,Huang High School,81,90
2193,Jonathan Owens,M,11th,Huang High School,66,89
2194,Amanda Flores,F,11th,Huang High School,88,86
2195,Darrell Lozano,M,12th,Huang High School,72,96
2196,Madison Shaffer,F,10th,Huang High School,90,61
2197,Tristan King,M,9th,Huang High School,71,57
2198,Taylor Mendez,M,12th,Huang High School,70,60
2199,Juan Bryant II,M,10th,Huang High School,98,84
2200,Jared Long,M,11th,Huang High School,97,74
2201,Shannon Martinez,F,9th,Huang High School,98,85
2202,Alex Huynh,M,11th,Huang High School,80,69
2203,Melissa Jones,F,11th,Huang High School,93,91
2204,Jeremy Murray,M,9th,Huang High School,63,58
2205,Matthew Coleman,M,9th,Huang High School,77,91
2206,Aaron Foster,M,12th,Huang High School,82,89
2207,Lauren Taylor,F,11th,Huang High School,93,94
2208,Charles Williams,M,11th,Huang High School,82,63
2209,Jessica Gibson,F,12th,Huang High School,64,61
2210,Robert Franklin,M,12th,Huang High School,75,98
2211,Samuel Jones,M,9th,Huang High School,76,96
2212,Jason Anderson,M,9th,Huang High School,99,56
2213,Amanda Freeman,F,9th,Huang High School,68,72
2214,Kyle Howard,M,11th,Huang High School,77,56
2215,Lisa Johnson,F,11th,Huang High School,89,78
2216,Bonnie Hammond ,F,10th,Huang High School,95,75
2217,Corey Thompson,M,9th,Huang High School,71,57
2218,James Castaneda,M,11th,Huang High School,86,99
2219,Christopher Brown,M,10th,Huang High School,71,96
2220,Kelsey Shelton,F,10th,Huang High School,96,76
2221,Shannon Harris,F,11th,Huang High School,64,98
2222,Laura Bryant,F,10th,Huang High School,70,78
2223,Mindy Foley,F,9th,Huang High School,71,55
2224,David Burns,M,12th,Huang High School,78,89
2225,Marie Smith,F,11th,Huang High School,72,86
2226,Melissa Wilson,F,11th,Huang High School,79,61
2227,Kristina Reid,F,11th,Huang High School,98,63
2228,Daniel Perez,M,9th,Huang High School,63,92
2229,Lawrence Horn,M,12th,Huang High School,85,70
2230,Michael Garcia,M,11th,Huang High School,67,55
2231,Eric West,M,10th,Huang High School,84,62
2232,Joshua Shepard,M,9th,Huang High School,67,56
2233,Mary Duran,F,11th,Huang High School,95,84
2234,Michael Mack,M,9th,Huang High School,74,95
2235,Jordan Duncan,M,9th,Huang High School,71,96
2236,Mary Cook,F,10th,Huang High School,83,67
2237,Kathleen Harris ,F,11th,Huang High School,71,56
2238,John Young,M,10th,Huang High School,83,57
2239,Charles Howard,M,11th,Huang High School,87,99
2240,Tanya Donaldson,F,9th,Huang High School,96,75
2241,Nathan Ball,M,11th,Huang High School,68,70
2242,John Clark,M,11th,Huang High School,68,93
2243,Melissa Wilson,F,9th,Huang High School,65,60
2244,Larry Hernandez,M,9th,Huang High School,92,60
2245,Matthew Jordan,M,11th,Huang High School,97,57
2246,Melissa Whitney,F,11th,Huang High School,92,60
2247,Keith Griffin,M,9th,Huang High School,91,70
2248,Benjamin Rivera,M,10th,Huang High School,75,94
2249,Travis Sutton,M,10th,Huang High School,86,79
2250,Ashlee Keller,F,9th,Huang High School,99,69
2251,Shari Marshall,F,12th,Huang High School,74,88
2252,Dillon Le,M,10th,Huang High School,69,95
2253,Patricia Sanders,F,10th,Huang High School,84,94
2254,Cynthia Ferguson,F,11th,Huang High School,68,63
2255,Matthew Reynolds,M,10th,Huang High School,89,76
2256,Jennifer Lowe,F,10th,Huang High School,66,75
2257,Joseph Wilson,M,9th,Huang High School,87,87
2258,Jared Hart,M,9th,Huang High School,93,98
2259,Kenneth Marshall,M,10th,Huang High School,81,91
2260,Harold Conrad,M,10th,Huang High School,91,64
2261,Amanda Nelson,F,11th,Huang High School,67,75
2262,Kimberly Underwood,F,9th,Huang High School,85,78
2263,Julie Tucker,F,11th,Huang High School,79,63
2264,Dana Cook,F,11th,Huang High School,63,99
2265,Robin Ellis,F,10th,Huang High School,65,93
2266,Steven Velez ,M,12th,Huang High School,70,62
2267,Christine Haynes,F,12th,Huang High School,70,63
2268,Matthew Ryan,M,9th,Huang High School,64,80
2269,Beth Hendricks,F,10th,Huang High School,66,99
2270,Teresa Holmes,F,12th,Huang High School,87,98
2271,Brian Richardson,M,11th,Huang High School,71,96
2272,Kevin Fuller,M,12th,Huang High School,69,81
2273,Tiffany Guzman,F,9th,Huang High School,84,91
2274,Roberto Cox,M,10th,Huang High School,72,89
2275,Alexander Delgado,M,10th,Huang High School,75,66
2276,Caitlyn Smith,F,9th,Huang High School,82,56
2277,Michael Pittman,M,11th,Huang High School,99,80
2278,Alexander Gonzalez,M,9th,Huang High School,91,94
2279,Lisa Foster,F,12th,Huang High School,73,87
2280,Gerald Shaw,M,11th,Huang High School,64,62
2281,Frank King,M,10th,Huang High School,96,99
2282,Paul Mercado,M,10th,Huang High School,94,65
2283,Bobby Larson,M,11th,Huang High School,83,82
2284,Samantha Fitzpatrick,F,12th,Huang High School,97,66
2285,Tammy Cruz ,F,9th,Huang High School,91,96
2286,Marie Williams,F,11th,Huang High School,95,77
2287,Taylor Schaefer,F,11th,Huang High School,70,84
2288,Nichole Schultz,F,12th,Huang High School,92,85
2289,Olivia Mosley,F,10th,Huang High School,93,59
2290,Anthony Fox,M,12th,Huang High School,91,78
2291,Brittany Moreno,F,12th,Huang High School,89,89
2292,Carol Garrison,F,9th,Huang High School,85,72
2293,Alejandro Jones,M,12th,Huang High School,72,68
2294,Erin Soto,F,9th,Huang High School,97,91
2295,Sandra Garcia,F,10th,Huang High School,83,96
2296,Lori Harris,F,11th,Huang High School,91,69
2297,Angela Sanchez,F,11th,Huang High School,66,77
2298,Jessica Williams,F,10th,Huang High School,63,75
2299,Patrick Fisher,M,9th,Huang High School,90,75
2300,Richard Wilson,M,11th,Huang High School,86,63
2301,David Smith,M,11th,Huang High School,78,61
2302,Kenneth Paul Jr.,M,11th,Huang High School,82,82
2303,Nathaniel Mathis,M,12th,Huang High School,92,56
2304,Bailey Buchanan,F,12th,Huang High School,71,99
2305,Jacqueline Green,F,10th,Huang High School,75,62
2306,Raymond Dawson,M,9th,Huang High School,92,66
2307,Holly Chan,F,12th,Huang High School,92,84
2308,Taylor Perez,F,9th,Huang High School,69,95
2309,Christian Hernandez,M,9th,Huang High School,69,61
2310,Debra Ramos,F,9th,Huang High School,83,69
2311,Timothy Chapman,M,12th,Huang High School,84,59
2312,Tyrone Benson,M,10th,Huang High School,92,67
2313,Joseph Douglas,M,9th,Huang High School,63,79
2314,Michaela Hall,F,12th,Huang High School,97,60
2315,Michele Mcgrath,F,10th,Huang High School,92,82
2316,Marvin Sawyer,M,11th,Huang High School,64,75
2317,Jorge Romero,M,10th,Huang High School,66,62
2318,Daniel Salazar,M,12th,Huang High School,96,72
2319,Kristin Morgan,F,12th,Huang High School,97,81
2320,Jose Morris,M,11th,Huang High School,74,73
2321,Dennis Dunn,M,11th,Huang High School,77,75
2322,Alexandria Hartman,F,9th,Huang High School,99,69
2323,Richard Blackwell,M,11th,Huang High School,68,56
2324,Phillip Walker,M,9th,Huang High School,94,62
2325,Dana Washington,F,10th,Huang High School,99,57
2326,Brittney May,F,12th,Huang High School,81,69
2327,Emily Molina,F,10th,Huang High School,80,74
2328,Shawn Santos,M,12th,Huang High School,82,72
2329,Ryan Carpenter,M,12th,Huang High School,99,81
2330,Daniel Jackson,M,9th,Huang High School,65,79
2331,Terry Pope,F,11th,Huang High School,93,63
2332,Thomas Smith,M,9th,Huang High School,80,93
2333,Jerry Brown,M,10th,Huang High School,64,93
2334,Chad Dawson,M,10th,Huang High School,82,77
2335,Amber Yates,F,11th,Huang High School,64,96
2336,Robert Williams,M,12th,Huang High School,87,94
2337,Charles Washington,M,10th,Huang High School,75,66
2338,Rebecca Davis,F,10th,Huang High School,71,97
2339,Stacey Henderson,F,10th,Huang High School,85,81
2340,Elizabeth Stuart,F,10th,Huang High School,74,91
2341,Bryan Hansen,M,12th,Huang High School,68,86
2342,Keith Stokes,M,10th,Huang High School,83,57
2343,Melissa Ross,F,9th,Huang High School,81,71
2344,Jason Flores,M,12th,Huang High School,73,97
2345,Jennifer Rogers,F,9th,Huang High School,84,61
2346,Amber Kramer,F,9th,Huang High School,77,94
2347,Veronica Lester,F,11th,Huang High School,91,65
2348,Joseph Fleming,M,10th,Huang High School,67,74
2349,Joseph Reynolds,M,10th,Huang High School,79,89
2350,Jose Alvarez,M,11th,Huang High School,82,58
2351,Tony Chan,M,10th,Huang High School,82,66
2352,Scott Rivers III,M,12th,Huang High School,74,60
2353,Tammy Hayes,F,12th,Huang High School,98,83
2354,Danny Sanford,M,10th,Huang High School,97,92
2355,Melissa Rodriguez ,F,12th,Huang High School,64,95
2356,Scott Hunter,M,11th,Huang High School,84,75
2357,Devin Love,M,9th,Huang High School,63,96
2358,Ronald Ayala,M,9th,Huang High School,63,84
2359,Bethany Mcdonald,F,11th,Huang High School,98,81
2360,Amanda Norman,F,9th,Huang High School,64,90
2361,Kathryn David,F,11th,Huang High School,67,95
2362,Brian Daniels,M,12th,Huang High School,75,76
2363,Lindsey Bennett,F,10th,Huang High School,91,90
2364,Christine Bass,F,11th,Huang High School,92,97
2365,Ashley Young,F,11th,Huang High School,82,74
2366,Louis Little,M,12th,Huang High School,85,81
2367,Michael Casey,M,11th,Huang High School,64,87
2368,Amy Davis,F,9th,Huang High School,89,65
2369,Tracey Anderson,F,10th,Huang High School,93,70
2370,Mary Boyd,F,12th,Huang High School,82,58
2371,Linda Gross,F,11th,Huang High School,78,93
2372,James Wilson,M,12th,Huang High School,73,72
2373,Ryan Vaughn,M,12th,Huang High School,97,93
2374,Emily Sullivan,F,12th,Huang High School,65,93
2375,Scott Simpson,M,9th,Huang High School,67,72
2376,Wesley Klein,M,12th,Huang High School,69,61
2377,Robin Jackson,F,9th,Huang High School,80,60
2378,Mark Mayer,M,11th,Huang High School,99,65
2379,Kevin Rogers,M,10th,Huang High School,90,73
2380,Kenneth Woodard,M,9th,Huang High School,93,71
2381,Jennifer Colon,F,11th,Huang High School,77,61
2382,Yolanda Jordan,F,11th,Huang High School,63,60
2383,Adam Gonzales,M,11th,Huang High School,79,66
2384,Kathy Marshall,F,10th,Huang High School,81,72
2385,Cynthia Molina,F,11th,Huang High School,88,70
2386,Nathan Allen,M,9th,Huang High School,88,82
2387,Melissa Carlson,F,10th,Huang High School,96,64
2388,Rachel Long,F,9th,Huang High School,83,75
2389,Brian Hernandez,M,11th,Huang High School,96,67
2390,Lucas Hernandez,M,10th,Huang High School,68,70
2391,Tyler Brennan,M,12th,Huang High School,69,68
2392,Jacqueline Lopez,F,9th,Huang High School,67,66
2393,Rebecca Castillo,F,9th,Huang High School,94,63
2394,Christina Parrish,F,9th,Huang High School,92,62
2395,Daryl Macias,M,12th,Huang High School,90,85
2396,Emma Owen,F,12th,Huang High School,72,75
2397,Robert Byrd,M,12th,Huang High School,71,83
2398,Michael Foley,M,12th,Huang High School,68,67
2399,Anthony Bailey,M,10th,Huang High School,68,74
2400,Rebecca Jones,F,9th,Huang High School,98,65
2401,Rebecca Schroeder,F,9th,Huang High School,91,90
2402,Geoffrey Ortiz ,M,9th,Huang High School,82,92
2403,Katrina Jackson,F,10th,Huang High School,70,57
2404,Steven Solomon,M,9th,Huang High School,63,97
2405,Barbara Ramos,F,9th,Huang High School,71,91
2406,David Armstrong,M,9th,Huang High School,78,95
2407,Brandon Tucker,M,9th,Huang High School,75,70
2408,Valerie Garcia,F,12th,Huang High School,93,96
2409,Rachael Lopez,F,9th,Huang High School,72,71
2410,Julia Schmidt,F,9th,Huang High School,74,58
2411,Barbara Brown,F,9th,Huang High School,93,87
2412,Bryce Nguyen,M,10th,Huang High School,75,82
2413,Roger Olsen,M,9th,Huang High School,87,85
2414,Mark Harmon,M,12th,Huang High School,65,99
2415,Evan Livingston,M,11th,Huang High School,76,59
2416,Vickie Keller,F,12th,Huang High School,73,88
2417,Isabella Perry,F,11th,Huang High School,67,69
2418,Anita Johnson,F,9th,Huang High School,78,88
2419,Karen Brown,F,12th,Huang High School,87,93
2420,Kimberly Davidson,F,12th,Huang High School,74,96
2421,Joel Watkins,M,10th,Huang High School,75,72
2422,Jon George,M,11th,Huang High School,96,81
2423,William Jackson,M,9th,Huang High School,71,92
2424,Juan Cole,M,11th,Huang High School,98,75
2425,Mark Aguirre,M,9th,Huang High School,85,65
2426,Javier Smith,M,11th,Huang High School,83,80
2427,James Martinez,M,10th,Huang High School,92,95
2428,John Miller,M,12th,Huang High School,88,79
2429,Christopher Potter,M,11th,Huang High School,64,79
2430,Jeffrey Brown,M,11th,Huang High School,68,59
2431,Regina Reed,F,11th,Huang High School,85,95
2432,Tonya Stout,F,10th,Huang High School,84,72
2433,Samuel Thomas,M,11th,Huang High School,83,66
2434,Julie Roberts,F,9th,Huang High School,70,71
2435,Christina Clark,F,9th,Huang High School,90,64
2436,Robert Combs,M,10th,Huang High School,80,96
2437,Alexis Jimenez,F,10th,Huang High School,71,76
2438,Luis Palmer,M,10th,Huang High School,98,94
2439,Stephanie Clark,F,10th,Huang High School,97,77
2440,Amy Smith,F,9th,Huang High School,68,99
2441,Seth Baldwin,M,9th,Huang High School,80,92
2442,Jessica Gray,F,9th,Huang High School,96,94
2443,Tim Lewis,M,12th,Huang High School,75,58
2444,Benjamin Hicks,M,10th,Huang High School,68,94
2445,Deborah Jordan,F,10th,Huang High School,81,62
2446,Anita Benitez,F,11th,Huang High School,81,86
2447,Jill Santiago,F,10th,Huang High School,82,94
2448,Rachael Vaughn,F,9th,Huang High School,78,76
2449,Matthew Stewart ,M,12th,Huang High School,67,85
2450,Trevor Snyder,M,12th,Huang High School,77,66
2451,Sally Pitts,F,12th,Huang High School,85,80
2452,Gloria Joseph,F,12th,Huang High School,71,56
2453,Joshua Jones,M,9th,Huang High School,72,99
2454,Brooke Wells,F,10th,Huang High School,92,61
2455,Matthew Perez,M,12th,Huang High School,86,94
2456,Caitlyn Chavez,F,9th,Huang High School,64,77
2457,Pamela Valentine,F,9th,Huang High School,96,74
2458,Jeremiah Howard,M,10th,Huang High School,89,69
2459,Diana Atkinson,F,11th,Huang High School,84,78
2460,Stephen Zamora,M,9th,Huang High School,73,83
2461,James Burns,M,11th,Huang High School,98,74
2462,Calvin Orozco,M,12th,Huang High School,78,57
2463,Jeffrey Rice,M,9th,Huang High School,84,67
2464,Anthony Silva,M,10th,Huang High School,93,75
2465,Levi Watson,M,9th,Huang High School,95,81
2466,Amber Cruz,F,10th,Huang High School,97,59
2467,Suzanne Wilson,F,9th,Huang High School,66,83
2468,Karina Stout,F,9th,Huang High School,70,68
2469,Richard Morales,M,11th,Huang High School,97,98
2470,Michael Medina,M,11th,Huang High School,87,87
2471,Andrew Raymond,M,11th,Huang High School,96,60
2472,Andrew Morris,M,9th,Huang High School,81,82
2473,Daniel Johnson,M,12th,Huang High School,66,61
2474,William Woods,M,11th,Huang High School,81,73
2475,Laura Gross,F,10th,Huang High School,78,63
2476,Christine Mullen,F,12th,Huang High School,70,83
2477,Lucas Smith,M,11th,Huang High School,92,70
2478,Katherine Braun,F,12th,Huang High School,85,78
2479,Kaitlyn Barr,F,9th,Huang High School,99,77
2480,Michelle Roberts,F,10th,Huang High School,85,88
2481,Jeremiah Jensen,M,10th,Huang High School,80,81
2482,Jordan Reed,M,9th,Huang High School,93,65
2483,Dawn Herrera,F,9th,Huang High School,69,73
2484,David Mitchell,M,12th,Huang High School,79,99
2485,Trevor Mendoza,M,9th,Huang High School,86,59
2486,Angel Stewart,F,11th,Huang High School,95,58
2487,Daniel Smith,M,10th,Huang High School,66,71
2488,Paige Miller,F,9th,Huang High School,84,57
2489,Carlos Bradley,M,10th,Huang High School,92,90
2490,Caroline Vincent,F,10th,Huang High School,89,65
2491,Molly Williams,F,10th,Huang High School,84,82
2492,Jorge Davis,M,10th,Huang High School,95,58
2493,William Garcia,M,9th,Huang High School,72,61
2494,James Estrada,M,10th,Huang High School,92,94
2495,Sarah Waller,F,10th,Huang High School,95,64
2496,Allen Chen,M,10th,Huang High School,86,66
2497,Robert Fisher,M,12th,Huang High School,73,66
2498,Emily Fernandez,F,9th,Huang High School,99,83
2499,Adam Tate,M,11th,Huang High School,98,57
2500,Jose Potts,M,9th,Huang High School,88,55
2501,Teresa Gonzalez,F,12th,Huang High School,91,69
2502,Frank Davis,M,12th,Huang High School,88,87
2503,Catherine Johnson,F,12th,Huang High School,93,81
2504,Jeremy Miller,M,10th,Huang High School,76,99
2505,Terri Torres,F,11th,Huang High School,80,80
2506,Thomas Ortiz,M,10th,Huang High School,84,73
2507,Jasmine Davis,F,10th,Huang High School,71,82
2508,Tonya Ortiz,F,11th,Huang High School,64,68
2509,Timothy Hartman,M,12th,Huang High School,80,69
2510,Kelly Obrien,F,10th,Huang High School,74,77
2511,Charles Taylor,M,10th,Huang High School,75,58
2512,Cheryl Adams,F,12th,Huang High School,96,71
2513,Samantha Bass,F,10th,Huang High School,96,92
2514,Susan Vaughan,F,10th,Huang High School,69,61
2515,Brandon Yates,M,10th,Huang High School,82,94
2516,Thomas Greene,M,10th,Huang High School,69,56
2517,Ernest Joseph,M,11th,Huang High School,90,63
2518,Briana Horton,F,9th,Huang High School,65,55
2519,Steven Humphrey,M,9th,Huang High School,75,91
2520,Austin Lewis,M,9th,Huang High School,85,76
2521,Edgar Hughes,M,12th,Huang High School,89,80
2522,Timothy Perez,M,11th,Huang High School,95,66
2523,Jill Brown,F,12th,Huang High School,97,80
2524,Ashley Hays,F,9th,Huang High School,87,99
2525,Scott Davis,M,11th,Huang High School,82,71
2526,Elizabeth Alvarado,F,10th,Huang High School,84,67
2527,Christopher Benjamin,M,11th,Huang High School,94,92
2528,Laurie Mendez,F,10th,Huang High School,64,68
2529,David Kelly,M,9th,Huang High School,92,59
2530,Kathleen Wright,F,11th,Huang High School,64,65
2531,Jennifer Walsh,F,10th,Huang High School,65,74
2532,George Fisher,M,11th,Huang High School,75,75
2533,Mark Church,M,9th,Huang High School,87,61
2534,Tanya Jones,F,9th,Huang High School,96,65
2535,Michael Sanchez,M,11th,Huang High School,99,79
2536,Kathleen Smith,F,9th,Huang High School,87,91
2537,Brittany Carr,F,11th,Huang High School,76,98
2538,Melanie Jackson,F,10th,Huang High School,68,88
2539,Kathryn Aguilar,F,11th,Huang High School,89,86
2540,Miguel Jenkins,M,9th,Huang High School,83,82
2541,Victor Morrison,M,9th,Huang High School,98,88
2542,Taylor Johnson,F,10th,Huang High School,91,95
2543,Brett Bryant,M,11th,Huang High School,66,83
2544,Charles Harper,M,12th,Huang High School,89,84
2545,Daniel Gutierrez,M,11th,Huang High School,65,57
2546,Brian Rogers,M,12th,Huang High School,90,83
2547,Joshua Cook,M,9th,Huang High School,91,68
2548,Vanessa Hurst,F,11th,Huang High School,78,82
2549,Jill Swanson,F,9th,Huang High School,81,91
2550,Maureen Wilson,F,9th,Huang High School,97,93
2551,Diane Powell,F,10th,Huang High School,66,72
2552,Amanda Thompson,F,12th,Huang High School,73,89
2553,Vincent Nguyen,M,11th,Huang High School,86,72
2554,Michael Thompson,M,10th,Huang High School,93,65
2555,Dennis Hernandez,M,12th,Huang High School,63,92
2556,Laurie Brandt,F,11th,Huang High School,90,93
2557,Charles Jacobs,M,9th,Huang High School,96,62
2558,Rachel Knox,F,11th,Huang High School,88,74
2559,Jordan Walker,F,9th,Huang High School,94,87
2560,Mary Martin,F,9th,Huang High School,81,56
2561,Joshua Patton,M,10th,Huang High School,71,62
2562,Pam Daniels,F,11th,Huang High School,95,81
2563,Peter Massey,M,11th,Huang High School,90,58
2564,Sarah Flowers,F,11th,Huang High School,94,63
2565,Patricia Carney,F,12th,Huang High School,66,96
2566,Kelly Perez,M,9th,Huang High School,98,60
2567,Michael Gutierrez,M,10th,Huang High School,84,59
2568,Garrett Ferguson,M,11th,Huang High School,70,60
2569,Cassandra Smith,F,10th,Huang High School,71,84
2570,Nicholas Franco,M,9th,Huang High School,72,65
2571,Kimberly Knapp,F,9th,Huang High School,96,85
2572,Wanda Davidson,F,11th,Huang High School,82,81
2573,Dennis Carter,M,11th,Huang High School,98,59
2574,Kim Roberts,F,12th,Huang High School,77,79
2575,Amy Davidson,F,9th,Huang High School,75,81
2576,Alexa Scott,F,12th,Huang High School,96,92
2577,Sean Gentry,M,9th,Huang High School,69,60
2578,Tiffany Contreras,F,9th,Huang High School,68,94
2579,Bonnie Wiggins,F,11th,Huang High School,95,93
2580,Dawn Gonzalez,F,11th,Huang High School,66,56
2581,Robert Lang,M,10th,Huang High School,90,97
2582,Devin Lucas,M,11th,Huang High School,68,55
2583,Kathryn Williams,F,10th,Huang High School,99,89
2584,Donna Cook,F,9th,Huang High School,64,77
2585,Candice Jordan,F,10th,Huang High School,92,75
2586,Sandra Thompson ,F,10th,Huang High School,94,62
2587,Kristen Mckinney,F,10th,Huang High School,70,64
2588,Gerald Porter,M,11th,Huang High School,65,79
2589,Judith Hall,F,10th,Huang High School,72,58
2590,Michelle Guerrero,F,11th,Huang High School,65,68
2591,Kathryn Rollins,F,10th,Huang High School,94,63
2592,Harold Contreras,M,12th,Huang High School,80,64
2593,Brian Vargas,M,12th,Huang High School,87,57
2594,Jorge Moody,M,12th,Huang High School,84,70
2595,Kimberly Church,F,10th,Huang High School,98,56
2596,Preston Whitney,M,10th,Huang High School,86,96
2597,Justin Cabrera,M,12th,Huang High School,70,87
2598,Timothy Johnson,M,12th,Huang High School,70,73
2599,Jacqueline Garcia,F,11th,Huang High School,74,68
2600,Amy Allen,F,12th,Huang High School,77,73
2601,Monica Miller,F,11th,Huang High School,78,68
2602,Brooke Barnett,F,11th,Huang High School,74,56
2603,Mark Myers Jr.,M,9th,Huang High School,82,68
2604,Steven Bautista,M,12th,Huang High School,81,98
2605,George Hahn,M,11th,Huang High School,96,81
2606,Pamela Gill,F,9th,Huang High School,64,88
2607,Frederick Garrett,M,11th,Huang High School,77,97
2608,Chelsea Estrada,F,11th,Huang High School,96,55
2609,Michael Brewer,M,9th,Huang High School,64,82
2610,Brian Robinson,M,10th,Huang High School,87,88
2611,Andrea Rose,F,10th,Huang High School,90,85
2612,Michelle Best,F,9th,Huang High School,74,86
2613,Danny Lawrence,M,9th,Huang High School,64,63
2614,Jonathan Villa,M,10th,Huang High School,93,57
2615,James Jones,M,10th,Huang High School,85,61
2616,David Benson,M,12th,Huang High School,63,68
2617,Angie Sparks,F,10th,Huang High School,96,73
2618,Jacob Stephens,M,10th,Huang High School,82,79
2619,Elizabeth Perez,F,12th,Huang High School,87,93
2620,Diane Garza,F,12th,Huang High School,85,68
2621,Debra Hicks,F,9th,Huang High School,96,59
2622,Ashley Gray,F,11th,Huang High School,65,57
2623,Ashley Gaines,F,11th,Huang High School,71,76
2624,Jaime Bryant,F,10th,Huang High School,94,76
2625,Stephanie Thomas,F,11th,Huang High School,66,99
2626,Dominique Booker,F,10th,Huang High School,71,79
2627,Bobby Berry,M,10th,Huang High School,76,69
2628,Jeffrey Caldwell,M,12th,Huang High School,89,98
2629,Amanda Fox,F,10th,Huang High School,91,63
2630,Gloria Johnson,F,12th,Huang High School,99,88
2631,Megan Peterson,F,11th,Huang High School,82,75
2632,Kristen Aguilar,F,10th,Huang High School,90,88
2633,Laura Olson,F,10th,Huang High School,93,60
2634,Shelby Alexander,F,12th,Huang High School,80,81
2635,Christie Moon,F,11th,Huang High School,83,64
2636,Denise Rogers,F,12th,Huang High School,66,72
2637,Kayla Newman,F,9th,Huang High School,75,57
2638,Brett Davis,M,11th,Huang High School,98,67
2639,Melanie Kennedy,F,9th,Huang High School,65,64
2640,Gregory Bruce,M,10th,Huang High School,92,88
2641,Jennifer Garcia,F,9th,Huang High School,79,67
2642,Scott Wilson,M,9th,Huang High School,95,75
2643,Terry Gardner,F,11th,Huang High School,93,63
2644,Sue Schwartz,F,11th,Huang High School,97,63
2645,Mrs. Maria Smith ,F,10th,Huang High School,63,87
2646,Dan Mejia,M,12th,Huang High School,90,83
2647,David Salinas,M,10th,Huang High School,90,70
2648,Jennifer Boone,F,10th,Huang High School,89,95
2649,Jamie Williams,F,12th,Huang High School,92,87
2650,Alexis Barnes,M,10th,Huang High School,88,93
2651,David Clark,M,10th,Huang High School,73,73
2652,Steve Smith,M,10th,Huang High School,67,62
2653,Ivan Baker,M,11th,Huang High School,80,93
2654,Christopher Smith,M,11th,Huang High School,75,75
2655,Shannon Smith,F,10th,Huang High School,94,68
2656,Savannah Russell,F,11th,Huang High School,76,82
2657,James Mcdonald,M,11th,Huang High School,80,81
2658,Michael Dean,M,12th,Huang High School,76,65
2659,Sarah Bailey,F,11th,Huang High School,87,84
2660,Rebecca Ibarra,F,11th,Huang High School,79,80
2661,Wendy Watts,F,11th,Huang High School,65,58
2662,Douglas Jones,M,9th,Huang High School,84,67
2663,Amanda Decker,F,12th,Huang High School,85,83
2664,Ashley Mays,F,9th,Huang High School,72,63
2665,Tara Estrada,F,9th,Huang High School,85,74
2666,Briana Chang,F,12th,Huang High School,87,68
2667,David Sims,M,9th,Huang High School,64,72
2668,Patricia Castro,F,9th,Huang High School,77,60
2669,Elizabeth Williams,F,10th,Huang High School,99,81
2670,Cheryl Young,F,12th,Huang High School,63,74
2671,Russell Cross,M,12th,Huang High School,76,79
2672,Jose Allen,M,10th,Huang High School,73,90
2673,Matthew Sanchez,M,10th,Huang High School,95,56
2674,Jennifer Turner,F,9th,Huang High School,99,73
2675,Michael Robinson,M,12th,Huang High School,79,70
2676,Catherine Wright,F,9th,Huang High School,82,69
2677,Brittany Larsen,F,9th,Huang High School,88,99
2678,Devin Watson,M,11th,Huang High School,86,97
2679,Charles Cannon,M,10th,Huang High School,76,66
2680,Nicolas Martin,M,10th,Huang High School,67,90
2681,Lisa Johns,F,11th,Huang High School,70,93
2682,Susan Mullins,F,9th,Huang High School,80,69
2683,Jasmin Wright,F,11th,Huang High School,86,65
2684,Cassandra Turner,F,11th,Huang High School,83,97
2685,Valerie Warren,F,11th,Huang High School,80,84
2686,Daniel Webb,M,12th,Huang High School,66,79
2687,Kimberly Clements,F,9th,Huang High School,99,90
2688,Tanya Hernandez,F,10th,Huang High School,77,98
2689,Jill Carey,F,11th,Huang High School,89,63
2690,Sara Vang,F,12th,Huang High School,97,67
2691,Ronald Smith,M,9th,Huang High School,84,76
2692,Jody Orr,F,9th,Huang High School,64,79
2693,Sophia Abbott,F,11th,Huang High School,94,60
2694,Sarah Jones,F,9th,Huang High School,65,87
2695,Lori White,F,10th,Huang High School,88,63
2696,Mary Moore,F,9th,Huang High School,96,70
2697,Nancy Mendoza,F,11th,Huang High School,70,82
2698,Ashley Dickerson,F,9th,Huang High School,79,98
2699,Justin Robinson,M,10th,Huang High School,77,73
2700,Michael Palmer,M,10th,Huang High School,78,93
2701,Scott Burton,M,11th,Huang High School,79,63
2702,Blake Conner,M,10th,Huang High School,69,79
2703,Danielle Blake,F,11th,Huang High School,74,89
2704,Andrew Conley,M,12th,Huang High School,73,65
2705,Jamie Howard,M,11th,Huang High School,90,97
2706,Haley Adams,F,11th,Huang High School,81,74
2707,Kyle Bolton,M,11th,Huang High School,85,95
2708,Barbara Simon,F,10th,Huang High School,89,93
2709,Sean Martinez,M,9th,Huang High School,80,94
2710,Brittany Nguyen,F,12th,Huang High School,79,64
2711,Michael Blair,M,10th,Huang High School,85,98
2712,Jennifer Keller,F,10th,Huang High School,89,84
2713,Yvonne Phillips,F,9th,Huang High School,83,70
2714,Collin Maldonado,M,12th,Huang High School,66,91
2715,Robert Berry,M,9th,Huang High School,63,64
2716,Christine Martinez,F,10th,Huang High School,93,99
2717,Michael Ortega,M,12th,Huang High School,83,85
2718,Richard Sweeney,M,12th,Huang High School,85,56
2719,April Bush,F,11th,Huang High School,67,95
2720,John Nichols,M,9th,Huang High School,91,93
2721,Amanda Zimmerman,F,9th,Huang High School,98,62
2722,Deborah Taylor,F,10th,Huang High School,63,87
2723,Kaitlyn Kramer,F,11th,Huang High School,85,96
2724,Amy Taylor,F,10th,Huang High School,92,84
2725,Hailey Henderson,F,12th,Huang High School,65,79
2726,Jessica Green,F,9th,Huang High School,97,55
2727,Michaela Robles,F,9th,Huang High School,94,85
2728,Joshua Campos,M,11th,Huang High School,71,61
2729,Kenneth Webb,M,11th,Huang High School,83,95
2730,Daniel Stephens,M,10th,Huang High School,67,90
2731,Christopher Melendez,M,12th,Huang High School,83,71
2732,Timothy Leach,M,10th,Huang High School,94,81
2733,John Calhoun,M,10th,Huang High School,78,99
2734,Connie Myers,F,10th,Huang High School,63,95
2735,Amanda Patterson ,F,9th,Huang High School,76,94
2736,Rachel Scott,F,11th,Huang High School,77,55
2737,Aaron Booker,M,12th,Huang High School,81,64
2738,Kelly Browning,F,10th,Huang High School,88,83
2739,Ricky Murphy,M,12th,Huang High School,87,86
2740,Tara Banks ,F,10th,Huang High School,83,67
2741,Benjamin James,M,9th,Huang High School,69,74
2742,Jessica Hudson,F,11th,Huang High School,92,62
2743,Daniel Miller,M,11th,Huang High School,85,87
2744,Sean Hernandez,M,10th,Huang High School,98,79
2745,David Nelson,M,10th,Huang High School,99,77
2746,Shane Griffith,M,11th,Huang High School,98,92
2747,Melinda King,F,9th,Huang High School,85,68
2748,Angela Jimenez,F,9th,Huang High School,74,87
2749,Daniel Garrett,M,11th,Huang High School,75,95
2750,Elaine Thompson,F,12th,Huang High School,99,87
2751,Eric Bryant,M,12th,Huang High School,86,78
2752,Carlos Patel,M,9th,Huang High School,70,65
2753,Steven Fox,M,12th,Huang High School,70,72
2754,Karen Brown,F,11th,Huang High School,77,95
2755,Crystal Cooper,F,9th,Huang High School,74,57
2756,Candice Gonzales,F,10th,Huang High School,73,72
2757,Daniel Herrera,M,10th,Huang High School,75,93
2758,Amber Cooper,F,11th,Huang High School,81,92
2759,Jacob Lozano,M,12th,Huang High School,70,68
2760,John Mills,M,12th,Huang High School,94,96
2761,James Phillips,M,10th,Huang High School,78,81
2762,Caroline Gonzales,F,9th,Huang High School,71,80
2763,Nicole Wall,F,9th,Huang High School,96,97
2764,Nancy Brown ,F,12th,Huang High School,74,77
2765,Patricia Velazquez,F,11th,Huang High School,80,57
2766,John White,M,9th,Huang High School,66,64
2767,Meghan Anderson,F,10th,Huang High School,76,97
2768,Jesus Reeves,M,9th,Huang High School,81,67
2769,Joseph Anthony,M,11th,Huang High School,83,74
2770,Robert Sutton,M,10th,Huang High School,71,63
2771,Karen Herman,F,10th,Huang High School,74,56
2772,David Mitchell,M,10th,Huang High School,80,67
2773,Linda Walker,F,12th,Huang High School,66,91
2774,Karen Wallace,F,10th,Huang High School,73,62
2775,Jacob Baxter,M,9th,Huang High School,96,82
2776,Connor Buck,M,10th,Huang High School,99,69
2777,Kimberly Boyd,F,12th,Huang High School,95,64
2778,Nicolas Alvarez,M,10th,Huang High School,81,70
2779,Thomas Curtis,M,9th,Huang High School,66,59
2780,Vanessa Daugherty,F,9th,Huang High School,83,70
2781,Travis Munoz,M,12th,Huang High School,66,94
2782,Brittney Bartlett,F,10th,Huang High School,98,97
2783,Angela Dean,F,9th,Huang High School,67,74
2784,Brandon Hayes,M,9th,Huang High School,72,74
2785,Sophia Gomez,F,9th,Huang High School,85,56
2786,Keith Owen,M,10th,Huang High School,70,59
2787,Linda Hayes,F,11th,Huang High School,80,92
2788,John Watson,M,9th,Huang High School,87,93
2789,Tonya Smith,F,12th,Huang High School,82,96
2790,Kelly Griffin,F,11th,Huang High School,82,81
2791,Carlos Gonzalez,M,10th,Huang High School,75,94
2792,Grace Boyd,F,9th,Huang High School,97,99
2793,Dawn Sandoval,F,9th,Huang High School,97,87
2794,James Myers,M,12th,Huang High School,81,96
2795,Matthew Brown,M,9th,Huang High School,90,77
2796,Lindsey Carpenter,F,12th,Huang High School,95,88
2797,Meghan Miller,F,12th,Huang High School,93,67
2798,Donna Rogers,F,12th,Huang High School,78,75
2799,Jennifer Walker,F,9th,Huang High School,77,86
2800,Julie Bond,F,10th,Huang High School,86,70
2801,Robert Burns,M,10th,Huang High School,90,67
2802,Brooke Sanchez,F,11th,Huang High School,70,79
2803,Alyssa Stanley,F,12th,Huang High School,64,93
2804,Chase Boyd ,M,10th,Huang High School,85,83
2805,Cassandra Turner,F,10th,Huang High School,81,71
2806,Lee Mcdonald,M,9th,Huang High School,79,66
2807,Douglas Mueller,M,11th,Huang High School,88,70
2808,Alex Johnson,M,12th,Huang High School,78,65
2809,Robert Fowler,M,11th,Huang High School,82,74
2810,Lauren Webster,F,9th,Huang High School,93,70
2811,Jason Shepherd,M,10th,Huang High School,77,55
2812,Michelle Gardner,F,12th,Huang High School,88,96
2813,Matthew Hansen,M,10th,Huang High School,84,57
2814,Timothy Osborne,M,10th,Huang High School,96,56
2815,Edward Smith,M,11th,Huang High School,69,99
2816,Clinton Reeves,M,10th,Huang High School,71,63
2817,Jeffrey Smith,M,11th,Huang High School,98,98
2818,Brandon Howard,M,11th,Huang High School,65,62
2819,Christopher Ferguson,M,11th,Huang High School,84,55
2820,Lisa Shaw,F,10th,Huang High School,68,69
2821,Shelly Logan,F,10th,Huang High School,67,70
2822,Leah Hardy,F,10th,Huang High School,65,60
2823,Sandy Fernandez,F,11th,Huang High School,85,98
2824,Scott Barnett,M,11th,Huang High School,98,71
2825,Martin Pena,M,9th,Huang High School,80,82
2826,Zachary Elliott,M,9th,Huang High School,93,92
2827,Robert Anderson,M,9th,Huang High School,69,98
2828,Ryan Roberts,M,10th,Huang High School,79,76
2829,James Spence,M,11th,Huang High School,63,60
2830,Colleen Stewart ,F,9th,Huang High School,93,81
2831,Phillip Alvarez,M,9th,Huang High School,65,91
2832,Michele Walker,F,11th,Huang High School,69,63
2833,Benjamin Ellis,M,9th,Huang High School,81,87
2834,Christopher Walton,M,9th,Huang High School,80,81
2835,Christopher Rodriguez,M,11th,Huang High School,93,92
2836,Xavier Sutton,M,10th,Huang High School,98,93
2837,Stephanie Larsen,F,10th,Huang High School,99,89
2838,Jackson Martinez,M,11th,Huang High School,89,76
2839,Brian Taylor,M,11th,Huang High School,65,82
2840,Scott Bolton,M,10th,Huang High School,95,55
2841,Brenda Jackson,F,12th,Huang High School,95,70
2842,Crystal Humphrey,F,9th,Huang High School,67,77
2843,Anthony Bell,M,11th,Huang High School,85,80
2844,Anthony Hernandez,M,9th,Huang High School,95,78
2845,Gary White,M,10th,Huang High School,99,89
2846,Bryan Brown,M,9th,Huang High School,89,88
2847,Eric Barrera,M,9th,Huang High School,80,78
2848,Bryce Caldwell,M,10th,Huang High School,86,67
2849,Traci Stewart,F,11th,Huang High School,95,96
2850,Heather Walsh,F,11th,Huang High School,66,91
2851,Christopher Ingram,M,9th,Huang High School,99,76
2852,Jeffrey Davis,M,11th,Huang High School,79,58
2853,William Good,M,12th,Huang High School,82,78
2854,Andrew Bauer,M,9th,Huang High School,66,80
2855,Nichole Herrera,F,9th,Huang High School,93,96
2856,Laura Yang,F,9th,Huang High School,96,86
2857,Shawn Thomas,M,11th,Huang High School,93,63
2858,William Boone,M,12th,Huang High School,79,94
2859,Michael Fisher,M,10th,Huang High School,92,80
2860,Carrie Levy,F,10th,Huang High School,65,62
2861,Stephanie Downs,F,12th,Huang High School,94,77
2862,Morgan Vargas,F,10th,Huang High School,67,55
2863,Frank Sanders,M,10th,Huang High School,95,96
2864,Ashley Hill,F,12th,Huang High School,82,83
2865,Danny Lucas,M,11th,Huang High School,74,77
2866,Christopher Baldwin,M,11th,Huang High School,76,66
2867,Christian Gross,M,9th,Huang High School,72,82
2868,Daniel Sherman,M,10th,Huang High School,86,66
2869,Jeffery Poole,M,11th,Huang High School,91,87
2870,Michael Tapia,M,12th,Huang High School,80,65
2871,Tyler Miranda,M,11th,Huang High School,92,86
2872,Todd Butler,M,9th,Huang High School,93,66
2873,Robert Brock,M,10th,Huang High School,74,78
2874,Christina Patton,F,9th,Huang High School,66,80
2875,Victoria Tran,F,12th,Huang High School,99,91
2876,Abigail Grimes,F,10th,Huang High School,86,71
2877,Megan Lopez,F,12th,Huang High School,87,95
2878,Joshua Hernandez,M,11th,Huang High School,79,56
2879,Sierra Nguyen,F,10th,Huang High School,75,74
2880,Eileen Little,F,9th,Huang High School,90,84
2881,Kent Oliver,M,9th,Huang High School,92,87
2882,Michael Smith,M,12th,Huang High School,65,85
2883,Christina Holt,F,12th,Huang High School,94,98
2884,Joyce Delacruz,F,9th,Huang High School,80,75
2885,Chad Hudson,M,10th,Huang High School,81,79
2886,Cameron Lewis,M,11th,Huang High School,93,91
2887,Matthew Randall,M,10th,Huang High School,76,57
2888,Amber Parker,F,12th,Huang High School,96,74
2889,Derek Green,M,12th,Huang High School,95,70
2890,Ashley Hernandez,F,9th,Huang High School,75,61
2891,Sonia Nichols,F,9th,Huang High School,82,97
2892,Dylan Yates,M,12th,Huang High School,97,99
2893,Ryan Garcia,M,11th,Huang High School,76,75
2894,Angela Gill,F,9th,Huang High School,63,82
2895,Jack Diaz,M,10th,Huang High School,88,81
2896,Victoria Blackwell,F,9th,Huang High School,97,91
2897,Crystal Ramos,F,10th,Huang High School,85,67
2898,Maurice Vasquez,M,9th,Huang High School,88,98
2899,Jorge Richardson,M,11th,Huang High School,94,83
2900,Tracey Meza,F,10th,Huang High School,72,68
2901,Brandon Morse,M,10th,Huang High School,99,78
2902,Todd Greene PhD,M,9th,Huang High School,77,68
2903,Hannah Johnson,F,11th,Huang High School,87,57
2904,Brandon Bennett,M,9th,Huang High School,85,83
2905,Emily Dixon,F,11th,Huang High School,78,78
2906,Catherine Lucas,F,10th,Huang High School,90,71
2907,Amanda Houston,F,12th,Huang High School,78,91
2908,Stephanie Ray,F,12th,Huang High School,89,65
2909,Richard Willis,M,10th,Huang High School,94,89
2910,Tiffany Diaz,F,9th,Huang High School,80,77
2911,Justin Evans,M,12th,Huang High School,94,95
2912,Michael Combs,M,9th,Huang High School,98,95
2913,Monica Barajas,F,9th,Huang High School,64,81
2914,Carlos Garner,M,12th,Huang High School,66,73
2915,April Williams,F,12th,Huang High School,70,85
2916,Karen Blevins,F,10th,Huang High School,82,73
2917,Amy Jacobs,F,10th,Figueroa High School,85,87
2918,Nathan Campbell,M,12th,Figueroa High School,97,84
2919,Randall Stewart,M,12th,Figueroa High School,67,77
2920,Jennifer Brown,F,9th,Figueroa High School,97,64
2921,Denise Lopez,F,10th,Figueroa High School,79,64
2922,Amanda Hamilton ,F,9th,Figueroa High School,72,93
2923,Anthony Pace,M,10th,Figueroa High School,66,90
2924,Anthony Haynes,M,12th,Figueroa High School,81,75
2925,Natasha Maxwell,F,9th,Figueroa High School,76,77
2926,Christine Mann,F,9th,Figueroa High School,71,73
2927,Jodi Taylor,F,10th,Figueroa High School,64,75
2928,Nicole Atkinson,F,9th,Figueroa High School,65,64
2929,Mark Smith,M,9th,Figueroa High School,84,57
2930,Kristi Turner,F,10th,Figueroa High School,68,91
2931,Jason Williams,M,11th,Figueroa High School,81,61
2932,Robert Hickman,M,9th,Figueroa High School,82,98
2933,Joshua Williams,M,10th,Figueroa High School,87,69
2934,Sara Foster,F,9th,Figueroa High School,67,56
2935,Robert Davis,M,12th,Figueroa High School,94,94
2936,Katie Hensley,F,10th,Figueroa High School,78,71
2937,Steven Salas,M,10th,Figueroa High School,67,92
2938,Mrs. Lisa Rowland,F,11th,Figueroa High School,77,65
2939,Jason Lewis,M,11th,Figueroa High School,81,79
2940,James Adams,M,12th,Figueroa High School,85,96
2941,Joseph Walker,M,9th,Figueroa High School,89,68
2942,Elizabeth Gaines,F,11th,Figueroa High School,74,58
2943,James Craig,M,11th,Figueroa High School,81,94
2944,Dana Mitchell,F,12th,Figueroa High School,92,97
2945,Rachel Collins,F,12th,Figueroa High School,66,61
2946,Anthony Perez,M,9th,Figueroa High School,76,71
2947,Charles King,M,11th,Figueroa High School,69,72
2948,Eric Brown,M,11th,Figueroa High School,63,60
2949,Erica Rice,F,11th,Figueroa High School,71,88
2950,Michael Tucker,M,11th,Figueroa High School,99,70
2951,Latoya Gray,F,12th,Figueroa High School,86,91
2952,Cynthia Wilson,F,9th,Figueroa High School,82,81
2953,Eric Moon,M,9th,Figueroa High School,93,67
2954,Sarah Miller,F,9th,Figueroa High School,73,61
2955,Larry Hines,M,10th,Figueroa High School,70,82
2956,Steven Hayden,M,9th,Figueroa High School,76,67
2957,Amy Warner,F,9th,Figueroa High School,99,98
2958,Marcus Barry,M,10th,Figueroa High School,82,67
2959,Mark Rowland,M,10th,Figueroa High School,83,66
2960,Benjamin Graham,M,10th,Figueroa High School,78,71
2961,Austin Harris,M,9th,Figueroa High School,94,83
2962,Barbara Lane,F,10th,Figueroa High School,82,76
2963,Brandy Jenkins,F,12th,Figueroa High School,80,56
2964,Christopher Wells,M,10th,Figueroa High School,84,76
2965,John Herrera,M,10th,Figueroa High School,85,86
2966,Kenneth Rivera,M,11th,Figueroa High School,70,74
2967,Craig Myers,M,10th,Figueroa High School,80,90
2968,Lauren Guerra,F,10th,Figueroa High School,71,63
2969,Ian Charles,M,11th,Figueroa High School,80,71
2970,Stephen Hinton,M,9th,Figueroa High School,75,63
2971,Jamie Fernandez,M,10th,Figueroa High School,95,58
2972,Shawn Rhodes,M,9th,Figueroa High School,69,93
2973,Christine Ingram,F,9th,Figueroa High School,98,78
2974,Aaron House,M,12th,Figueroa High School,69,60
2975,Steven Cruz,M,12th,Figueroa High School,93,65
2976,Michele Vasquez,F,10th,Figueroa High School,87,99
2977,John Smith,M,11th,Figueroa High School,88,56
2978,Sara Craig,F,10th,Figueroa High School,80,60
2979,Carolyn Booth,F,10th,Figueroa High School,82,83
2980,William Johnson,M,12th,Figueroa High School,69,99
2981,Jeremy Roberts,M,12th,Figueroa High School,82,78
2982,Chris Petty,M,10th,Figueroa High School,69,72
2983,Shirley White,F,11th,Figueroa High School,69,70
2984,Matthew Jefferson,M,10th,Figueroa High School,72,86
2985,Brandy Montgomery,F,11th,Figueroa High School,97,90
2986,Brandon Cox,M,12th,Figueroa High School,72,85
2987,Joshua Foster,M,9th,Figueroa High School,95,87
2988,Jennifer Evans,F,10th,Figueroa High School,68,82
2989,William Aguilar,M,11th,Figueroa High School,75,76
2990,Thomas Garner,M,9th,Figueroa High School,85,92
2991,Kelly Wright,F,9th,Figueroa High School,73,98
2992,Cindy Park,F,11th,Figueroa High School,91,64
2993,Jonathan Buckley,M,10th,Figueroa High School,64,74
2994,Terry Santos,M,12th,Figueroa High School,78,87
2995,Jean Jones,F,9th,Figueroa High School,63,57
2996,Rachel Campbell,F,9th,Figueroa High School,77,87
2997,Jessica Sharp,F,10th,Figueroa High School,77,61
2998,Mallory Nguyen,F,9th,Figueroa High School,67,68
2999,Mrs. Alicia Kelly ,F,11th,Figueroa High School,71,65
3000,Marc Clark,M,10th,Figueroa High School,89,60
3001,Melissa Waters,F,9th,Figueroa High School,78,90
3002,Richard Vargas,M,10th,Figueroa High School,85,83
3003,Nancy Silva,F,9th,Figueroa High School,84,57
3004,David Jones,M,12th,Figueroa High School,77,81
3005,Erin Blake,F,10th,Figueroa High School,89,92
3006,Michael Norton Jr.,M,12th,Figueroa High School,95,73
3007,Jordan Nelson,M,9th,Figueroa High School,77,59
3008,Jeffery Becker,M,12th,Figueroa High School,87,59
3009,Patrick Roberts,M,10th,Figueroa High School,71,56
3010,Luis Gomez,M,10th,Figueroa High School,88,74
3011,Michael Perez,M,9th,Figueroa High School,83,83
3012,John Banks,M,12th,Figueroa High School,73,79
3013,Miguel Smith,M,12th,Figueroa High School,87,78
3014,Vanessa Lee,F,10th,Figueroa High School,98,98
3015,Daniel Boyd,M,11th,Figueroa High School,89,65
3016,Robert Lowe,M,10th,Figueroa High School,70,85
3017,Cindy Williams,F,10th,Figueroa High School,92,72
3018,Jordan Doyle,M,10th,Figueroa High School,82,86
3019,Martin Torres,M,9th,Figueroa High School,87,81
3020,Alexandria Ryan,F,9th,Figueroa High School,90,57
3021,Rebekah Nelson,F,9th,Figueroa High School,96,90
3022,Kristin Miller,F,10th,Figueroa High School,64,98
3023,Kristopher Rangel,M,12th,Figueroa High School,88,64
3024,Susan Booth,F,12th,Figueroa High School,97,92
3025,Matthew Ortiz,M,11th,Figueroa High School,96,77
3026,Lisa Nguyen,F,11th,Figueroa High School,77,78
3027,Donald Larson,M,12th,Figueroa High School,92,87
3028,Lacey Mills,F,9th,Figueroa High School,98,98
3029,Andrew Fuller,M,11th,Figueroa High School,93,90
3030,Christian Lewis,M,10th,Figueroa High School,87,79
3031,Brian Hall,M,11th,Figueroa High School,99,95
3032,Jesse Walker,M,9th,Figueroa High School,69,93
3033,Joseph Harper,M,12th,Figueroa High School,98,79
3034,Michael Miller,M,11th,Figueroa High School,86,91
3035,Stephanie Taylor,F,10th,Figueroa High School,73,59
3036,Samantha Carter,F,9th,Figueroa High School,91,74
3037,Terri Buckley,F,9th,Figueroa High School,76,60
3038,Heather Smith,F,12th,Figueroa High School,80,99
3039,Steven Jones,M,12th,Figueroa High School,84,57
3040,David Thomas,M,10th,Figueroa High School,84,84
3041,Larry Johnson,M,10th,Figueroa High School,74,68
3042,Julia Morales,F,12th,Figueroa High School,95,87
3043,Monique Brown,F,10th,Figueroa High School,88,61
3044,Douglas Jackson,M,12th,Figueroa High School,93,73
3045,Catherine Wang,F,9th,Figueroa High School,95,61
3046,Christopher Prince,M,10th,Figueroa High School,86,84
3047,Shane Mcguire,M,9th,Figueroa High School,70,95
3048,Alyssa Meza,F,9th,Figueroa High School,64,62
3049,Walter Lawrence,M,12th,Figueroa High School,85,97
3050,Timothy Clark,M,10th,Figueroa High School,64,75
3051,Craig Walsh,M,11th,Figueroa High School,65,60
3052,James Crosby,M,11th,Figueroa High School,87,70
3053,Jeremy Ford,M,12th,Figueroa High School,77,55
3054,Ashley Matthews,F,12th,Figueroa High School,82,89
3055,Matthew Henry,M,10th,Figueroa High School,64,70
3056,William Shea,M,10th,Figueroa High School,67,68
3057,Cynthia Richardson,F,12th,Figueroa High School,89,55
3058,Matthew Gillespie,M,11th,Figueroa High School,73,88
3059,Carmen Jackson,F,12th,Figueroa High School,87,58
3060,Ryan Miller,M,11th,Figueroa High School,96,57
3061,Phillip Foster,M,11th,Figueroa High School,90,90
3062,Donna Park,F,10th,Figueroa High School,82,97
3063,Shari Lopez,F,9th,Figueroa High School,85,99
3064,Jenny Yoder,F,10th,Figueroa High School,70,63
3065,Melanie Caldwell,F,11th,Figueroa High School,81,95
3066,Tonya Schultz,F,11th,Figueroa High School,67,62
3067,Alicia Tate,F,12th,Figueroa High School,72,80
3068,Mary Maxwell,F,10th,Figueroa High School,67,91
3069,Patricia Joseph,F,9th,Figueroa High School,76,78
3070,Anthony Hunt,M,11th,Figueroa High School,75,61
3071,Elizabeth Moody,F,12th,Figueroa High School,90,75
3072,Ariana Burns,F,10th,Figueroa High School,99,66
3073,Sarah Robinson,F,10th,Figueroa High School,81,77
3074,Kayla Adkins,F,9th,Figueroa High School,64,56
3075,Alexis Caldwell,F,12th,Figueroa High School,91,59
3076,Andrea Lopez,F,10th,Figueroa High School,77,62
3077,Edward Hernandez,M,9th,Figueroa High School,95,61
3078,William Phillips,M,9th,Figueroa High School,90,76
3079,Angel Davis,F,9th,Figueroa High School,69,87
3080,Jeffrey Ortiz,M,9th,Figueroa High School,99,90
3081,Tammy Richards,F,11th,Figueroa High School,73,62
3082,Angela Webster,F,10th,Figueroa High School,72,58
3083,Robert Klein,M,9th,Figueroa High School,97,59
3084,Terry Khan,M,11th,Figueroa High School,80,67
3085,Michael Powell,M,12th,Figueroa High School,91,84
3086,Kaitlyn Kelly,F,10th,Figueroa High School,94,76
3087,Jeffery Marshall,M,12th,Figueroa High School,97,72
3088,Gene Duffy,M,9th,Figueroa High School,85,56
3089,Brandon Davis,M,9th,Figueroa High School,78,72
3090,Gabriel Warren,M,9th,Figueroa High School,81,72
3091,Cynthia Yoder,F,9th,Figueroa High School,69,60
3092,Kimberly Calhoun,F,9th,Figueroa High School,80,72
3093,Caitlyn Bryan,F,11th,Figueroa High School,99,66
3094,Gregory Lewis,M,11th,Figueroa High School,80,75
3095,Robert Lopez,M,9th,Figueroa High School,66,68
3096,Todd Olson,M,10th,Figueroa High School,75,68
3097,Sara Davis,F,11th,Figueroa High School,98,80
3098,Christian Perez,M,9th,Figueroa High School,88,74
3099,Tonya Delgado,F,10th,Figueroa High School,95,74
3100,Joshua Martinez,M,9th,Figueroa High School,80,90
3101,Terry Johnson,M,10th,Figueroa High School,90,84
3102,Tiffany Sanchez,F,11th,Figueroa High School,91,85
3103,Lynn Smith,F,11th,Figueroa High School,91,78
3104,Jennifer Ramirez,F,10th,Figueroa High School,92,60
3105,Darren Woods,M,11th,Figueroa High School,90,97
3106,Eric Holmes,M,12th,Figueroa High School,98,59
3107,Michael Austin,M,10th,Figueroa High School,73,87
3108,Danielle Adams,F,12th,Figueroa High School,72,78
3109,Thomas Nunez,M,11th,Figueroa High School,64,62
3110,Michael Johnston,M,9th,Figueroa High School,90,94
3111,Thomas Klein,M,12th,Figueroa High School,75,57
3112,Michael Mendoza,M,9th,Figueroa High School,93,99
3113,Mary Lowery,F,11th,Figueroa High School,74,99
3114,Sean Pena Jr.,M,12th,Figueroa High School,85,77
3115,Daniel Woodward,M,12th,Figueroa High School,70,56
3116,Debbie Scott,F,10th,Figueroa High School,82,93
3117,Evelyn Krause,F,10th,Figueroa High School,84,64
3118,Vincent Casey,M,12th,Figueroa High School,99,81
3119,Tyler Freeman,M,9th,Figueroa High School,92,65
3120,Lauren Ramos,F,10th,Figueroa High School,86,71
3121,Kathy Lucero ,F,10th,Figueroa High School,73,85
3122,Anna Kelly,F,11th,Figueroa High School,96,97
3123,Walter Bowers,M,10th,Figueroa High School,72,80
3124,Robert Chang,M,11th,Figueroa High School,64,94
3125,James Newton,M,9th,Figueroa High School,89,79
3126,Zachary Turner,M,10th,Figueroa High School,95,55
3127,Elizabeth Kelley,F,10th,Figueroa High School,65,56
3128,Angel Smith,M,11th,Figueroa High School,86,73
3129,Gregory Mckinney,M,10th,Figueroa High School,83,57
3130,Christina Andrews,F,11th,Figueroa High School,65,92
3131,Kevin Underwood,M,12th,Figueroa High School,66,92
3132,Deborah Perez,F,10th,Figueroa High School,92,55
3133,Dustin Ferguson ,M,12th,Figueroa High School,90,83
3134,Brandon Weiss,M,11th,Figueroa High School,63,85
3135,Nicole Ray,F,12th,Figueroa High School,84,95
3136,Sean Gonzalez,M,12th,Figueroa High School,97,84
3137,Mark Powell,M,10th,Figueroa High School,76,94
3138,Anthony Jones,M,9th,Figueroa High School,86,81
3139,Joseph Smith,M,10th,Figueroa High School,67,74
3140,Christian Snyder,M,9th,Figueroa High School,83,93
3141,Thomas Moore,M,11th,Figueroa High School,95,99
3142,Renee Williamson,F,10th,Figueroa High School,71,66
3143,Ryan Webb,M,12th,Figueroa High School,77,84
3144,Jordan Anderson,M,11th,Figueroa High School,93,62
3145,Aaron Woods,M,12th,Figueroa High School,83,66
3146,Tina Reynolds,F,12th,Figueroa High School,96,68
3147,Thomas Kaufman,M,10th,Figueroa High School,84,62
3148,Stacie Reynolds,F,12th,Figueroa High School,74,69
3149,Anthony Anderson,M,9th,Figueroa High School,67,93
3150,Daniel Mitchell,M,9th,Figueroa High School,98,58
3151,George Thompson,M,11th,Figueroa High School,91,72
3152,Cindy Lopez,F,12th,Figueroa High School,96,63
3153,Christopher Warner,M,10th,Figueroa High School,89,86
3154,Anthony Hines,M,9th,Figueroa High School,89,85
3155,James Patterson,M,9th,Figueroa High School,76,95
3156,Tracy David,F,11th,Figueroa High School,66,75
3157,Elizabeth Walker,F,10th,Figueroa High School,87,90
3158,Joseph Holt,M,12th,Figueroa High School,81,98
3159,Jerry Johnson,M,11th,Figueroa High School,88,89
3160,Heather Williams,F,12th,Figueroa High School,85,84
3161,Scott Cordova,M,9th,Figueroa High School,83,65
3162,Jordan Floyd,M,12th,Figueroa High School,84,66
3163,Joshua Salinas,M,9th,Figueroa High School,72,99
3164,Juan Cobb ,M,11th,Figueroa High School,66,89
3165,Victoria Garcia ,F,9th,Figueroa High School,68,81
3166,Mike Cruz,M,10th,Figueroa High School,93,57
3167,Christine Manning,F,9th,Figueroa High School,99,60
3168,Monica Brewer,F,9th,Figueroa High School,98,61
3169,Brad Mitchell,M,10th,Figueroa High School,84,62
3170,John Moreno,M,12th,Figueroa High School,98,63
3171,Kimberly Small,F,12th,Figueroa High School,67,94
3172,Steven Thompson,M,10th,Figueroa High School,86,61
3173,Matthew Wilson,M,10th,Figueroa High School,93,77
3174,Mary Walker,F,12th,Figueroa High School,70,65
3175,Wanda Chung,F,10th,Figueroa High School,96,89
3176,Joshua Davis,M,11th,Figueroa High School,75,97
3177,David Flores,M,11th,Figueroa High School,65,59
3178,Nicole Thornton,F,10th,Figueroa High School,68,68
3179,Allison Martinez,F,11th,Figueroa High School,83,97
3180,Ryan Villarreal,M,11th,Figueroa High School,68,68
3181,Rachel Harris,F,12th,Figueroa High School,95,71
3182,Susan Rogers,F,9th,Figueroa High School,72,61
3183,Michael Ortiz,M,9th,Figueroa High School,67,96
3184,Diana Guzman,F,9th,Figueroa High School,99,66
3185,Robert Sullivan,M,10th,Figueroa High School,64,63
3186,Daniel Hughes,M,9th,Figueroa High School,67,87
3187,Jason Le,M,10th,Figueroa High School,98,92
3188,Andre Day,M,12th,Figueroa High School,84,63
3189,Michael Evans ,M,10th,Figueroa High School,68,94
3190,Catherine Mckinney,F,10th,Figueroa High School,90,58
3191,April Patterson,F,12th,Figueroa High School,85,60
3192,Richard Martinez,M,10th,Figueroa High School,71,99
3193,Darrell Woodard,M,9th,Figueroa High School,89,86
3194,Leslie Harris,F,9th,Figueroa High School,83,58
3195,Michael Crawford,M,10th,Figueroa High School,87,68
3196,Donna Lowe,F,10th,Figueroa High School,77,83
3197,Eric Johnson,M,10th,Figueroa High School,68,87
3198,Brett Salazar,M,9th,Figueroa High School,78,69
3199,Christopher Baker,M,10th,Figueroa High School,81,56
3200,Tina Mendoza,F,9th,Figueroa High School,73,79
3201,Megan Webb,F,10th,Figueroa High School,95,83
3202,Ebony Bell,F,12th,Figueroa High School,72,78
3203,Richard Smith,M,9th,Figueroa High School,75,98
3204,Christina Garrett,F,9th,Figueroa High School,79,68
3205,Lisa Griffin,F,9th,Figueroa High School,93,85
3206,Monique Kennedy,F,9th,Figueroa High School,68,75
3207,Michael Martinez,M,12th,Figueroa High School,89,86
3208,Alexis Fuller,F,12th,Figueroa High School,68,91
3209,Tony Moss,M,9th,Figueroa High School,90,80
3210,Alexis Smith,F,9th,Figueroa High School,90,77
3211,Angela Lin,F,11th,Figueroa High School,92,95
3212,Larry George,M,10th,Figueroa High School,84,82
3213,Michael Smith,M,9th,Figueroa High School,72,83
3214,William Black,M,10th,Figueroa High School,72,66
3215,Jillian Lopez,F,10th,Figueroa High School,76,59
3216,Shannon Brooks,F,11th,Figueroa High School,96,79
3217,Ashley Wyatt,F,9th,Figueroa High School,74,77
3218,Jennifer Fisher,F,11th,Figueroa High School,76,58
3219,Linda Taylor,F,10th,Figueroa High School,84,89
3220,Barbara Maldonado,F,11th,Figueroa High School,73,82
3221,Victor Stone,M,9th,Figueroa High School,68,60
3222,John Gutierrez,M,12th,Figueroa High School,77,86
3223,Caroline Gill,F,11th,Figueroa High School,94,62
3224,Lisa Boyd,F,9th,Figueroa High School,68,98
3225,Laura Williams,F,12th,Figueroa High School,64,87
3226,Jennifer Jarvis,F,10th,Figueroa High School,98,58
3227,Theresa Mercado,F,9th,Figueroa High School,84,73
3228,Tyler Frye,M,9th,Figueroa High School,68,73
3229,Brooke Hunter,F,11th,Figueroa High School,92,73
3230,Cynthia Keith,F,11th,Figueroa High School,63,77
3231,Craig Perez,M,11th,Figueroa High School,84,91
3232,Laura Rodriguez,F,10th,Figueroa High School,99,91
3233,Brian Mitchell,M,12th,Figueroa High School,66,77
3234,Ryan Madden,M,12th,Figueroa High School,71,76
3235,Theresa Bradford,F,12th,Figueroa High School,98,87
3236,Veronica Banks,F,9th,Figueroa High School,71,80
3237,William Ferguson,M,10th,Figueroa High School,74,90
3238,Thomas Maxwell,M,10th,Figueroa High School,75,93
3239,John Burns,M,12th,Figueroa High School,79,58
3240,Amber Allen,F,9th,Figueroa High School,68,70
3241,Yvonne Gutierrez,F,11th,Figueroa High School,74,92
3242,Shannon Cox,F,10th,Figueroa High School,87,71
3243,Sara Lloyd,F,11th,Figueroa High School,91,92
3244,Steven Hamilton,M,11th,Figueroa High School,97,57
3245,Stephanie Davis,F,12th,Figueroa High School,72,71
3246,Crystal Nguyen,F,10th,Figueroa High School,81,91
3247,Justin Riddle,M,9th,Figueroa High School,83,59
3248,Sandra Fox,F,10th,Figueroa High School,75,70
3249,Christine Haas,F,9th,Figueroa High School,89,85
3250,Robert Christian,M,12th,Figueroa High School,95,92
3251,Amanda Brewer,F,9th,Figueroa High School,65,62
3252,Ryan Joyce,M,9th,Figueroa High School,76,74
3253,Carol Garcia,F,10th,Figueroa High School,82,87
3254,Bradley Garrett,M,10th,Figueroa High School,95,81
3255,Yvonne Huber,F,11th,Figueroa High School,64,83
3256,Ashley Hill,F,9th,Figueroa High School,64,91
3257,Michael Collins,M,9th,Figueroa High School,99,79
3258,Mark Cook,M,11th,Figueroa High School,64,60
3259,Shane Scott,M,10th,Figueroa High School,96,68
3260,Aaron Watson,M,10th,Figueroa High School,66,84
3261,Darren Cunningham,M,11th,Figueroa High School,64,89
3262,Mary Lloyd,F,9th,Figueroa High School,73,81
3263,Edward Ruiz,M,11th,Figueroa High School,69,55
3264,Margaret Cruz,F,9th,Figueroa High School,81,73
3265,Caroline Hess,F,11th,Figueroa High School,72,56
3266,Carla Murphy,F,10th,Figueroa High School,83,67
3267,Holly Pearson,F,9th,Figueroa High School,70,70
3268,Wanda Peterson,F,11th,Figueroa High School,81,90
3269,Carrie Meyer,F,12th,Figueroa High School,70,87
3270,Ryan Rodgers,M,12th,Figueroa High School,83,87
3271,James Morgan,M,12th,Figueroa High School,92,71
3272,David Flowers,M,10th,Figueroa High School,80,99
3273,Corey Singh,M,9th,Figueroa High School,70,95
3274,Patricia Peterson,F,10th,Figueroa High School,81,58
3275,Randy Sanchez,M,9th,Figueroa High School,98,65
3276,Christian Williams,M,10th,Figueroa High School,79,89
3277,Richard Bauer,M,12th,Figueroa High School,68,55
3278,Richard Kerr,M,10th,Figueroa High School,67,61
3279,Justin Mullins ,M,10th,Figueroa High School,65,86
3280,Amanda Mclaughlin,F,9th,Figueroa High School,95,65
3281,Angela Anderson,F,10th,Figueroa High School,71,96
3282,Sarah Lawson,F,11th,Figueroa High School,78,70
3283,Nicole Castillo,F,9th,Figueroa High School,92,72
3284,Darrell Tran,M,11th,Figueroa High School,81,99
3285,Kimberly Thompson,F,12th,Figueroa High School,75,88
3286,Steven Delgado,M,11th,Figueroa High School,66,70
3287,Jeremiah Holden,M,11th,Figueroa High School,91,91
3288,Kaylee Burton,F,12th,Figueroa High School,83,56
3289,Andrew Goodman,M,12th,Figueroa High School,74,76
3290,Charles Johnson,M,10th,Figueroa High School,82,74
3291,Elizabeth Davis,F,10th,Figueroa High School,87,62
3292,Randall Butler,M,11th,Figueroa High School,90,86
3293,Christopher Gibson,M,10th,Figueroa High School,64,97
3294,David Roberts,M,10th,Figueroa High School,67,75
3295,Patricia Underwood,F,10th,Figueroa High School,72,83
3296,Joshua Williams,M,12th,Figueroa High School,87,73
3297,Christopher Doyle,M,9th,Figueroa High School,78,95
3298,Heather Gilmore,F,12th,Figueroa High School,80,91
3299,Marissa Guzman,F,9th,Figueroa High School,81,81
3300,Nathan Smith,M,11th,Figueroa High School,64,69
3301,Heather Kennedy,F,11th,Figueroa High School,66,55
3302,Debbie Alexander,F,12th,Figueroa High School,77,77
3303,Juan Gonzales,M,11th,Figueroa High School,99,85
3304,Julie Webster,F,12th,Figueroa High School,99,95
3305,James Sampson,M,9th,Figueroa High School,78,84
3306,Blake Doyle,M,11th,Figueroa High School,67,98
3307,Andrew Ross,M,11th,Figueroa High School,69,98
3308,Ashley Carroll,F,10th,Figueroa High School,95,94
3309,Jessica Sheppard,F,11th,Figueroa High School,68,65
3310,Brenda Scott,F,12th,Figueroa High School,76,72
3311,Roger Mitchell,M,12th,Figueroa High School,77,70
3312,Taylor Martinez,M,9th,Figueroa High School,95,74
3313,Vincent Jimenez,M,11th,Figueroa High School,80,63
3314,Leslie Price,F,10th,Figueroa High School,65,92
3315,Hector Delgado,M,9th,Figueroa High School,94,93
3316,Tim Moran,M,9th,Figueroa High School,85,88
3317,Brett Mendez,M,9th,Figueroa High School,86,62
3318,Michelle Mejia,F,10th,Figueroa High School,68,96
3319,Jordan Wilson,F,10th,Figueroa High School,98,87
3320,Amy Nielsen,F,10th,Figueroa High School,88,64
3321,Susan Davis,F,9th,Figueroa High School,82,64
3322,Denise Terry,F,11th,Figueroa High School,86,93
3323,Kelly Campbell,F,12th,Figueroa High School,65,69
3324,Heather Ray,F,12th,Figueroa High School,65,65
3325,Mackenzie Mills,F,11th,Figueroa High School,91,65
3326,Sarah Stuart,F,11th,Figueroa High School,80,68
3327,Wendy Bowman,F,9th,Figueroa High School,93,72
3328,Tracy Dennis,F,11th,Figueroa High School,63,98
3329,Alexander Navarro,M,12th,Figueroa High School,76,67
3330,Melissa Robertson,F,11th,Figueroa High School,90,83
3331,Tommy Stone,M,10th,Figueroa High School,95,89
3332,Kimberly Crawford,F,11th,Figueroa High School,95,76
3333,Mrs. Jill Walker,F,9th,Figueroa High School,69,83
3334,Lori Butler,F,11th,Figueroa High School,79,86
3335,Edwin Clark,M,12th,Figueroa High School,99,88
3336,Connie Hart,F,11th,Figueroa High School,99,69
3337,Joseph Bell,M,12th,Figueroa High School,84,71
3338,Amanda Ellis,F,11th,Figueroa High School,81,78
3339,James Brown,M,9th,Figueroa High School,92,64
3340,Alicia Campbell,F,11th,Figueroa High School,66,55
3341,Kevin Lowe,M,10th,Figueroa High School,86,69
3342,Kelsey Chen,F,11th,Figueroa High School,89,59
3343,Lori Brennan,F,12th,Figueroa High School,86,64
3344,Wendy Scott,F,11th,Figueroa High School,65,92
3345,Mary Walters,F,9th,Figueroa High School,76,83
3346,Connie Maddox,F,9th,Figueroa High School,95,78
3347,Brittany Wolf,F,9th,Figueroa High School,84,65
3348,Melanie Cox,F,9th,Figueroa High School,70,82
3349,Cheryl Brewer,F,12th,Figueroa High School,69,88
3350,Lauren Holt,F,11th,Figueroa High School,63,90
3351,Eric Hicks,M,12th,Figueroa High School,99,67
3352,Eric Patton,M,9th,Figueroa High School,95,83
3353,David Watson,M,11th,Figueroa High School,93,77
3354,Valerie Scott,F,10th,Figueroa High School,68,63
3355,Rodney Vargas,M,9th,Figueroa High School,82,64
3356,Cynthia Thompson,F,10th,Figueroa High School,96,68
3357,Miguel Arnold,M,10th,Figueroa High School,75,67
3358,Eddie Harris,M,10th,Figueroa High School,67,56
3359,Tara Williams ,F,11th,Figueroa High School,91,64
3360,Wesley Stewart,M,10th,Figueroa High School,68,85
3361,Paula Wilcox,F,9th,Figueroa High School,88,90
3362,Joshua Edwards,M,11th,Figueroa High School,72,74
3363,Carol Griffin,F,11th,Figueroa High School,97,91
3364,Carolyn Richards,F,11th,Figueroa High School,79,86
3365,Darrell Lewis,M,11th,Figueroa High School,88,75
3366,Clayton Miller,M,12th,Figueroa High School,90,65
3367,Cory Herman,M,10th,Figueroa High School,66,84
3368,David White,M,10th,Figueroa High School,70,63
3369,Joe Simpson,M,11th,Figueroa High School,90,83
3370,Nancy Bender,F,10th,Figueroa High School,72,66
3371,Nicholas Middleton,M,9th,Figueroa High School,77,99
3372,Ryan Williams,M,12th,Figueroa High School,68,93
3373,Meghan Russell,F,10th,Figueroa High School,88,91
3374,Jerome Gomez,M,11th,Figueroa High School,86,96
3375,Jeffrey Stephens,M,9th,Figueroa High School,99,90
3376,Stephanie Watson,F,10th,Figueroa High School,63,90
3377,Colleen Dominguez,F,11th,Figueroa High School,92,56
3378,Teresa Ryan,F,9th,Figueroa High School,89,81
3379,Devon Farrell,M,9th,Figueroa High School,64,75
3380,Gregory Weaver,M,11th,Figueroa High School,85,89
3381,Brandon Cooper,M,10th,Figueroa High School,82,64
3382,Ronald Porter,M,11th,Figueroa High School,84,60
3383,Vanessa Brown,F,9th,Figueroa High School,75,97
3384,Derrick Johnson,M,9th,Figueroa High School,87,80
3385,Jessica Watkins,F,11th,Figueroa High School,65,68
3386,Anthony Pineda,M,10th,Figueroa High School,89,87
3387,Alexandra Norris,F,9th,Figueroa High School,90,58
3388,John Hernandez,M,9th,Figueroa High School,99,62
3389,Steven Haynes,M,11th,Figueroa High School,81,63
3390,Christopher Roy,M,9th,Figueroa High School,65,87
3391,John Carlson,M,10th,Figueroa High School,74,77
3392,Heather Gonzales,F,9th,Figueroa High School,98,76
3393,Dana Villarreal,F,10th,Figueroa High School,96,72
3394,Christopher White,M,11th,Figueroa High School,84,59
3395,Lee Jensen,M,12th,Figueroa High School,92,91
3396,Jessica Anderson,F,10th,Figueroa High School,77,83
3397,Lisa Olson,F,11th,Figueroa High School,93,94
3398,Krista Christensen,F,9th,Figueroa High School,73,57
3399,Jennifer Rodriguez,F,9th,Figueroa High School,80,56
3400,Alex Nguyen,M,9th,Figueroa High School,67,69
3401,Stephanie Martin,F,11th,Figueroa High School,95,58
3402,Joseph Turner,M,9th,Figueroa High School,81,63
3403,John Mendoza,M,12th,Figueroa High School,77,69
3404,Sarah Lee,F,12th,Figueroa High School,96,83
3405,Daniel Larsen,M,12th,Figueroa High School,91,71
3406,William Harrington,M,12th,Figueroa High School,83,74
3407,Peter Williamson,M,12th,Figueroa High School,68,76
3408,Cody Mueller Jr.,M,10th,Figueroa High School,65,76
3409,Ryan Williams,M,9th,Figueroa High School,75,91
3410,Tiffany Jackson,F,12th,Figueroa High School,80,66
3411,Samantha Cochran,F,10th,Figueroa High School,89,76
3412,Billy Gonzalez,M,9th,Figueroa High School,92,96
3413,Stephen Campbell,M,12th,Figueroa High School,68,98
3414,Todd Perry,M,11th,Figueroa High School,73,90
3415,Eric Rangel,M,12th,Figueroa High School,87,91
3416,Matthew Silva,M,9th,Figueroa High School,65,81
3417,Carrie Petersen,F,10th,Figueroa High School,65,83
3418,Emily Figueroa,F,12th,Figueroa High School,74,63
3419,Andrea Johnson,F,10th,Figueroa High School,68,82
3420,Colton Turner,M,9th,Figueroa High School,91,74
3421,Jeremy Saunders,M,10th,Figueroa High School,68,87
3422,Kiara Williams ,F,11th,Figueroa High School,66,99
3423,Jillian Bass,F,11th,Figueroa High School,69,69
3424,James Ellis,M,12th,Figueroa High School,76,57
3425,Adam Reed,M,9th,Figueroa High School,65,67
3426,Debra Figueroa,F,9th,Figueroa High School,79,84
3427,Penny Richardson,F,9th,Figueroa High School,69,89
3428,Joseph Wright,M,11th,Figueroa High School,63,90
3429,David Johnson,M,10th,Figueroa High School,82,65
3430,Paul Taylor,M,9th,Figueroa High School,94,87
3431,Jennifer Armstrong,F,10th,Figueroa High School,76,79
3432,Richard Pratt,M,11th,Figueroa High School,89,74
3433,Julia Sellers,F,9th,Figueroa High School,98,85
3434,Steven Lopez,M,10th,Figueroa High School,87,60
3435,Christine Williams,F,12th,Figueroa High School,67,58
3436,Jennifer Reyes,F,11th,Figueroa High School,76,77
3437,Eric Anderson,M,9th,Figueroa High School,77,63
3438,Julie Powell,F,11th,Figueroa High School,95,96
3439,Bryan Faulkner,M,9th,Figueroa High School,96,85
3440,Jennifer Francis,F,11th,Figueroa High School,70,74
3441,Charles Nichols,M,12th,Figueroa High School,76,84
3442,Mathew White Jr.,M,11th,Figueroa High School,63,77
3443,David Sanchez,M,12th,Figueroa High School,66,82
3444,Brian Avery,M,9th,Figueroa High School,80,62
3445,Claire Palmer,F,12th,Figueroa High School,80,57
3446,Megan Torres,F,10th,Figueroa High School,87,78
3447,Christopher Harper,M,12th,Figueroa High School,92,90
3448,Angela Long,F,10th,Figueroa High School,98,67
3449,Michael Mcknight,M,10th,Figueroa High School,69,99
3450,Steve Hendricks ,M,10th,Figueroa High School,71,80
3451,Gary Golden,M,9th,Figueroa High School,88,91
3452,Kimberly Cunningham,F,12th,Figueroa High School,74,99
3453,Luis Silva,M,10th,Figueroa High School,88,69
3454,Katherine Arellano,F,9th,Figueroa High School,83,96
3455,Richard Jones,M,10th,Figueroa High School,98,61
3456,Jeffrey Turner,M,9th,Figueroa High School,72,87
3457,Marissa Ramirez,F,10th,Figueroa High School,96,86
3458,Thomas Becker,M,9th,Figueroa High School,75,82
3459,Michael Larson,M,11th,Figueroa High School,74,64
3460,Brandi Velazquez,F,10th,Figueroa High School,64,87
3461,Michele Williams,F,10th,Figueroa High School,80,55
3462,Christopher Ortiz,M,10th,Figueroa High School,63,95
3463,Marcus Griffin,M,9th,Figueroa High School,97,55
3464,Abigail Shelton,F,11th,Figueroa High School,83,78
3465,Victor Duarte,M,11th,Figueroa High School,86,79
3466,Bradley Stone,M,11th,Figueroa High School,63,79
3467,Stacy Maynard,F,12th,Figueroa High School,99,82
3468,Rachael Crosby,F,10th,Figueroa High School,70,98
3469,Tara Maldonado,F,9th,Figueroa High School,89,93
3470,Michael Martin,M,9th,Figueroa High School,72,55
3471,Amanda Mahoney,F,9th,Figueroa High School,76,77
3472,Tracey Thompson,F,9th,Figueroa High School,96,69
3473,Steven Snyder PhD,M,12th,Figueroa High School,70,98
3474,Nathan Coleman,M,9th,Figueroa High School,82,98
3475,Sarah Soto,F,11th,Figueroa High School,79,72
3476,Andrew Fox,M,10th,Figueroa High School,89,89
3477,Dennis Green,M,11th,Figueroa High School,87,88
3478,Sarah Shelton,F,10th,Figueroa High School,89,78
3479,Jessica Warner PhD,F,12th,Figueroa High School,83,63
3480,Trevor Summers ,M,9th,Figueroa High School,77,59
3481,Tiffany Dennis,F,11th,Figueroa High School,70,61
3482,Julia Potter,F,12th,Figueroa High School,92,57
3483,Stacy Castillo,F,10th,Figueroa High School,86,62
3484,Scott Vega,M,10th,Figueroa High School,70,88
3485,Christina Ibarra,F,10th,Figueroa High School,65,58
3486,Dwayne Martin,M,9th,Figueroa High School,67,63
3487,Felicia Marshall,F,12th,Figueroa High School,90,70
3488,Brian Hogan,M,12th,Figueroa High School,96,88
3489,Gregory Thompson,M,9th,Figueroa High School,74,96
3490,Rickey Higgins,M,12th,Figueroa High School,79,78
3491,Diane Thompson,F,11th,Figueroa High School,94,88
3492,Douglas Hamilton,M,9th,Figueroa High School,77,85
3493,Terry Newton,M,11th,Figueroa High School,77,85
3494,Shannon Bryant,F,11th,Figueroa High School,82,55
3495,Cheryl Howard,F,10th,Figueroa High School,64,79
3496,Anthony Lawrence,M,11th,Figueroa High School,99,73
3497,Andrea Anderson,F,9th,Figueroa High School,73,95
3498,Stacy Guzman,F,9th,Figueroa High School,94,92
3499,Alexander Gross,M,10th,Figueroa High School,97,56
3500,Shelley Gutierrez,F,10th,Figueroa High School,70,82
3501,Kayla Martin,F,11th,Figueroa High School,64,95
3502,Joshua Sullivan,M,9th,Figueroa High School,96,91
3503,James Tucker,M,9th,Figueroa High School,73,62
3504,Susan Brown,F,11th,Figueroa High School,95,61
3505,Angela Cain,F,11th,Figueroa High School,86,91
3506,Ruben Young,M,11th,Figueroa High School,93,72
3507,Jason Garza,M,10th,Figueroa High School,65,64
3508,Jessica Mendoza,F,9th,Figueroa High School,96,84
3509,Sarah Davidson,F,10th,Figueroa High School,65,71
3510,Travis Lee,M,10th,Figueroa High School,69,72
3511,Anthony Rogers,M,9th,Figueroa High School,92,91
3512,Maria Doyle ,F,12th,Figueroa High School,64,64
3513,Eric Allen,M,9th,Figueroa High School,95,59
3514,William Dennis,M,10th,Figueroa High School,99,84
3515,John Collins,M,10th,Figueroa High School,92,75
3516,Anthony Carlson,M,10th,Figueroa High School,75,97
3517,Arthur Navarro,M,11th,Figueroa High School,96,78
3518,Andrew Trujillo,M,11th,Figueroa High School,65,80
3519,Carolyn Anderson,F,9th,Figueroa High School,85,96
3520,Larry Jones,M,9th,Figueroa High School,85,59
3521,Krista Martinez,F,9th,Figueroa High School,72,57
3522,Paul Day,M,12th,Figueroa High School,83,66
3523,Jared Ramirez,M,12th,Figueroa High School,87,81
3524,David Perez,M,10th,Figueroa High School,83,81
3525,Stacie Walker ,F,11th,Figueroa High School,70,75
3526,James Garrett,M,12th,Figueroa High School,75,91
3527,Carrie Downs,F,11th,Figueroa High School,68,82
3528,Martin Anderson,M,9th,Figueroa High School,88,70
3529,Alexandra Beard,F,9th,Figueroa High School,83,80
3530,Michael Rogers,M,10th,Figueroa High School,91,96
3531,Lori Kent,F,9th,Figueroa High School,92,78
3532,Scott Hill,M,10th,Figueroa High School,67,82
3533,Michael Garcia,M,10th,Figueroa High School,66,83
3534,Joshua Taylor,M,12th,Figueroa High School,95,95
3535,Dana Chavez,F,11th,Figueroa High School,94,57
3536,Annette Smith,F,11th,Figueroa High School,84,57
3537,James Acevedo,M,10th,Figueroa High School,72,82
3538,Barbara Williams,F,9th,Figueroa High School,86,87
3539,Jacob Schwartz,M,11th,Figueroa High School,84,80
3540,Isabella Blanchard,F,10th,Figueroa High School,89,65
3541,Robin Parker,F,10th,Figueroa High School,93,68
3542,Michael Hoover,M,11th,Figueroa High School,90,55
3543,Ann Harris,F,10th,Figueroa High School,98,87
3544,Maria Blackwell,F,11th,Figueroa High School,95,89
3545,Kyle Green,M,12th,Figueroa High School,74,58
3546,Kathy Hancock,F,10th,Figueroa High School,93,96
3547,Shannon Johnson,F,11th,Figueroa High School,77,56
3548,Barbara Jones,F,9th,Figueroa High School,98,82
3549,Sean Huber,M,11th,Figueroa High School,95,57
3550,Jamie Chambers,F,9th,Figueroa High School,84,58
3551,Barbara Williams,F,11th,Figueroa High School,78,55
3552,Ricardo Jones,M,10th,Figueroa High School,86,76
3553,Henry Jenkins,M,9th,Figueroa High School,90,94
3554,Rachel Hurley,F,10th,Figueroa High School,95,61
3555,Nathan Little,M,11th,Figueroa High School,76,61
3556,John Adams,M,10th,Figueroa High School,65,59
3557,Michele Gray,F,11th,Figueroa High School,88,66
3558,Bailey Cochran,F,11th,Figueroa High School,93,76
3559,Robert Lee,M,9th,Figueroa High School,85,67
3560,Mike Holland,M,11th,Figueroa High School,96,97
3561,Brian Bradley,M,10th,Figueroa High School,94,96
3562,Dawn Watts,F,10th,Figueroa High School,79,85
3563,Ian Aguilar,M,9th,Figueroa High School,64,57
3564,Kimberly Wilson,F,12th,Figueroa High School,66,86
3565,Ryan Pierce,M,10th,Figueroa High School,85,95
3566,Tyler Hunt,M,12th,Figueroa High School,83,57
3567,Scott Martinez,M,12th,Figueroa High School,79,73
3568,Samuel Garcia,M,10th,Figueroa High School,84,60
3569,Lori Rivera,F,10th,Figueroa High School,92,92
3570,Greg Holder,M,12th,Figueroa High School,84,97
3571,Barbara Davis,F,11th,Figueroa High School,64,89
3572,Jennifer Tucker,F,9th,Figueroa High School,80,83
3573,Erin Williamson,F,9th,Figueroa High School,85,90
3574,Terry Summers,F,9th,Figueroa High School,73,93
3575,Christopher Hutchinson,M,9th,Figueroa High School,70,66
3576,Marcus Flores,M,10th,Figueroa High School,89,72
3577,Cameron Mitchell,M,10th,Figueroa High School,76,89
3578,Edward Dorsey,M,10th,Figueroa High School,68,61
3579,Mike Hall,M,11th,Figueroa High School,73,71
3580,Aaron Cooper,M,11th,Figueroa High School,86,80
3581,Cheryl Burton,F,12th,Figueroa High School,70,84
3582,Todd Welch,M,11th,Figueroa High School,82,65
3583,Keith Duncan,M,12th,Figueroa High School,87,68
3584,Tonya Ferguson,F,11th,Figueroa High School,94,59
3585,Jennifer Rocha,F,9th,Figueroa High School,72,83
3586,Christina Simpson,F,10th,Figueroa High School,81,82
3587,Stephen Rollins,M,9th,Figueroa High School,95,69
3588,Brooke Flynn,F,9th,Figueroa High School,97,56
3589,Krystal Knapp,F,10th,Figueroa High School,90,77
3590,Mark Wells,M,10th,Figueroa High School,65,78
3591,Matthew Krueger,M,12th,Figueroa High School,65,97
3592,Linda Roberson,F,11th,Figueroa High School,72,70
3593,John Marquez,M,11th,Figueroa High School,67,55
3594,Katherine Warren,F,11th,Figueroa High School,85,81
3595,Calvin Moore,M,10th,Figueroa High School,72,77
3596,Laura Serrano,F,11th,Figueroa High School,89,57
3597,Cynthia Miller,F,11th,Figueroa High School,84,63
3598,Megan House ,F,10th,Figueroa High School,96,73
3599,Aaron Hernandez,M,12th,Figueroa High School,90,97
3600,Christine Evans,F,10th,Figueroa High School,74,58
3601,Deborah Coleman,F,10th,Figueroa High School,74,71
3602,Frederick Gonzalez,M,11th,Figueroa High School,98,79
3603,Benjamin Shaffer,M,10th,Figueroa High School,94,64
3604,Richard Edwards,M,9th,Figueroa High School,87,94
3605,Elizabeth Lang,F,9th,Figueroa High School,78,79
3606,Ryan Solis,M,9th,Figueroa High School,95,55
3607,Richard Peters,M,12th,Figueroa High School,94,59
3608,Thomas Hernandez,M,9th,Figueroa High School,94,97
3609,Lori Cummings,F,11th,Figueroa High School,68,57
3610,Andrew Wolfe,M,10th,Figueroa High School,88,87
3611,Melanie Wall,F,10th,Figueroa High School,89,55
3612,Shelby Castillo,F,9th,Figueroa High School,73,70
3613,Melissa Garner,F,10th,Figueroa High School,98,72
3614,Danny Jackson,M,10th,Figueroa High School,77,76
3615,Miranda Massey,F,9th,Figueroa High School,99,60
3616,Brittany Jensen,F,11th,Figueroa High School,67,72
3617,Bradley Moreno,M,9th,Figueroa High School,72,94
3618,Tamara Buck,F,12th,Figueroa High School,97,71
3619,Travis Ramos,M,11th,Figueroa High School,94,78
3620,Frank Coleman,M,10th,Figueroa High School,85,98
3621,Christopher Holden,M,9th,Figueroa High School,63,83
3622,Michael Griffin,M,9th,Figueroa High School,76,62
3623,Kelly Gordon,M,9th,Figueroa High School,85,69
3624,Daniel Spencer,M,12th,Figueroa High School,65,78
3625,Stacy Petersen,F,10th,Figueroa High School,74,93
3626,Carol Mccarthy,F,12th,Figueroa High School,78,82
3627,Eric Mcknight,M,9th,Figueroa High School,92,97
3628,Bonnie Jacobs,F,11th,Figueroa High School,71,98
3629,Amber Perez,F,10th,Figueroa High School,74,89
3630,Bailey Ray,F,11th,Figueroa High School,84,64
3631,Kylie Richmond,F,11th,Figueroa High School,91,76
3632,Lori Baker,F,12th,Figueroa High School,92,66
3633,Dave Jones,M,11th,Figueroa High School,75,97
3634,Gavin Walter,M,10th,Figueroa High School,94,70
3635,Sara Benson,F,9th,Figueroa High School,72,78
3636,Philip Horne,M,10th,Figueroa High School,68,88
3637,Erin Wilkerson,F,10th,Figueroa High School,78,95
3638,Michael Duncan,M,10th,Figueroa High School,66,59
3639,Shawn Jones,M,10th,Figueroa High School,74,60
3640,Cesar Jones,M,12th,Figueroa High School,86,87
3641,Tiffany Hernandez,F,9th,Figueroa High School,68,95
3642,Steven Johnson,M,10th,Figueroa High School,84,68
3643,Elizabeth Hansen,F,9th,Figueroa High School,68,80
3644,Erin Brooks,F,11th,Figueroa High School,92,62
3645,Steven Martinez,M,9th,Figueroa High School,88,60
3646,Tracy Smith,F,9th,Figueroa High School,79,80
3647,Jonathan Erickson,M,10th,Figueroa High School,97,98
3648,Barbara Bryan,F,9th,Figueroa High School,77,69
3649,Nancy Woods,F,11th,Figueroa High School,87,71
3650,Shelly Jackson,F,10th,Figueroa High School,73,80
3651,Richard Phillips,M,10th,Figueroa High School,88,90
3652,Phillip Nguyen,M,12th,Figueroa High School,76,77
3653,Brian Foster,M,10th,Figueroa High School,99,61
3654,Andrew Austin,M,9th,Figueroa High School,81,93
3655,Ryan Barker,M,9th,Figueroa High School,87,95
3656,Wayne Griffin,M,11th,Figueroa High School,66,62
3657,Christina Trevino,F,10th,Figueroa High School,66,71
3658,Roberto Garcia,M,11th,Figueroa High School,77,69
3659,Linda Gutierrez,F,12th,Figueroa High School,87,82
3660,James Torres,M,9th,Figueroa High School,67,61
3661,Nicholas Melendez,M,10th,Figueroa High School,96,85
3662,Kelly Ingram,F,12th,Figueroa High School,82,71
3663,Diamond Smith,F,9th,Figueroa High School,88,75
3664,Carolyn Hammond,F,10th,Figueroa High School,98,69
3665,Alexander Johnson,M,10th,Figueroa High School,97,60
3666,Antonio Brown,M,12th,Figueroa High School,64,99
3667,Christian Christian,M,9th,Figueroa High School,90,72
3668,Alicia Lopez,F,10th,Figueroa High School,74,87
3669,Ashley English,F,12th,Figueroa High School,93,89
3670,Justin Case,M,10th,Figueroa High School,68,68
3671,Mary Bowen,F,11th,Figueroa High School,84,88
3672,Joseph Chen,M,10th,Figueroa High School,97,72
3673,Scott Hensley,M,11th,Figueroa High School,86,69
3674,Gary Hernandez,M,10th,Figueroa High School,96,83
3675,Jennifer Gibson,F,9th,Figueroa High School,86,93
3676,Barbara Shannon,F,10th,Figueroa High School,71,89
3677,Tracey Nguyen,F,9th,Figueroa High School,68,55
3678,Cindy Johnson,F,10th,Figueroa High School,92,84
3679,David Bender,M,9th,Figueroa High School,93,90
3680,Brittany Jones,F,12th,Figueroa High School,99,62
3681,Carmen Fischer,F,9th,Figueroa High School,72,57
3682,Lauren Smith,F,9th,Figueroa High School,77,61
3683,John Bell,M,10th,Figueroa High School,89,83
3684,Andrea Santana,F,12th,Figueroa High School,75,78
3685,Melanie Cruz,F,10th,Figueroa High School,88,58
3686,Timothy Clements,M,9th,Figueroa High School,86,63
3687,Sandra Miller,F,10th,Figueroa High School,76,68
3688,Chad Jackson,M,11th,Figueroa High School,79,80
3689,Jessica Gonzalez,F,9th,Figueroa High School,71,99
3690,Keith Ryan,M,11th,Figueroa High School,65,68
3691,Jeffrey Patel,M,10th,Figueroa High School,92,72
3692,Kimberly Tate,F,12th,Figueroa High School,66,83
3693,Brooke Henry,F,11th,Figueroa High School,80,71
3694,Melissa Dyer,F,12th,Figueroa High School,99,99
3695,Mary Smith,F,9th,Figueroa High School,75,73
3696,Raymond Frazier,M,11th,Figueroa High School,86,95
3697,Marcus Smith,M,11th,Figueroa High School,93,83
3698,Brenda Bailey,F,12th,Figueroa High School,94,93
3699,Damon Wood,M,12th,Figueroa High School,84,67
3700,Cody Brennan,M,10th,Figueroa High School,77,86
3701,Jorge Johnson,M,10th,Figueroa High School,74,86
3702,Linda Chen,F,9th,Figueroa High School,73,90
3703,Thomas Stark,M,10th,Figueroa High School,93,87
3704,Ebony Roman,F,11th,Figueroa High School,96,70
3705,Patrick Ross,M,11th,Figueroa High School,63,76
3706,Brandi Smith,F,10th,Figueroa High School,78,85
3707,Alisha Beltran,F,9th,Figueroa High School,97,99
3708,Joseph Ramirez,M,10th,Figueroa High School,92,78
3709,Robert Knight,M,9th,Figueroa High School,80,71
3710,Ann Cruz,F,10th,Figueroa High School,66,64
3711,Ashley Kirby,F,9th,Figueroa High School,68,70
3712,Rebecca Lee,F,12th,Figueroa High School,87,75
3713,Amy Castillo,F,9th,Figueroa High School,80,99
3714,Holly Armstrong,F,9th,Figueroa High School,79,57
3715,Caroline Johnson,F,10th,Figueroa High School,67,87
3716,Isabel Williams,F,12th,Figueroa High School,63,74
3717,Brittany Delacruz,F,10th,Figueroa High School,78,56
3718,Jonathan Phillips,M,12th,Figueroa High School,74,75
3719,Olivia Bell,F,9th,Figueroa High School,67,61
3720,Ryan Brown,M,12th,Figueroa High School,78,64
3721,Kimberly Sanders,F,12th,Figueroa High School,97,83
3722,Tony Diaz,M,10th,Figueroa High School,68,69
3723,Lynn Jones,F,9th,Figueroa High School,92,80
3724,Jorge Spencer,M,11th,Figueroa High School,83,83
3725,Mary Rodriguez,F,10th,Figueroa High School,86,70
3726,Jason Mcdonald,M,11th,Figueroa High School,89,63
3727,Richard Lyons,M,11th,Figueroa High School,83,99
3728,Melody Kim,F,9th,Figueroa High School,79,80
3729,Johnathan Horton,M,9th,Figueroa High School,72,67
3730,Melissa Stevens,F,10th,Figueroa High School,83,76
3731,Michael Cox,M,10th,Figueroa High School,98,77
3732,Heidi Johnson,F,12th,Figueroa High School,98,61
3733,Brittany Hardy,F,11th,Figueroa High School,92,90
3734,Adrian Crane,M,12th,Figueroa High School,72,99
3735,Rodney Poole,M,11th,Figueroa High School,83,81
3736,Thomas Pratt,M,9th,Figueroa High School,75,76
3737,Allen Swanson,M,10th,Figueroa High School,67,86
3738,Anna Johnson,F,11th,Figueroa High School,88,85
3739,Pamela Garcia,F,9th,Figueroa High School,63,94
3740,Patrick Booker,M,12th,Figueroa High School,79,81
3741,Alexander Frye,M,11th,Figueroa High School,74,72
3742,Jonathan Reyes,M,12th,Figueroa High School,73,90
3743,Brandon Becker,M,11th,Figueroa High School,91,84
3744,Adrian Flores,M,9th,Figueroa High School,90,80
3745,Linda Jenkins,F,9th,Figueroa High School,89,97
3746,Mary Harris,F,10th,Figueroa High School,92,84
3747,Sarah Little,F,10th,Figueroa High School,88,97
3748,Mrs. Rebecca Martin ,F,12th,Figueroa High School,92,87
3749,Lindsey Payne,F,12th,Figueroa High School,69,78
3750,Sara Jacobs ,F,10th,Figueroa High School,87,65
3751,Matthew Crosby,M,12th,Figueroa High School,96,58
3752,Reginald Shaw,M,9th,Figueroa High School,76,59
3753,Paul Curry,M,10th,Figueroa High School,97,67
3754,Angie Owens,F,9th,Figueroa High School,91,92
3755,Patrick Rodriguez,M,11th,Figueroa High School,89,93
3756,Matthew Woodard,M,9th,Figueroa High School,77,66
3757,Amanda Patterson,F,10th,Figueroa High School,88,73
3758,Joseph Hall,M,10th,Figueroa High School,85,67
3759,Tammy Anderson,F,9th,Figueroa High School,65,55
3760,Austin Elliott,M,12th,Figueroa High School,84,66
3761,Pamela Porter,F,10th,Figueroa High School,94,74
3762,Sherry Skinner,F,12th,Figueroa High School,64,64
3763,Lisa Branch,F,10th,Figueroa High School,84,56
3764,Jordan Juarez,M,9th,Figueroa High School,97,58
3765,Bill Pena,M,12th,Figueroa High School,65,95
3766,Mark Ayala,M,11th,Figueroa High School,77,76
3767,Derek Cole,M,12th,Figueroa High School,96,87
3768,Stephanie Conway,F,10th,Figueroa High School,66,89
3769,Jason Daugherty Jr.,M,11th,Figueroa High School,98,96
3770,Lorraine Carlson,F,9th,Figueroa High School,72,78
3771,William Todd,M,9th,Figueroa High School,68,74
3772,Rachel Cantrell,F,9th,Figueroa High School,66,66
3773,Glen Paul,M,9th,Figueroa High School,80,55
3774,Caroline Nguyen,F,11th,Figueroa High School,87,82
3775,Amy Holden,F,9th,Figueroa High School,94,87
3776,Stephanie Cox,F,11th,Figueroa High School,72,85
3777,Emily Walters,F,12th,Figueroa High School,91,89
3778,Mark Benitez,M,12th,Figueroa High School,86,78
3779,Sandra Smith,F,9th,Figueroa High School,94,79
3780,Tiffany Shannon,F,9th,Figueroa High School,66,58
3781,Jeremiah Martin,M,11th,Figueroa High School,82,57
3782,Patrick Keller,M,10th,Figueroa High School,81,96
3783,Angela Doyle,F,9th,Figueroa High School,65,74
3784,Tracy Patel,M,12th,Figueroa High School,69,64
3785,Johnathan Carlson,M,10th,Figueroa High School,69,99
3786,Roger Bolton,M,9th,Figueroa High School,71,74
3787,Karen Hanson,F,11th,Figueroa High School,76,60
3788,Timothy Clark,M,11th,Figueroa High School,75,99
3789,Cynthia Fuller,F,12th,Figueroa High School,87,75
3790,Jose Raymond,M,12th,Figueroa High School,99,65
3791,Jeffrey Cruz,M,10th,Figueroa High School,69,61
3792,Christian Ibarra,M,11th,Figueroa High School,83,89
3793,Amy Hampton,F,10th,Figueroa High School,80,67
3794,Eric Burns,M,9th,Figueroa High School,68,61
3795,Nicholas Rhodes,M,12th,Figueroa High School,98,74
3796,Mrs. Natalie Holder ,F,10th,Figueroa High School,79,70
3797,Cynthia Shea,F,10th,Figueroa High School,82,74
3798,Allen Mcdonald,M,9th,Figueroa High School,99,71
3799,Scott Rodriguez,M,10th,Figueroa High School,68,67
3800,Katie Moss,F,11th,Figueroa High School,84,67
3801,Aaron Gomez,M,12th,Figueroa High School,83,72
3802,Paula Clark,F,9th,Figueroa High School,66,69
3803,Anna Murphy,F,9th,Figueroa High School,86,70
3804,Richard Bush,M,10th,Figueroa High School,84,86
3805,Christina Friedman,F,9th,Figueroa High School,89,57
3806,Jennifer Galvan,F,10th,Figueroa High School,78,98
3807,Cory Alvarez,M,9th,Figueroa High School,94,93
3808,Thomas Freeman,M,10th,Figueroa High School,76,73
3809,Alyssa Pearson,F,12th,Figueroa High School,84,84
3810,Sandy Brown,F,9th,Figueroa High School,83,64
3811,Amber Patel,F,12th,Figueroa High School,77,99
3812,Jerry Gay,M,12th,Figueroa High School,65,60
3813,Michelle Petty,F,9th,Figueroa High School,93,64
3814,Jacob Ward,M,11th,Figueroa High School,91,91
3815,Megan Butler,F,11th,Figueroa High School,87,94
3816,Eileen Greene,F,11th,Figueroa High School,76,57
3817,David Sheppard,M,11th,Figueroa High School,72,66
3818,Albert White,M,9th,Figueroa High School,63,94
3819,Eric Carter,M,12th,Figueroa High School,96,75
3820,Tracey Crawford,F,9th,Figueroa High School,66,90
3821,Jeffrey Patterson,M,10th,Figueroa High School,67,56
3822,Shannon Pierce,F,9th,Figueroa High School,84,75
3823,Jeffrey Lopez,M,10th,Figueroa High School,93,86
3824,Douglas Lozano,M,10th,Figueroa High School,70,79
3825,Ashley Bradley,F,12th,Figueroa High School,73,90
3826,Heather Barnes,F,9th,Figueroa High School,71,55
3827,Allison Scott,F,9th,Figueroa High School,95,64
3828,Charles Hernandez ,M,11th,Figueroa High School,91,98
3829,Austin Briggs,M,12th,Figueroa High School,67,71
3830,Rhonda Craig,F,9th,Figueroa High School,99,88
3831,Jennifer Dorsey,F,9th,Figueroa High School,94,57
3832,Melissa Chung,F,11th,Figueroa High School,95,88
3833,Kristin White,F,12th,Figueroa High School,68,98
3834,Deborah Bass,F,12th,Figueroa High School,77,76
3835,Robert Salazar,M,12th,Figueroa High School,64,67
3836,Joshua Garcia,M,11th,Figueroa High School,93,95
3837,Charles Lawrence,M,12th,Figueroa High School,86,67
3838,Robert Carter,M,12th,Figueroa High School,72,56
3839,Victoria Landry,F,9th,Figueroa High School,91,59
3840,Vicki Lynch,F,11th,Figueroa High School,74,89
3841,Pamela Lee,F,12th,Figueroa High School,78,81
3842,Mary Mcdonald,F,10th,Figueroa High School,98,89
3843,Tracy Proctor,F,9th,Figueroa High School,68,98
3844,Travis Townsend,M,10th,Figueroa High School,72,92
3845,Olivia Bryant,F,9th,Figueroa High School,85,80
3846,Jeffrey Nash,M,11th,Figueroa High School,68,61
3847,Michael Vazquez,M,11th,Figueroa High School,86,61
3848,Meagan Richardson,F,9th,Figueroa High School,69,92
3849,Angela Gonzales,F,11th,Figueroa High School,82,95
3850,Anthony Williams,M,11th,Figueroa High School,83,71
3851,Jodi Cooke,F,11th,Figueroa High School,95,97
3852,Charles Ramirez,M,12th,Figueroa High School,97,69
3853,Anthony Wise,M,10th,Figueroa High School,95,93
3854,Samuel Rodriguez,M,10th,Figueroa High School,88,99
3855,Eric Sanchez,M,11th,Figueroa High School,94,68
3856,Mary Hernandez,F,9th,Figueroa High School,98,78
3857,Connie Diaz,F,9th,Figueroa High School,71,93
3858,Sheila Mejia,F,12th,Figueroa High School,94,67
3859,Cassandra Waters,F,11th,Figueroa High School,97,84
3860,April Brandt,F,12th,Figueroa High School,86,89
3861,Nicholas Christensen,M,12th,Figueroa High School,87,72
3862,Janice Cooper,F,12th,Figueroa High School,95,76
3863,Hunter Tanner,M,9th,Figueroa High School,63,62
3864,Nicholas Terrell,M,10th,Figueroa High School,64,89
3865,Julie Ortega,F,10th,Figueroa High School,99,58
3866,Jason Nichols,M,11th,Figueroa High School,69,91
3867,Tyler Walker,M,10th,Figueroa High School,67,58
3868,Jason Rice,M,9th,Figueroa High School,73,69
3869,Eric Kidd,M,10th,Figueroa High School,86,70
3870,Carlos Bradshaw,M,9th,Figueroa High School,68,98
3871,Judy Ruiz,F,11th,Figueroa High School,68,99
3872,Kristina Pena,F,12th,Figueroa High School,75,98
3873,Valerie Willis,F,9th,Figueroa High School,89,70
3874,Jesse Mcdowell,M,9th,Figueroa High School,84,92
3875,Jose Dennis,M,12th,Figueroa High School,85,99
3876,Jean Hale,F,12th,Figueroa High School,94,91
3877,Alyssa Roberts,F,9th,Figueroa High School,68,75
3878,Anita Bonilla,F,9th,Figueroa High School,99,56
3879,Melissa Erickson,F,11th,Figueroa High School,97,96
3880,Troy Hernandez,M,10th,Figueroa High School,92,90
3881,Laurie Bowers,F,10th,Figueroa High School,92,98
3882,Ricky Randolph,M,9th,Figueroa High School,85,84
3883,Michele Mercado,F,12th,Figueroa High School,88,70
3884,Matthew Sanchez,M,12th,Figueroa High School,63,93
3885,Kelly Miller,F,9th,Figueroa High School,80,81
3886,Joseph Carter,M,12th,Figueroa High School,98,84
3887,Joseph Nelson,M,9th,Figueroa High School,67,96
3888,Danielle Anderson,F,11th,Figueroa High School,66,69
3889,Patricia Hawkins,F,9th,Figueroa High School,63,75
3890,Jessica Curry,F,10th,Figueroa High School,75,76
3891,Eugene Baker,M,9th,Figueroa High School,99,57
3892,Andrea Pugh,F,10th,Figueroa High School,89,97
3893,Kyle Monroe,M,11th,Figueroa High School,63,97
3894,Michael Kim,M,9th,Figueroa High School,97,57
3895,Kaylee Mendez,F,10th,Figueroa High School,93,91
3896,Christopher Edwards,M,12th,Figueroa High School,86,73
3897,Scott Glenn,M,9th,Figueroa High School,95,79
3898,Christopher Taylor,M,9th,Figueroa High School,74,90
3899,Janet Whitaker ,F,11th,Figueroa High School,80,83
3900,Hannah Kelley,F,10th,Figueroa High School,81,60
3901,Leslie Stevenson,F,10th,Figueroa High School,86,55
3902,Matthew Lee,M,12th,Figueroa High School,91,99
3903,Rebecca Hall,F,12th,Figueroa High School,93,84
3904,Jamie Irwin,F,10th,Figueroa High School,67,83
3905,Joshua Smith,M,10th,Figueroa High School,82,77
3906,William Brooks,M,9th,Figueroa High School,91,82
3907,Tammy Jones,F,10th,Figueroa High School,76,56
3908,Beth Bailey,F,9th,Figueroa High School,65,63
3909,Keith Pierce,M,9th,Figueroa High School,77,76
3910,Erin Decker,F,9th,Figueroa High School,74,74
3911,Ricardo Daniel,M,12th,Figueroa High School,70,64
3912,Danielle Perez,F,11th,Figueroa High School,93,63
3913,Nicole Harper,F,12th,Figueroa High School,87,95
3914,Darren Mcintyre,M,11th,Figueroa High School,85,91
3915,Nicholas White,M,9th,Figueroa High School,81,93
3916,Frank Bryan,M,12th,Figueroa High School,64,80
3917,Brittney Luna,F,12th,Figueroa High School,99,78
3918,Amy Kelley,F,12th,Figueroa High School,92,66
3919,Brittany Hahn,F,9th,Figueroa High School,71,64
3920,Bethany Kennedy,F,9th,Figueroa High School,89,60
3921,Charles Sims,M,12th,Figueroa High School,72,57
3922,Jacqueline Byrd,F,9th,Figueroa High School,97,72
3923,Anna Taylor,F,12th,Figueroa High School,88,76
3924,Jeremy Watkins ,M,12th,Figueroa High School,67,63
3925,Sergio Young,M,9th,Figueroa High School,68,95
3926,Amy Rowland,F,10th,Figueroa High School,92,95
3927,Stuart Peters,M,11th,Figueroa High School,97,87
3928,Kevin Waters,M,11th,Figueroa High School,72,96
3929,Jonathan Norris,M,12th,Figueroa High School,67,89
3930,Amy Hughes,F,10th,Figueroa High School,68,86
3931,David Martinez ,M,12th,Figueroa High School,95,72
3932,Kimberly Olsen ,F,9th,Figueroa High School,96,71
3933,Tasha Dixon,F,11th,Figueroa High School,63,77
3934,Kathy Marshall,F,9th,Figueroa High School,66,69
3935,Lisa Hernandez,F,9th,Figueroa High School,83,72
3936,Richard Floyd,M,9th,Figueroa High School,70,62
3937,Andrea Lynch,F,11th,Figueroa High School,81,93
3938,Carly Carpenter,F,9th,Figueroa High School,96,98
3939,Emily Cantrell,F,12th,Figueroa High School,77,77
3940,Nina Wilkinson,F,9th,Figueroa High School,90,92
3941,Kevin Walker,M,9th,Figueroa High School,98,81
3942,Andrew Lee,M,11th,Figueroa High School,74,65
3943,Heather Richard,F,9th,Figueroa High School,96,96
3944,Morgan Allen,F,9th,Figueroa High School,90,70
3945,Paul Martin,M,12th,Figueroa High School,87,88
3946,Thomas Proctor,M,9th,Figueroa High School,95,85
3947,Kimberly Blake,F,10th,Figueroa High School,86,63
3948,Janet Page,F,9th,Figueroa High School,85,73
3949,Kristina Hodges,F,10th,Figueroa High School,78,91
3950,Elizabeth Mata,F,9th,Figueroa High School,88,76
3951,Anthony Edwards,M,10th,Figueroa High School,66,60
3952,Donna Velasquez,F,12th,Figueroa High School,90,92
3953,Bruce Thompson,M,10th,Figueroa High School,73,85
3954,Anna Holt,F,12th,Figueroa High School,79,60
3955,Carmen Smith,F,11th,Figueroa High School,91,80
3956,Angela Bryan,F,9th,Figueroa High School,67,83
3957,Tiffany Jackson,F,11th,Figueroa High School,97,59
3958,Kristi Wilson,F,11th,Figueroa High School,70,87
3959,Brian Valdez,M,9th,Figueroa High School,65,71
3960,Timothy Schmitt,M,10th,Figueroa High School,95,98
3961,Michelle Mclean,F,11th,Figueroa High School,92,74
3962,Trevor Hall,M,12th,Figueroa High School,96,86
3963,David Boone,M,9th,Figueroa High School,72,97
3964,Kevin Goodman,M,12th,Figueroa High School,72,89
3965,Katherine Curry,F,9th,Figueroa High School,76,83
3966,Zachary Griffin,M,12th,Figueroa High School,63,71
3967,Nicholas Richards,M,11th,Figueroa High School,77,70
3968,Cristina Phillips,F,10th,Figueroa High School,90,98
3969,Janet Alvarez,F,10th,Figueroa High School,83,55
3970,Nicole Roy,F,11th,Figueroa High School,84,93
3971,Justin Maxwell,M,10th,Figueroa High School,76,87
3972,Ryan Pacheco,M,9th,Figueroa High School,89,99
3973,Megan Barrett,F,9th,Figueroa High School,77,64
3974,Kelly Glover,F,12th,Figueroa High School,74,78
3975,Rebecca Davis,F,10th,Figueroa High School,81,62
3976,Jason Lee,M,11th,Figueroa High School,68,87
3977,Elizabeth Watkins,F,12th,Figueroa High School,86,76
3978,Laura White,F,10th,Figueroa High School,90,98
3979,Andrew Mathis,M,11th,Figueroa High School,95,78
3980,Tiffany Simpson,F,10th,Figueroa High School,94,55
3981,Patrick Wilson,M,10th,Figueroa High School,71,92
3982,Lucas Ward,M,9th,Figueroa High School,87,57
3983,Ian Walters,M,10th,Figueroa High School,73,78
3984,Jesse Ross,M,9th,Figueroa High School,90,82
3985,Jamie Walsh,F,9th,Figueroa High School,71,89
3986,Marcus Wiggins,M,10th,Figueroa High School,77,83
3987,Benjamin Chen,M,10th,Figueroa High School,68,57
3988,Daniel Gallagher,M,12th,Figueroa High School,99,92
3989,Danielle Robinson ,F,11th,Figueroa High School,86,70
3990,Douglas Crane,M,12th,Figueroa High School,64,90
3991,Maria Torres,F,11th,Figueroa High School,68,93
3992,Christopher Higgins,M,9th,Figueroa High School,80,78
3993,Mrs. Susan Chase ,F,9th,Figueroa High School,89,73
3994,Jessica Love,F,9th,Figueroa High School,71,65
3995,Alexandra Hammond,F,9th,Figueroa High School,74,96
3996,Renee Burnett,F,9th,Figueroa High School,94,89
3997,Leah Oneal,F,9th,Figueroa High School,65,61
3998,Patrick Simpson,M,10th,Figueroa High School,72,83
3999,Alex Gonzales ,M,10th,Figueroa High School,81,58
4000,John Barnes,M,10th,Figueroa High School,83,76
4001,Dustin Padilla,M,11th,Figueroa High School,92,69
4002,Tiffany Benson,F,9th,Figueroa High School,79,92
4003,Hannah King,F,12th,Figueroa High School,71,98
4004,Teresa Hill,F,9th,Figueroa High School,98,56
4005,Ronald Jones,M,12th,Figueroa High School,70,56
4006,Tiffany Hester,F,11th,Figueroa High School,78,91
4007,Keith Snyder,M,9th,Figueroa High School,94,58
4008,Ashley Reese,F,11th,Figueroa High School,80,99
4009,Cynthia Smith,F,10th,Figueroa High School,92,97
4010,Carla Shaw,F,9th,Figueroa High School,73,73
4011,Leonard Webster II,M,12th,Figueroa High School,92,63
4012,David Morrison,M,10th,Figueroa High School,99,87
4013,Sandy Arnold,F,12th,Figueroa High School,75,71
4014,Taylor Carpenter,F,9th,Figueroa High School,90,66
4015,David Taylor PhD,M,10th,Figueroa High School,69,90
4016,John King,M,12th,Figueroa High School,87,80
4017,Theresa Copeland,F,11th,Figueroa High School,84,82
4018,Ashlee Willis,F,12th,Figueroa High School,95,88
4019,Sheila Huang,F,11th,Figueroa High School,84,80
4020,Martin Gordon,M,12th,Figueroa High School,72,64
4021,Jorge Miller,M,12th,Figueroa High School,69,91
4022,Brian Hansen,M,12th,Figueroa High School,72,87
4023,Mary Thomas,F,10th,Figueroa High School,63,74
4024,Lisa Houston,F,12th,Figueroa High School,88,71
4025,Mackenzie Brown,F,12th,Figueroa High School,86,80
4026,Daniel Mcdowell,M,10th,Figueroa High School,96,91
4027,Meredith Benson,F,12th,Figueroa High School,73,95
4028,Dustin Armstrong,M,10th,Figueroa High School,80,61
4029,Patrick Young,M,10th,Figueroa High School,64,65
4030,Christina Johnson,F,9th,Figueroa High School,98,56
4031,David White,M,12th,Figueroa High School,72,72
4032,Jacqueline Meyer,F,12th,Figueroa High School,99,78
4033,Benjamin White,M,11th,Figueroa High School,77,71
4034,Jesus Chan,M,11th,Figueroa High School,79,77
4035,Heather Peterson,F,9th,Figueroa High School,75,71
4036,Gerald Rogers,M,11th,Figueroa High School,90,94
4037,Nancy Collins,F,12th,Figueroa High School,76,71
4038,Derrick Clark,M,11th,Figueroa High School,85,61
4039,Megan Callahan,F,9th,Figueroa High School,68,63
4040,Erica Daniels,F,10th,Figueroa High School,90,64
4041,Kendra Riley,F,11th,Figueroa High School,80,80
4042,Justin White,M,12th,Figueroa High School,75,83
4043,Lauren Allen,F,11th,Figueroa High School,99,97
4044,Erin Rivera,F,9th,Figueroa High School,82,57
4045,Michael Reeves,M,9th,Figueroa High School,64,65
4046,Amy Thomas,F,10th,Figueroa High School,82,87
4047,Joshua Brown,M,10th,Figueroa High School,65,77
4048,Joy Martinez,F,11th,Figueroa High School,88,89
4049,Melissa Mueller,F,9th,Figueroa High School,89,69
4050,Michael Rodriguez,M,11th,Figueroa High School,91,65
4051,Carol West,F,11th,Figueroa High School,84,84
4052,Tina Marshall,F,9th,Figueroa High School,76,92
4053,Megan Leon,F,12th,Figueroa High School,86,65
4054,Diana Mitchell,F,11th,Figueroa High School,73,97
4055,Matthew Cline,M,9th,Figueroa High School,86,78
4056,George Moore,M,10th,Figueroa High School,69,69
4057,Erica Adams,F,11th,Figueroa High School,76,98
4058,Elizabeth Johnson,F,10th,Figueroa High School,77,97
4059,Brenda Rogers,F,9th,Figueroa High School,87,72
4060,Jeffrey Rose,M,10th,Figueroa High School,93,89
4061,Dawn Smith,F,12th,Figueroa High School,63,55
4062,Christopher Stuart,M,11th,Figueroa High School,80,63
4063,Abigail Nguyen,F,9th,Figueroa High School,65,72
4064,Christina Foley,F,11th,Figueroa High School,96,81
4065,Scott Griffith,M,11th,Figueroa High School,80,81
4066,Rebecca Allen,F,10th,Figueroa High School,93,77
4067,Derrick Carrillo,M,10th,Figueroa High School,88,72
4068,Natasha Lewis,F,12th,Figueroa High School,81,62
4069,Anne Weber,F,9th,Figueroa High School,72,67
4070,James Hartman,M,10th,Figueroa High School,69,60
4071,Carlos Santiago,M,12th,Figueroa High School,74,71
4072,Teresa Chapman,F,11th,Figueroa High School,84,82
4073,Dennis Perry,M,9th,Figueroa High School,80,99
4074,Keith Stokes,M,9th,Figueroa High School,63,63
4075,Theresa Hoffman,F,12th,Figueroa High School,69,78
4076,Mary Hernandez,F,11th,Figueroa High School,64,99
4077,Pamela Mason,F,11th,Figueroa High School,69,98
4078,Nicholas Underwood,M,9th,Figueroa High School,80,62
4079,Max Davis,M,10th,Figueroa High School,97,77
4080,Kevin Wilson,M,10th,Figueroa High School,88,66
4081,Johnny Hamilton,M,11th,Figueroa High School,68,61
4082,Jennifer Anderson,F,12th,Figueroa High School,63,89
4083,Michael Cox,M,11th,Figueroa High School,95,66
4084,Jaclyn Adams,F,10th,Figueroa High School,93,86
4085,Eddie Alexander,M,11th,Figueroa High School,78,56
4086,Heather Nelson,F,12th,Figueroa High School,64,67
4087,Susan Davis,F,12th,Figueroa High School,95,67
4088,Heather Robinson,F,11th,Figueroa High School,87,61
4089,Melanie French,F,12th,Figueroa High School,99,70
4090,Charles Whitaker,M,12th,Figueroa High School,90,69
4091,Nathan Fisher,M,10th,Figueroa High School,81,75
4092,Jeffery James,M,10th,Figueroa High School,92,83
4093,John Campbell,M,9th,Figueroa High School,70,80
4094,John Walters,M,9th,Figueroa High School,81,81
4095,James Martin,M,11th,Figueroa High School,99,73
4096,Thomas Khan,M,11th,Figueroa High School,84,67
4097,Xavier Glenn,M,10th,Figueroa High School,70,57
4098,Andrea Fisher,F,10th,Figueroa High School,78,85
4099,Jerry Mann,M,9th,Figueroa High School,98,96
4100,Samuel Nelson,M,10th,Figueroa High School,77,91
4101,Carl Jones,M,9th,Figueroa High School,75,68
4102,Christine Hinton,F,10th,Figueroa High School,89,56
4103,Teresa Keith,F,12th,Figueroa High School,78,59
4104,David Moody,M,9th,Figueroa High School,83,87
4105,Bryan Moore,M,11th,Figueroa High School,77,76
4106,Thomas Stone,M,12th,Figueroa High School,99,60
4107,Raven Rogers,F,11th,Figueroa High School,66,69
4108,Brandy Smith,F,11th,Figueroa High School,63,96
4109,Breanna Peterson ,F,10th,Figueroa High School,74,68
4110,Joseph Spencer,M,12th,Figueroa High School,98,84
4111,Kristy Haney,F,9th,Figueroa High School,82,76
4112,Carol Long,F,9th,Figueroa High School,80,69
4113,Jacqueline Bell,F,11th,Figueroa High School,82,59
4114,William Ramirez,M,12th,Figueroa High School,63,73
4115,Katherine Smith,F,9th,Figueroa High School,74,73
4116,Joseph Brown,M,9th,Figueroa High School,84,73
4117,Kathryn Lopez,F,10th,Figueroa High School,77,56
4118,Michael Vaughn,M,9th,Figueroa High School,84,95
4119,Karen Conrad,F,10th,Figueroa High School,89,59
4120,John Carpenter,M,11th,Figueroa High School,95,67
4121,Jennifer Sanchez,F,11th,Figueroa High School,96,75
4122,Kimberly Walker,F,9th,Figueroa High School,69,55
4123,Julie Gibson,F,11th,Figueroa High School,65,96
4124,Theresa Murillo,F,12th,Figueroa High School,81,90
4125,Jessica Adams,F,9th,Figueroa High School,63,95
4126,Stephanie Fisher,F,11th,Figueroa High School,83,57
4127,Jesse Combs,M,11th,Figueroa High School,79,86
4128,Alexander Aguilar,M,12th,Figueroa High School,95,98
4129,Jessica Galvan,F,11th,Figueroa High School,82,74
4130,Terri Quinn PhD,F,11th,Figueroa High School,98,95
4131,Christian Reynolds ,M,12th,Figueroa High School,95,59
4132,Ronald Weiss,M,12th,Figueroa High School,90,84
4133,Jessica Phillips,F,10th,Figueroa High School,90,72
4134,Stephanie Holder,F,9th,Figueroa High School,67,84
4135,Kevin Marks,M,12th,Figueroa High School,80,66
4136,Robert Barrett,M,10th,Figueroa High School,94,73
4137,Brian Hernandez,M,12th,Figueroa High School,70,74
4138,Tony Ramirez,M,10th,Figueroa High School,96,59
4139,Mark Clark,M,10th,Figueroa High School,99,71
4140,Kenneth Davis,M,11th,Figueroa High School,80,66
4141,Kim Jones,F,9th,Figueroa High School,86,96
4142,David Knox,M,11th,Figueroa High School,80,75
4143,Joshua Lewis,M,10th,Figueroa High School,74,83
4144,Kevin Weber,M,10th,Figueroa High School,83,67
4145,Elizabeth Rush,F,11th,Figueroa High School,68,59
4146,Denise Brown,F,11th,Figueroa High School,96,64
4147,Scott Chavez,M,11th,Figueroa High School,90,66
4148,Terry Cruz,M,9th,Figueroa High School,64,68
4149,Richard Parsons,M,12th,Figueroa High School,63,58
4150,Charles Hernandez,M,10th,Figueroa High School,76,91
4151,Donald Gray,M,12th,Figueroa High School,72,58
4152,Paul Cruz,M,10th,Figueroa High School,96,79
4153,Teresa Johnson,F,12th,Figueroa High School,65,87
4154,Ashley Howard,F,10th,Figueroa High School,65,55
4155,Alexander Chambers,M,10th,Figueroa High School,89,57
4156,Heather Turner,F,10th,Figueroa High School,66,79
4157,Chase Morales,M,9th,Figueroa High School,94,61
4158,Karen Burton,F,10th,Figueroa High School,90,67
4159,Nicholas Velazquez,M,12th,Figueroa High School,67,63
4160,Shawn Kirby,M,9th,Figueroa High School,66,93
4161,Brandon Brewer,M,10th,Figueroa High School,79,64
4162,Marcus Gonzales,M,11th,Figueroa High School,95,64
4163,Chad Butler,M,11th,Figueroa High School,66,95
4164,Troy Butler,M,9th,Figueroa High School,66,78
4165,Chad Lopez,M,11th,Figueroa High School,67,58
4166,Timothy Lambert,M,9th,Figueroa High School,71,81
4167,Kathy Anderson,F,12th,Figueroa High School,96,95
4168,Pamela Peterson,F,9th,Figueroa High School,95,76
4169,Eric Scott,M,11th,Figueroa High School,66,60
4170,Anthony Mosley,M,12th,Figueroa High School,85,64
4171,Trevor Evans,M,11th,Figueroa High School,99,92
4172,William Stewart,M,11th,Figueroa High School,84,74
4173,Michael Chaney,M,9th,Figueroa High School,83,87
4174,Alexandra Cunningham,F,11th,Figueroa High School,93,93
4175,Carol Greene,F,12th,Figueroa High School,88,82
4176,Jacob Watson,M,10th,Figueroa High School,64,73
4177,Paul Gould,M,11th,Figueroa High School,74,55
4178,Misty Smith,F,12th,Figueroa High School,72,72
4179,Danielle Dunn,F,12th,Figueroa High School,63,88
4180,James Crawford,M,10th,Figueroa High School,93,95
4181,Marilyn Flowers,F,11th,Figueroa High School,77,90
4182,Rachel Carter,F,11th,Figueroa High School,65,81
4183,Lisa Mclean,F,11th,Figueroa High School,89,58
4184,Kevin Alexander,M,10th,Figueroa High School,77,81
4185,Rachel Joyce,F,10th,Figueroa High School,82,67
4186,Austin Mejia,M,10th,Figueroa High School,77,83
4187,Suzanne Woodard,F,12th,Figueroa High School,79,72
4188,Maria Watkins,F,11th,Figueroa High School,82,62
4189,Alicia Harris,F,12th,Figueroa High School,99,75
4190,Eric Gregory,M,9th,Figueroa High School,80,96
4191,Lauren Wise,F,10th,Figueroa High School,72,96
4192,Thomas Davis,M,12th,Figueroa High School,85,71
4193,Taylor Mejia,F,12th,Figueroa High School,83,63
4194,Patrick Dougherty,M,10th,Figueroa High School,69,79
4195,Brian Hernandez,M,9th,Figueroa High School,84,65
4196,Nicholas Rodriguez,M,9th,Figueroa High School,67,95
4197,Tina Garcia,F,12th,Figueroa High School,66,95
4198,Bobby Frazier,M,11th,Figueroa High School,97,90
4199,Susan Barnes,F,12th,Figueroa High School,74,91
4200,Tyler Nguyen,M,11th,Figueroa High School,87,81
4201,Julie Green,F,10th,Figueroa High School,99,97
4202,Andrea Shields,F,12th,Figueroa High School,83,67
4203,Amanda Taylor,F,10th,Figueroa High School,85,84
4204,Megan Williams,F,11th,Figueroa High School,72,79
4205,Mark Johnson,M,9th,Figueroa High School,84,95
4206,James Rios,M,10th,Figueroa High School,84,60
4207,Todd Thompson,M,9th,Figueroa High School,79,59
4208,Sheila Diaz,F,11th,Figueroa High School,68,61
4209,Tyler Ortiz,M,9th,Figueroa High School,71,55
4210,Alex Wong,M,10th,Figueroa High School,67,76
4211,Shawn Brown,M,10th,Figueroa High School,76,72
4212,Warren Blake,M,9th,Figueroa High School,98,99
4213,Brenda Perez,F,12th,Figueroa High School,64,85
4214,Mary Stevenson,F,12th,Figueroa High School,82,89
4215,Teresa Woods,F,12th,Figueroa High School,64,76
4216,April Riley,F,9th,Figueroa High School,92,99
4217,Kelsey Morales,F,9th,Figueroa High School,92,98
4218,Monique King,F,10th,Figueroa High School,85,83
4219,Catherine Jordan,F,11th,Figueroa High School,80,70
4220,Gabrielle Aguirre,F,11th,Figueroa High School,64,76
4221,Jeremy Fox,M,10th,Figueroa High School,84,74
4222,Bill Barnes,M,10th,Figueroa High School,98,62
4223,Amanda Richardson,F,10th,Figueroa High School,91,63
4224,Kimberly Powers,F,10th,Figueroa High School,76,92
4225,Mark Hall,M,11th,Figueroa High School,67,95
4226,Jeffrey Robinson,M,11th,Figueroa High School,95,74
4227,Thomas Rice,M,11th,Figueroa High School,82,63
4228,Jesse King,M,11th,Figueroa High School,81,74
4229,Angela Smith,F,12th,Figueroa High School,99,85
4230,Annette Jimenez,F,9th,Figueroa High School,76,73
4231,David Owens,M,12th,Figueroa High School,85,62
4232,Ashley Terry,F,12th,Figueroa High School,84,92
4233,Shannon Bates,F,12th,Figueroa High School,64,82
4234,Austin Neal,M,11th,Figueroa High School,89,55
4235,Scott Rodriguez,M,9th,Figueroa High School,95,58
4236,Alan Arnold,M,12th,Figueroa High School,73,81
4237,Stephen Garcia,M,11th,Figueroa High School,88,77
4238,Tabitha Garcia,F,9th,Figueroa High School,76,93
4239,Randy Lee,M,12th,Figueroa High School,74,61
4240,Samantha Salas ,F,11th,Figueroa High School,72,62
4241,Danielle Jones,F,12th,Figueroa High School,91,65
4242,Larry Singleton,M,12th,Figueroa High School,94,91
4243,Elizabeth Thomas,F,9th,Figueroa High School,78,82
4244,Grant George,M,9th,Figueroa High School,63,88
4245,Tracy Allen,F,11th,Figueroa High School,79,87
4246,Aaron Gaines,M,11th,Figueroa High School,82,95
4247,Antonio Myers,M,11th,Figueroa High School,87,93
4248,Katie Pena,F,9th,Figueroa High School,72,84
4249,Anthony Campbell,M,12th,Figueroa High School,96,95
4250,Brad Martinez,M,10th,Figueroa High School,70,71
4251,Mitchell Johnson,M,11th,Figueroa High School,90,61
4252,David Taylor,M,11th,Figueroa High School,91,85
4253,Susan Rice,F,11th,Figueroa High School,87,82
4254,Curtis Johnson,M,9th,Figueroa High School,69,66
4255,Valerie Thomas ,F,9th,Figueroa High School,91,96
4256,Tammy Riggs,F,11th,Figueroa High School,75,83
4257,Colleen Nguyen,F,10th,Figueroa High School,81,84
4258,Melissa Larsen,F,10th,Figueroa High School,97,70
4259,Jessica Burnett,F,10th,Figueroa High School,77,98
4260,Cathy Macias,F,11th,Figueroa High School,79,60
4261,Timothy Erickson,M,9th,Figueroa High School,96,64
4262,Holly Levy,F,9th,Figueroa High School,80,61
4263,Ryan Bell,M,10th,Figueroa High School,96,58
4264,Ricardo Miller,M,11th,Figueroa High School,63,72
4265,Patricia Mullins,F,11th,Figueroa High School,80,93
4266,Sarah Harris,F,11th,Figueroa High School,73,87
4267,Beth Turner,F,9th,Figueroa High School,76,56
4268,Mrs. Gina Anderson,F,9th,Figueroa High School,92,70
4269,Michael Stein Jr.,M,12th,Figueroa High School,99,99
4270,Briana Mitchell,F,9th,Figueroa High School,86,55
4271,Eric Williams,M,9th,Figueroa High School,97,83
4272,Sierra Stephens,F,11th,Figueroa High School,86,89
4273,Eric Krause,M,11th,Figueroa High School,68,64
4274,Jennifer Shields,F,9th,Figueroa High School,64,59
4275,Wesley Bowen,M,9th,Figueroa High School,72,94
4276,Chad Ramirez,M,12th,Figueroa High School,65,91
4277,April Robinson,F,10th,Figueroa High School,66,85
4278,Justin Frank,M,9th,Figueroa High School,94,58
4279,Andrew Gonzalez,M,12th,Figueroa High School,88,88
4280,Felicia Butler,F,9th,Figueroa High School,67,80
4281,Micheal Stewart,M,12th,Figueroa High School,70,73
4282,Stacey Vargas,F,12th,Figueroa High School,91,67
4283,Barbara Hancock,F,9th,Figueroa High School,64,59
4284,Emily Carey,F,9th,Figueroa High School,94,62
4285,Wendy Allen,F,12th,Figueroa High School,91,89
4286,Cory Rojas,M,11th,Figueroa High School,74,95
4287,Jackie Berg,F,11th,Figueroa High School,68,80
4288,Alison Long,F,9th,Figueroa High School,75,86
4289,Megan Medina,F,9th,Figueroa High School,99,59
4290,David Shea,M,9th,Figueroa High School,69,69
4291,Christopher Oconnor,M,10th,Figueroa High School,87,87
4292,Donna Mcmahon,F,9th,Figueroa High School,88,67
4293,Joseph Bryant,M,12th,Figueroa High School,82,66
4294,Nicholas Hogan,M,11th,Figueroa High School,63,73
4295,Michael Heath,M,10th,Figueroa High School,65,73
4296,William Gonzalez,M,10th,Figueroa High School,64,55
4297,Lisa Le,F,9th,Figueroa High School,88,72
4298,Samuel Williams,M,10th,Figueroa High School,77,72
4299,Ashley Becker,F,10th,Figueroa High School,65,94
4300,Amanda Hall,F,11th,Figueroa High School,88,98
4301,Lindsey Gomez,F,9th,Figueroa High School,65,84
4302,Vincent Hicks,M,10th,Figueroa High School,87,74
4303,Stephen Foley,M,12th,Figueroa High School,80,71
4304,Scott Thompson,M,9th,Figueroa High School,82,88
4305,Michael Turner,M,12th,Figueroa High School,85,79
4306,Michael Rodriguez,M,10th,Figueroa High School,78,81
4307,Sheila Vasquez,F,11th,Figueroa High School,80,62
4308,Joel Hughes,M,10th,Figueroa High School,81,98
4309,Matthew Marquez,M,12th,Figueroa High School,99,90
4310,Carol Carlson,F,11th,Figueroa High School,96,72
4311,Mitchell Richardson,M,9th,Figueroa High School,95,62
4312,Shelly Robinson,F,9th,Figueroa High School,75,64
4313,Henry Thomas,M,11th,Figueroa High School,74,93
4314,Rachel Hobbs,F,11th,Figueroa High School,78,88
4315,Charlene Collins,F,12th,Figueroa High School,93,56
4316,Hannah Perez,F,10th,Figueroa High School,69,64
4317,Lori Stone,F,11th,Figueroa High School,88,57
4318,Arthur Mora,M,9th,Figueroa High School,71,69
4319,David Fleming,M,10th,Figueroa High School,66,56
4320,Gene Carrillo,M,9th,Figueroa High School,94,81
4321,William Bell,M,10th,Figueroa High School,74,63
4322,Steven Pittman,M,9th,Figueroa High School,71,96
4323,Cheryl Dennis,F,10th,Figueroa High School,87,83
4324,Susan Mitchell,F,10th,Figueroa High School,98,94
4325,Joshua Serrano,M,10th,Figueroa High School,65,70
4326,Phillip Knapp,M,9th,Figueroa High School,74,68
4327,Angela Mendoza,F,9th,Figueroa High School,72,98
4328,Stephanie Johnston,F,9th,Figueroa High School,77,87
4329,Tamara Campbell,F,12th,Figueroa High School,93,74
4330,Justin Nielsen,M,9th,Figueroa High School,82,64
4331,Michelle Klein,F,10th,Figueroa High School,77,95
4332,Patricia Elliott,F,10th,Figueroa High School,92,82
4333,Jason Clark,M,12th,Figueroa High School,69,60
4334,Alejandro Franklin,M,11th,Figueroa High School,87,92
4335,Mary Phillips,F,9th,Figueroa High School,72,72
4336,Shelley Rodriguez,F,9th,Figueroa High School,95,56
4337,Luis Marks,M,9th,Figueroa High School,67,80
4338,Darren Johnson,M,12th,Figueroa High School,87,74
4339,Amanda Mills,F,10th,Figueroa High School,64,96
4340,Jerry Henderson,M,12th,Figueroa High School,77,95
4341,Julie Guzman,F,9th,Figueroa High School,95,85
4342,Jerry Rivera,M,9th,Figueroa High School,92,97
4343,Audrey Fowler,F,9th,Figueroa High School,79,62
4344,Randy Martinez,M,12th,Figueroa High School,78,67
4345,Michael Evans,M,12th,Figueroa High School,72,60
4346,Adrian Robinson,M,10th,Figueroa High School,82,76
4347,Andrew Bennett,M,9th,Figueroa High School,78,97
4348,Douglas Meyer,M,10th,Figueroa High School,75,68
4349,Erika Williamson,F,9th,Figueroa High School,76,71
4350,Robert Day,M,12th,Figueroa High School,93,99
4351,Jose Boone,M,9th,Figueroa High School,82,74
4352,Richard Walters,M,11th,Figueroa High School,91,77
4353,Randy Espinoza,M,12th,Figueroa High School,82,77
4354,Justin Perez,M,10th,Figueroa High School,82,66
4355,Lorraine Stephens,F,9th,Figueroa High School,87,96
4356,Curtis Barnes,M,10th,Figueroa High School,77,86
4357,Justin Hernandez ,M,10th,Figueroa High School,83,67
4358,Nicholas James,M,9th,Figueroa High School,73,77
4359,Michael Stewart,M,9th,Figueroa High School,98,74
4360,Brenda Carpenter,F,9th,Figueroa High School,85,77
4361,Kathy Morris,F,12th,Figueroa High School,65,58
4362,Joyce Johnson,F,11th,Figueroa High School,83,90
4363,Douglas Smith,M,9th,Figueroa High School,73,99
4364,Maurice Jones,M,11th,Figueroa High School,63,56
4365,Karen Castro,F,12th,Figueroa High School,98,73
4366,Cory Hudson,M,9th,Figueroa High School,84,59
4367,Rhonda Herman,F,11th,Figueroa High School,95,99
4368,Katelyn Butler,F,11th,Figueroa High School,84,99
4369,Diana Mann,F,11th,Figueroa High School,90,81
4370,Aaron Wilson,M,9th,Figueroa High School,82,58
4371,Mrs. Mikayla White,F,10th,Figueroa High School,90,72
4372,Brittany Glover,F,9th,Figueroa High School,80,64
4373,Tracey Lambert,F,9th,Figueroa High School,93,58
4374,Christopher Baldwin,M,10th,Figueroa High School,93,67
4375,Christina Fernandez,F,10th,Figueroa High School,87,61
4376,Edward Palmer,M,10th,Figueroa High School,98,64
4377,Randall Olson,M,12th,Figueroa High School,92,56
4378,John Clark,M,9th,Figueroa High School,93,93
4379,Jessica Stein,F,10th,Figueroa High School,71,79
4380,Angela Fields,F,11th,Figueroa High School,75,83
4381,Cameron West,M,9th,Figueroa High School,80,57
4382,Elizabeth Coleman ,F,10th,Figueroa High School,94,80
4383,Deborah Pratt,F,9th,Figueroa High School,86,79
4384,Jacqueline Kim,F,12th,Figueroa High School,89,75
4385,Carl Herrera,M,9th,Figueroa High School,97,83
4386,Brian Price,M,12th,Figueroa High School,89,91
4387,Peggy Fernandez,F,11th,Figueroa High School,82,62
4388,Joshua Myers,M,9th,Figueroa High School,69,57
4389,Julian Miller,M,10th,Figueroa High School,90,56
4390,Megan Baldwin,F,11th,Figueroa High School,91,76
4391,Tyler Wilson,M,12th,Figueroa High School,78,74
4392,Alexander Juarez,M,12th,Figueroa High School,80,62
4393,Jonathan Perez,M,11th,Figueroa High School,72,92
4394,Stacy Short,F,11th,Figueroa High School,64,82
4395,Leslie Taylor,M,10th,Figueroa High School,99,75
4396,Rose Walters,F,10th,Figueroa High School,87,89
4397,Andrea West,F,12th,Figueroa High School,68,80
4398,Thomas Miller,M,9th,Figueroa High School,96,96
4399,Alexandra Hood PhD,F,12th,Figueroa High School,93,71
4400,Heather Powers,F,11th,Figueroa High School,79,62
4401,Michael Wright,M,9th,Figueroa High School,89,93
4402,Joseph Baker,M,10th,Figueroa High School,63,88
4403,Eric Richmond,M,9th,Figueroa High School,85,73
4404,Richard Browning,M,10th,Figueroa High School,87,63
4405,John Howard,M,10th,Figueroa High School,94,71
4406,Brandon Jacobson,M,10th,Figueroa High School,91,71
4407,Bryan Martin,M,11th,Figueroa High School,68,82
4408,Jill Trujillo,F,12th,Figueroa High School,96,74
4409,Sean Suarez,M,9th,Figueroa High School,65,73
4410,Jennifer Smith,F,11th,Figueroa High School,82,74
4411,Adam Decker,M,12th,Figueroa High School,93,89
4412,Tracey Campbell,F,10th,Figueroa High School,94,99
4413,Stephen Rollins,M,10th,Figueroa High School,89,98
4414,Yolanda Walker,F,9th,Figueroa High School,69,55
4415,Kimberly Ellison,F,9th,Figueroa High School,98,70
4416,Stephanie Yang,F,9th,Figueroa High School,96,56
4417,Katelyn Castro,F,11th,Figueroa High School,68,99
4418,Robert Kaufman,M,11th,Figueroa High School,82,65
4419,Corey Simmons,M,11th,Figueroa High School,75,76
4420,John Flores,M,12th,Figueroa High School,92,68
4421,Eric Marsh,M,11th,Figueroa High School,77,80
4422,April Lara,F,12th,Figueroa High School,77,98
4423,Michael Coleman,M,11th,Figueroa High School,92,96
4424,Connie Raymond,F,10th,Figueroa High School,75,69
4425,Michael Gonzalez ,M,12th,Figueroa High School,74,67
4426,Misty Johnson,F,10th,Figueroa High School,67,81
4427,Ryan Phillips Jr.,M,9th,Figueroa High School,93,75
4428,Nicole Scott,F,10th,Figueroa High School,79,62
4429,Sandra Miller,F,12th,Figueroa High School,88,59
4430,Tara Sanchez,F,9th,Figueroa High School,94,92
4431,Craig Smith,M,10th,Figueroa High School,76,87
4432,Philip Faulkner,M,10th,Figueroa High School,79,67
4433,Ronald Williams,M,11th,Figueroa High School,66,85
4434,Joseph Boyd,M,11th,Figueroa High School,92,69
4435,Melissa Wise,F,9th,Figueroa High School,79,62
4436,Sean Moore,M,10th,Figueroa High School,99,65
4437,Scott Hurley,M,11th,Figueroa High School,63,79
4438,Andrew Barnett,M,9th,Figueroa High School,98,99
4439,Joseph Smith,M,10th,Figueroa High School,81,83
4440,John Lopez,M,10th,Figueroa High School,85,63
4441,Eric Davis,M,9th,Figueroa High School,87,93
4442,Christina Hines,F,9th,Figueroa High School,67,93
4443,Michael Navarro,M,11th,Figueroa High School,66,80
4444,Kayla Gonzales,F,11th,Figueroa High School,78,60
4445,Ashley Jones ,F,12th,Figueroa High School,78,57
4446,Jesus Mckee,M,11th,Figueroa High School,71,56
4447,Margaret Smith,F,9th,Figueroa High School,86,82
4448,Alexander Ruiz,M,9th,Figueroa High School,78,55
4449,Debra Dunn,F,10th,Figueroa High School,93,56
4450,Chris Wiley,M,10th,Figueroa High School,63,68
4451,Gabriel Howe,M,11th,Figueroa High School,90,87
4452,Carla Rogers,F,9th,Figueroa High School,92,75
4453,Rachel Petersen,F,10th,Figueroa High School,78,77
4454,Heather Berg,F,11th,Figueroa High School,91,84
4455,Patricia Small,F,12th,Figueroa High School,65,77
4456,Jason Robinson,M,11th,Figueroa High School,77,65
4457,Brooke Rogers,F,9th,Figueroa High School,79,85
4458,James Ford,M,10th,Figueroa High School,90,67
4459,Danielle Thompson,F,9th,Figueroa High School,77,72
4460,Jonathan Chandler,M,12th,Figueroa High School,63,58
4461,Kyle Brooks,M,10th,Figueroa High School,71,65
4462,Joseph Rosario,M,9th,Figueroa High School,77,69
4463,Lisa Patterson,F,9th,Figueroa High School,74,66
4464,Christopher Mayo,M,11th,Figueroa High School,83,87
4465,Patricia Oliver,F,9th,Figueroa High School,89,87
4466,Devon Morris,M,10th,Figueroa High School,68,76
4467,Susan Trujillo ,F,10th,Figueroa High School,95,73
4468,Stephen Thomas,M,11th,Figueroa High School,72,67
4469,Zachary Warren,M,11th,Figueroa High School,85,63
4470,Terri Reilly,F,11th,Figueroa High School,88,86
4471,David Miller,M,10th,Figueroa High School,89,79
4472,Nathan Davis,M,9th,Figueroa High School,71,94
4473,Benjamin Williams,M,11th,Figueroa High School,74,63
4474,Suzanne Diaz,F,12th,Figueroa High School,65,88
4475,Nicholas Wright,M,9th,Figueroa High School,69,68
4476,Raymond Jordan,M,11th,Figueroa High School,83,55
4477,Jessica Hurst,F,10th,Figueroa High School,97,91
4478,Helen Lee,F,10th,Figueroa High School,81,57
4479,Robin Houston,F,9th,Figueroa High School,91,59
4480,Maureen Hayes,F,12th,Figueroa High School,99,78
4481,Christopher Meadows,M,12th,Figueroa High School,75,58
4482,Amy Williams,F,10th,Figueroa High School,99,71
4483,Jennifer Walsh,F,9th,Figueroa High School,82,88
4484,Courtney Thompson,F,9th,Figueroa High School,66,99
4485,Madison Allen,F,10th,Figueroa High School,64,65
4486,Sonya Green,F,9th,Figueroa High School,88,89
4487,David Watson,M,9th,Figueroa High School,99,83
4488,Dustin Perkins,M,10th,Figueroa High School,99,67
4489,Craig Fowler,M,9th,Figueroa High School,70,60
4490,Kathleen Stanton,F,9th,Figueroa High School,63,85
4491,Samantha Banks,F,11th,Figueroa High School,87,84
4492,Robert Reyes,M,11th,Figueroa High School,84,93
4493,Richard Hernandez,M,9th,Figueroa High School,66,69
4494,Tracy Cuevas,F,9th,Figueroa High School,69,94
4495,Wanda Velez,F,10th,Figueroa High School,86,69
4496,Emily Rose,F,12th,Figueroa High School,95,71
4497,Michele Willis,F,9th,Figueroa High School,73,65
4498,James Crawford,M,9th,Figueroa High School,73,58
4499,Joshua Dodson,M,9th,Figueroa High School,73,73
4500,Carol Baker ,F,9th,Figueroa High School,96,84
4501,Micheal Mcbride,M,10th,Figueroa High School,65,87
4502,Marissa Ramirez,F,9th,Figueroa High School,67,59
4503,Katrina White,F,9th,Figueroa High School,96,59
4504,Hunter Andrews,M,9th,Figueroa High School,75,66
4505,Tina Lewis,F,10th,Figueroa High School,86,99
4506,Olivia Burton,F,12th,Figueroa High School,97,59
4507,Alison Schneider,F,9th,Figueroa High School,87,90
4508,Courtney Brooks,F,12th,Figueroa High School,96,69
4509,John Cooper,M,9th,Figueroa High School,72,75
4510,Samantha Johnson,F,12th,Figueroa High School,95,85
4511,Heather Elliott,F,9th,Figueroa High School,89,69
4512,Katie Kelly,F,10th,Figueroa High School,85,90
4513,Tina Mercer,F,12th,Figueroa High School,77,57
4514,Dawn Colon,F,12th,Figueroa High School,83,99
4515,Kerry Neal,M,10th,Figueroa High School,71,70
4516,Gregory Gonzalez,M,10th,Figueroa High School,92,64
4517,Joan Miller,F,10th,Figueroa High School,74,82
4518,Keith Anderson,M,10th,Figueroa High School,96,62
4519,Stephanie Foster,F,11th,Figueroa High School,75,75
4520,Todd Mason,M,11th,Figueroa High School,99,57
4521,Elizabeth Chavez,F,11th,Figueroa High School,86,66
4522,Sara Gillespie,F,10th,Figueroa High School,82,89
4523,Laura Carter,F,11th,Figueroa High School,66,90
4524,Theresa James,F,9th,Figueroa High School,95,98
4525,Linda Salazar,F,9th,Figueroa High School,99,69
4526,Ian Hansen,M,11th,Figueroa High School,74,62
4527,Kevin Kelly,M,11th,Figueroa High School,92,78
4528,Anthony Walsh,M,9th,Figueroa High School,83,93
4529,Thomas Mitchell,M,9th,Figueroa High School,74,81
4530,Makayla Hampton,F,9th,Figueroa High School,66,83
4531,William Stanley,M,12th,Figueroa High School,65,85
4532,Bianca Calderon,F,10th,Figueroa High School,98,61
4533,Mary Sanders,F,10th,Figueroa High School,76,70
4534,Kelly Ibarra ,F,11th,Figueroa High School,66,82
4535,Heidi Martinez,F,9th,Figueroa High School,80,63
4536,Dalton Garza,M,12th,Figueroa High School,80,91
4537,Joe Ayala,M,11th,Figueroa High School,80,65
4538,Tyler Alvarez,M,11th,Figueroa High School,67,79
4539,Mallory Webb,F,12th,Figueroa High School,78,95
4540,Mckenzie Dean,F,9th,Figueroa High School,67,96
4541,Richard Anderson,M,11th,Figueroa High School,91,55
4542,Kelly Meyers,F,12th,Figueroa High School,84,84
4543,John Bartlett,M,9th,Figueroa High School,86,57
4544,Jeffrey Rodriguez,M,11th,Figueroa High School,78,94
4545,Charles Chapman,M,12th,Figueroa High School,71,90
4546,Samantha Everett,F,10th,Figueroa High School,77,81
4547,Megan Clark,F,9th,Figueroa High School,78,62
4548,Robert Bailey,M,9th,Figueroa High School,69,72
4549,Tracey Walker,F,10th,Figueroa High School,75,90
4550,Stephen Woodard,M,10th,Figueroa High School,84,60
4551,Phillip Torres,M,9th,Figueroa High School,91,84
4552,Marissa Jackson,F,10th,Figueroa High School,65,61
4553,Edward Banks,M,11th,Figueroa High School,64,59
4554,Matthew Sullivan,M,9th,Figueroa High School,85,92
4555,Jeffrey Riggs,M,10th,Figueroa High School,75,83
4556,Julie Robbins,F,10th,Figueroa High School,91,66
4557,Mckenzie Garcia,F,12th,Figueroa High School,78,98
4558,Reginald Phillips,M,9th,Figueroa High School,71,80
4559,Phillip Anderson,M,10th,Figueroa High School,77,55
4560,Sandy Evans,F,10th,Figueroa High School,68,79
4561,Susan Burke,F,11th,Figueroa High School,81,75
4562,Andrew Barnes,M,10th,Figueroa High School,90,70
4563,Felicia Blevins,F,12th,Figueroa High School,85,85
4564,Christina Rios,F,9th,Figueroa High School,87,91
4565,Taylor Dickerson,F,10th,Figueroa High School,63,55
4566,Steven Potter,M,9th,Figueroa High School,64,97
4567,Paul Crawford,M,10th,Figueroa High School,94,80
4568,Matthew Smith,M,11th,Figueroa High School,84,75
4569,Bradley Smith,M,10th,Figueroa High School,95,59
4570,Kimberly Freeman,F,9th,Figueroa High School,86,55
4571,Mrs. Crystal Perez,F,12th,Figueroa High School,83,86
4572,Erin Reed,F,12th,Figueroa High School,71,67
4573,Ricky Gross,M,11th,Figueroa High School,69,94
4574,William Morris,M,9th,Figueroa High School,69,92
4575,Jordan Garcia,M,9th,Figueroa High School,78,55
4576,Nicole Jones,F,11th,Figueroa High School,92,56
4577,Melissa Braun,F,12th,Figueroa High School,88,85
4578,Joshua Jensen ,M,10th,Figueroa High School,84,74
4579,Jennifer Simpson,F,11th,Figueroa High School,66,94
4580,Rose Anderson,F,10th,Figueroa High School,84,61
4581,Stephanie Bell,F,12th,Figueroa High School,75,59
4582,Joseph Thompson,M,10th,Figueroa High School,87,91
4583,Daniel Davis,M,11th,Figueroa High School,68,86
4584,Sarah Dyer,F,11th,Figueroa High School,82,93
4585,Nicole Carr,F,10th,Figueroa High School,99,77
4586,Melissa Ross,F,11th,Figueroa High School,77,61
4587,Toni Duncan,F,9th,Figueroa High School,72,83
4588,Dana Myers,F,11th,Figueroa High School,75,73
4589,Jeff Perry,M,12th,Figueroa High School,65,81
4590,Lisa Kelly,F,12th,Figueroa High School,96,94
4591,Jason Peterson,M,11th,Figueroa High School,82,87
4592,Juan Werner,M,10th,Figueroa High School,81,64
4593,Meghan Kane,F,10th,Figueroa High School,99,75
4594,Craig Davis,M,11th,Figueroa High School,64,65
4595,Kathy May,F,10th,Figueroa High School,64,97
4596,Tina Wise,F,11th,Figueroa High School,63,78
4597,Christine Mckay,F,11th,Figueroa High School,96,95
4598,Heather Craig,F,10th,Figueroa High School,91,73
4599,Valerie Barnett,F,11th,Figueroa High School,67,94
4600,Matthew Craig,M,11th,Figueroa High School,77,74
4601,Deborah Hayes,F,12th,Figueroa High School,77,58
4602,Donald Wilkinson,M,9th,Figueroa High School,92,82
4603,Vanessa Ortiz ,F,9th,Figueroa High School,73,95
4604,Andrew Lara,M,9th,Figueroa High School,69,76
4605,Jonathan Alvarado,M,9th,Figueroa High School,76,91
4606,Nicholas Silva,M,11th,Figueroa High School,78,93
4607,Brent Murray,M,10th,Figueroa High School,93,61
4608,Robert Gallagher,M,11th,Figueroa High School,82,61
4609,Michelle Hunter,F,11th,Figueroa High School,77,63
4610,Meagan Welch,F,10th,Figueroa High School,78,65
4611,Robert Santiago,M,9th,Figueroa High School,69,97
4612,Joseph Clark,M,12th,Figueroa High School,76,57
4613,Vanessa Casey,F,12th,Figueroa High School,82,93
4614,Virginia Anderson,F,11th,Figueroa High School,87,65
4615,Joshua Nelson,M,9th,Figueroa High School,71,76
4616,Amber Graves,F,10th,Figueroa High School,80,71
4617,Scott Taylor,M,9th,Figueroa High School,87,96
4618,Jessica Lee,F,12th,Figueroa High School,87,78
4619,Brian Gonzalez,M,11th,Figueroa High School,77,60
4620,Gina Anderson,F,12th,Figueroa High School,63,88
4621,Stephen Orr,M,11th,Figueroa High School,90,81
4622,Tammy Moran,F,9th,Figueroa High School,84,90
4623,Charles Clark,M,11th,Figueroa High School,95,77
4624,James Mitchell,M,10th,Figueroa High School,87,93
4625,Stephanie Logan,F,10th,Figueroa High School,92,70
4626,Rebecca Norton,F,12th,Figueroa High School,63,70
4627,Michelle Whitney,F,12th,Figueroa High School,85,91
4628,Jeffrey Collins,M,10th,Figueroa High School,95,90
4629,Cole Miles,M,9th,Figueroa High School,89,74
4630,David Williams,M,12th,Figueroa High School,81,81
4631,Jennifer Campbell,F,10th,Figueroa High School,66,71
4632,Monica Sheppard,F,9th,Figueroa High School,68,86
4633,John Walls,M,10th,Figueroa High School,64,73
4634,Matthew Ross,M,9th,Figueroa High School,86,89
4635,Lisa Huff,F,10th,Figueroa High School,66,61
4636,Patricia Jackson,F,9th,Figueroa High School,80,77
4637,Tracy Moore,F,10th,Figueroa High School,65,79
4638,Charles Murphy,M,9th,Figueroa High School,78,83
4639,Wendy Edwards,F,11th,Figueroa High School,98,91
4640,Charles Hickman,M,9th,Figueroa High School,78,67
4641,David Baldwin,M,10th,Figueroa High School,91,83
4642,Christopher Harris,M,12th,Figueroa High School,65,88
4643,Nicholas Nelson,M,9th,Figueroa High School,65,60
4644,Larry Mullen,M,10th,Figueroa High School,81,57
4645,James Mills,M,10th,Figueroa High School,74,85
4646,Lori Cooley,F,9th,Figueroa High School,63,75
4647,Jessica Bryant,F,11th,Figueroa High School,97,94
4648,Kathleen Woods,F,9th,Figueroa High School,73,70
4649,Wanda Allen,F,10th,Figueroa High School,81,94
4650,David Hicks,M,11th,Figueroa High School,88,85
4651,Tamara Jordan,F,10th,Figueroa High School,86,77
4652,Luis Hahn,M,10th,Figueroa High School,70,95
4653,Kimberly Phillips,F,12th,Figueroa High School,70,65
4654,Daniel Arnold,M,10th,Figueroa High School,88,91
4655,Timothy Bailey,M,11th,Figueroa High School,72,58
4656,Jamie Porter,F,11th,Figueroa High School,71,62
4657,Taylor Watson,F,12th,Figueroa High School,90,89
4658,Joel Carroll,M,9th,Figueroa High School,77,82
4659,Darius Stafford,M,12th,Figueroa High School,74,86
4660,Patricia Rodriguez,F,9th,Figueroa High School,70,67
4661,Becky Medina,F,12th,Figueroa High School,77,86
4662,Ethan Knox,M,11th,Figueroa High School,83,79
4663,Cody Palmer,M,12th,Figueroa High School,87,98
4664,Michelle Anderson,F,10th,Figueroa High School,67,62
4665,Lisa White,F,9th,Figueroa High School,77,60
4666,Shannon Burns,F,10th,Figueroa High School,76,76
4667,Joel Ramos,M,12th,Figueroa High School,77,97
4668,Russell Velasquez,M,9th,Figueroa High School,95,84
4669,Robert Sims,M,9th,Figueroa High School,95,98
4670,Christopher Vega,M,12th,Figueroa High School,82,61
4671,Jennifer Todd,F,12th,Figueroa High School,84,94
4672,Travis Jones,M,11th,Figueroa High School,87,97
4673,Nancy Huynh,F,11th,Figueroa High School,73,72
4674,Tiffany Burch,F,10th,Figueroa High School,99,76
4675,Ronald Ortiz,M,9th,Figueroa High School,94,59
4676,Daniel Ramos,M,11th,Figueroa High School,91,80
4677,Meghan Montgomery,F,10th,Figueroa High School,85,73
4678,Susan Browning,F,11th,Figueroa High School,67,62
4679,Benjamin Scott,M,11th,Figueroa High School,85,96
4680,Sierra Montoya,F,9th,Figueroa High School,78,67
4681,Erika Mayer,F,11th,Figueroa High School,84,85
4682,Natalie Baldwin,F,9th,Figueroa High School,84,76
4683,Justin Schaefer,M,11th,Figueroa High School,72,71
4684,Jennifer Reynolds,F,9th,Figueroa High School,72,85
4685,Jessica Johnson,F,10th,Figueroa High School,91,57
4686,Joanna Moore,F,12th,Figueroa High School,96,90
4687,Taylor Rogers,F,10th,Figueroa High School,80,70
4688,Eric Davies,M,11th,Figueroa High School,89,58
4689,Jonathan Munoz,M,12th,Figueroa High School,79,78
4690,Marissa Glass,F,10th,Figueroa High School,69,80
4691,Larry Bates,M,10th,Figueroa High School,85,86
4692,Erika Carney,F,9th,Figueroa High School,79,65
4693,Monica Spencer,F,9th,Figueroa High School,65,99
4694,Samantha Miller,F,9th,Figueroa High School,84,68
4695,Brittany Monroe,F,11th,Figueroa High School,84,67
4696,Joseph Kelly,M,9th,Figueroa High School,88,88
4697,John Faulkner,M,10th,Figueroa High School,80,78
4698,Shawn Young,M,9th,Figueroa High School,97,69
4699,Patricia Brandt,F,9th,Figueroa High School,69,67
4700,Michael Parrish,M,11th,Figueroa High School,73,92
4701,Walter Martin,M,9th,Figueroa High School,79,90
4702,Lauren Russell,F,11th,Figueroa High School,78,75
4703,Chelsea Vargas,F,9th,Figueroa High School,77,99
4704,Allison Mcbride,F,9th,Figueroa High School,64,84
4705,Amy Griffith,F,10th,Figueroa High School,98,58
4706,Tanya Harmon,F,12th,Figueroa High School,84,89
4707,Brooke Graham,F,12th,Figueroa High School,74,64
4708,Sandra Miller,F,10th,Figueroa High School,79,80
4709,William Martinez,M,9th,Figueroa High School,81,59
4710,Edward Barron,M,11th,Figueroa High School,82,71
4711,Kimberly Brown,F,10th,Figueroa High School,88,65
4712,Jeffery Nolan,M,12th,Figueroa High School,77,80
4713,Jamie Allen,F,11th,Figueroa High School,64,90
4714,Jennifer Brown,F,9th,Figueroa High School,90,70
4715,Lynn Morales,F,9th,Figueroa High School,87,59
4716,Julie Smith,F,11th,Figueroa High School,65,97
4717,Tracy Williams,M,12th,Figueroa High School,94,70
4718,Stacy Johnson,F,9th,Figueroa High School,69,55
4719,Christian Sims,M,11th,Figueroa High School,76,75
4720,Jack Turner,M,10th,Figueroa High School,75,85
4721,John Richardson,M,10th,Figueroa High School,81,66
4722,Nichole Fleming,F,11th,Figueroa High School,67,89
4723,Bryan Johnson,M,12th,Figueroa High School,94,56
4724,James Pruitt,M,12th,Figueroa High School,67,62
4725,Bethany Simmons,F,11th,Figueroa High School,73,99
4726,Nicholas Diaz,M,9th,Figueroa High School,78,99
4727,Martin Miller,M,11th,Figueroa High School,85,76
4728,Laura Snyder,F,12th,Figueroa High School,85,93
4729,Stephanie Davis,F,9th,Figueroa High School,80,71
4730,Shelby Knapp,F,9th,Figueroa High School,81,67
4731,Jessica Schmidt,F,12th,Figueroa High School,63,70
4732,James Walter,M,9th,Figueroa High School,63,92
4733,Donald Butler,M,9th,Figueroa High School,98,96
4734,Daniel Malone,M,10th,Figueroa High School,85,62
4735,Kyle Sellers,M,9th,Figueroa High School,87,62
4736,Derek Wolfe,M,9th,Figueroa High School,92,83
4737,John Gray,M,9th,Figueroa High School,88,79
4738,Steve Flores,M,11th,Figueroa High School,67,84
4739,Helen Carpenter,F,11th,Figueroa High School,79,65
4740,Jay Navarro,M,9th,Figueroa High School,65,87
4741,Erica Preston,F,11th,Figueroa High School,64,57
4742,Shelly Blair,F,10th,Figueroa High School,68,59
4743,Susan White,F,12th,Figueroa High School,71,63
4744,Juan Simpson,M,9th,Figueroa High School,68,94
4745,Mary Foley,F,9th,Figueroa High School,89,63
4746,Lisa Wilcox,F,9th,Figueroa High School,95,62
4747,Kenneth Miller,M,11th,Figueroa High School,99,60
4748,Misty Cruz,F,10th,Figueroa High School,70,91
4749,Melanie Wheeler,F,12th,Figueroa High School,92,82
4750,Melanie Simpson,F,12th,Figueroa High School,91,93
4751,Katherine Myers,F,9th,Figueroa High School,81,72
4752,Kristin Anderson,F,11th,Figueroa High School,72,59
4753,Michelle Moreno,F,12th,Figueroa High School,94,72
4754,Nathaniel Reid,M,12th,Figueroa High School,88,99
4755,Crystal Wyatt,F,9th,Figueroa High School,86,68
4756,Jimmy Smith ,M,11th,Figueroa High School,83,80
4757,Roy Blair,M,11th,Figueroa High School,84,74
4758,Kenneth Thomas,M,9th,Figueroa High School,68,58
4759,Donald Haney,M,10th,Figueroa High School,68,89
4760,Michelle Burke,F,11th,Figueroa High School,76,81
4761,Robert Mosley,M,9th,Figueroa High School,75,56
4762,Pamela Gibson,F,10th,Figueroa High School,73,75
4763,Jacob Rose,M,9th,Figueroa High School,99,75
4764,Katherine Bowman,F,12th,Figueroa High School,88,79
4765,Gerald Smith,M,10th,Figueroa High School,72,83
4766,Derek Green,M,12th,Figueroa High School,69,96
4767,Adam Anderson,M,11th,Figueroa High School,76,83
4768,Robin Ross,F,10th,Figueroa High School,82,84
4769,Kristi Morales,F,11th,Figueroa High School,89,73
4770,Taylor Mckinney,F,12th,Figueroa High School,84,57
4771,Michael Smith,M,10th,Figueroa High School,87,91
4772,Thomas Hanna,M,12th,Figueroa High School,98,84
4773,Richard Martin,M,9th,Figueroa High School,80,59
4774,Audrey Rodriguez,F,11th,Figueroa High School,92,77
4775,Linda Young,F,10th,Figueroa High School,76,84
4776,Alan Brewer,M,11th,Figueroa High School,80,71
4777,Brent Barnett,M,12th,Figueroa High School,88,92
4778,Mike Cruz,M,9th,Figueroa High School,98,62
4779,Matthew Mays,M,12th,Figueroa High School,68,71
4780,Kenneth York,M,9th,Figueroa High School,78,67
4781,Mary Thomas,F,12th,Figueroa High School,64,65
4782,Benjamin Forbes,M,9th,Figueroa High School,94,70
4783,Jeffrey King,M,10th,Figueroa High School,76,99
4784,Michael Sandoval,M,9th,Figueroa High School,64,93
4785,Richard Collins,M,10th,Figueroa High School,90,83
4786,Randy Anthony,M,9th,Figueroa High School,63,86
4787,Carlos Norman,M,10th,Figueroa High School,88,73
4788,Dennis Garrison,M,12th,Figueroa High School,76,81
4789,Theresa Ward,F,11th,Figueroa High School,69,64
4790,Heather Sherman,F,10th,Figueroa High School,96,68
4791,Timothy Gonzales,M,9th,Figueroa High School,95,65
4792,Maria Holt,F,9th,Figueroa High School,99,58
4793,Emily Bush,F,11th,Figueroa High School,92,91
4794,Kimberly Shepherd,F,11th,Figueroa High School,63,71
4795,Nicholas Leach,M,11th,Figueroa High School,65,68
4796,Emily Harris,F,11th,Figueroa High School,76,59
4797,Gary Davis,M,12th,Figueroa High School,67,98
4798,Kyle Smith,M,9th,Figueroa High School,63,87
4799,Mary Curry,F,11th,Figueroa High School,72,63
4800,Jasmine Chung,F,12th,Figueroa High School,70,63
4801,Nicole Jackson,F,9th,Figueroa High School,66,68
4802,Desiree Collins,F,11th,Figueroa High School,65,64
4803,Teresa Brady,F,11th,Figueroa High School,75,97
4804,Corey Henderson,M,12th,Figueroa High School,86,86
4805,Stacey Green,F,10th,Figueroa High School,70,73
4806,Pamela Mullins,F,11th,Figueroa High School,84,99
4807,Cindy Collins,F,12th,Figueroa High School,86,84
4808,Mary Wheeler,F,9th,Figueroa High School,68,94
4809,Christina Hunter,F,12th,Figueroa High School,93,75
4810,Raymond Palmer,M,12th,Figueroa High School,88,76
4811,Linda Willis,F,10th,Figueroa High School,87,76
4812,Adam Rogers,M,9th,Figueroa High School,88,74
4813,David Duncan,M,11th,Figueroa High School,88,91
4814,Rachel Burke,F,10th,Figueroa High School,76,74
4815,Nicole Byrd,F,10th,Figueroa High School,66,70
4816,Charles Andersen,M,12th,Figueroa High School,88,60
4817,Tiffany Wells,F,11th,Figueroa High School,70,66
4818,William Lambert,M,9th,Figueroa High School,92,86
4819,Jeffrey Cortez,M,11th,Figueroa High School,77,69
4820,Adam Simon,M,11th,Figueroa High School,91,69
4821,Jeremy Gray,M,11th,Figueroa High School,91,74
4822,David Gordon,M,9th,Figueroa High School,82,87
4823,William Casey,M,9th,Figueroa High School,93,83
4824,Anthony Phelps,M,11th,Figueroa High School,63,99
4825,Nicole Murray,F,10th,Figueroa High School,74,73
4826,Jerry Bell,M,11th,Figueroa High School,63,65
4827,Alejandra Ball,F,9th,Figueroa High School,81,79
4828,Michele Doyle,F,10th,Figueroa High School,77,88
4829,Christine Garrison,F,10th,Figueroa High School,79,91
4830,Angelica Duran,F,10th,Figueroa High School,81,84
4831,Traci Woodward,F,9th,Figueroa High School,69,86
4832,John Compton ,M,9th,Figueroa High School,94,89
4833,Joshua Sutton,M,12th,Figueroa High School,97,92
4834,Christopher King,M,11th,Figueroa High School,87,97
4835,Maurice Bell,M,12th,Figueroa High School,99,75
4836,Ryan Castillo,M,9th,Figueroa High School,95,57
4837,Donna Vazquez,F,12th,Figueroa High School,73,91
4838,Thomas Campbell,M,12th,Figueroa High School,77,77
4839,Ryan Johnson,M,10th,Figueroa High School,91,88
4840,George Martin,M,11th,Figueroa High School,74,80
4841,Ann Cardenas,F,11th,Figueroa High School,66,65
4842,Jennifer Campbell,F,11th,Figueroa High School,94,58
4843,Chad Moore,M,10th,Figueroa High School,95,66
4844,Sierra Waters,F,10th,Figueroa High School,76,77
4845,Mario Wheeler PhD,M,9th,Figueroa High School,82,88
4846,Joshua Johnson,M,12th,Figueroa High School,97,65
4847,Michael Wong,M,9th,Figueroa High School,63,76
4848,Lisa Ryan,F,9th,Figueroa High School,95,80
4849,Kathy Ibarra,F,12th,Figueroa High School,93,94
4850,Leslie Manning,F,12th,Figueroa High School,85,95
4851,Cynthia Levy,F,10th,Figueroa High School,73,90
4852,Aaron Dean,M,10th,Figueroa High School,66,81
4853,Brian Cruz,M,9th,Figueroa High School,76,74
4854,Melissa Harrington,F,10th,Figueroa High School,93,82
4855,Debra Morgan,F,10th,Figueroa High School,81,59
4856,Lisa Sanders,F,10th,Figueroa High School,91,82
4857,Marie Wong,F,12th,Figueroa High School,63,93
4858,Travis Harris,M,9th,Figueroa High School,81,72
4859,Gina Davis,F,10th,Figueroa High School,70,95
4860,Michael Whitehead,M,10th,Figueroa High School,92,62
4861,Matthew Mccullough,M,9th,Figueroa High School,66,66
4862,Brian Hernandez,M,9th,Figueroa High School,87,80
4863,Michelle Freeman,F,9th,Figueroa High School,76,78
4864,Briana Hernandez,F,12th,Figueroa High School,84,81
4865,Ryan Turner,M,10th,Figueroa High School,91,91
4866,April Hamilton,F,12th,Figueroa High School,74,87
4867,Robert Davis,M,12th,Figueroa High School,95,94
4868,Kimberly Fuller,F,11th,Figueroa High School,63,68
4869,Bryce Whitaker,M,12th,Figueroa High School,70,58
4870,David Simpson,M,11th,Figueroa High School,64,84
4871,Elizabeth Glenn,F,10th,Figueroa High School,86,64
4872,Jennifer Gutierrez,F,9th,Figueroa High School,69,97
4873,Frederick Green,M,11th,Figueroa High School,75,79
4874,Jose Fletcher,M,10th,Figueroa High School,92,58
4875,Ronald Glenn,M,11th,Figueroa High School,78,90
4876,Martha Cole,F,11th,Figueroa High School,99,79
4877,Katelyn Berg,F,9th,Figueroa High School,91,89
4878,Gerald Harrison,M,12th,Figueroa High School,80,91
4879,Heather Anderson,F,10th,Figueroa High School,84,57
4880,Brianna Murray,F,11th,Figueroa High School,76,78
4881,Lisa Spencer,F,12th,Figueroa High School,74,64
4882,Susan Krueger,F,10th,Figueroa High School,80,86
4883,Kenneth Martinez,M,11th,Figueroa High School,68,97
4884,Lawrence Skinner,M,12th,Figueroa High School,70,61
4885,Joseph Nelson,M,11th,Figueroa High School,69,72
4886,David Kane,M,9th,Figueroa High School,67,89
4887,Brian Wilson,M,10th,Figueroa High School,70,78
4888,Mark Lewis,M,10th,Figueroa High School,86,86
4889,Patricia Cooper,F,11th,Figueroa High School,99,73
4890,Kathleen Pitts,F,9th,Figueroa High School,65,79
4891,Jennifer Hamilton,F,9th,Figueroa High School,74,90
4892,Amy Turner,F,9th,Figueroa High School,69,74
4893,Karen Long,F,12th,Figueroa High School,83,92
4894,Wayne Colon,M,11th,Figueroa High School,79,55
4895,Theresa Durham,F,10th,Figueroa High School,88,99
4896,Meghan Mitchell,F,9th,Figueroa High School,64,97
4897,Rachel White,F,11th,Figueroa High School,67,57
4898,Suzanne Rodriguez,F,12th,Figueroa High School,81,90
4899,Susan Watkins,F,10th,Figueroa High School,93,94
4900,Christopher Larson,M,11th,Figueroa High School,85,82
4901,Andrew Miller,M,9th,Figueroa High School,77,86
4902,William French,M,10th,Figueroa High School,76,81
4903,Jessica Willis,F,11th,Figueroa High School,97,86
4904,Robert Johnson,M,9th,Figueroa High School,81,78
4905,Daniel Hernandez,M,10th,Figueroa High School,88,74
4906,Sarah Mccall,F,11th,Figueroa High School,65,83
4907,Amy Moore,F,10th,Figueroa High School,75,57
4908,Laura James,F,12th,Figueroa High School,79,72
4909,Morgan Green,F,10th,Figueroa High School,77,59
4910,Clifford Jordan,M,11th,Figueroa High School,88,74
4911,Kelsey Smith,F,12th,Figueroa High School,87,67
4912,Louis Soto,M,12th,Figueroa High School,71,55
4913,Adam Gomez,M,10th,Figueroa High School,70,86
4914,Shannon Butler,M,10th,Figueroa High School,80,60
4915,Jennifer Leon,F,11th,Figueroa High School,99,66
4916,Joshua Simon,M,9th,Figueroa High School,97,75
4917,Paul Jones,M,10th,Figueroa High School,86,86
4918,Sergio Baxter,M,12th,Figueroa High School,98,73
4919,Gary Randall,M,10th,Figueroa High School,86,73
4920,James Haas,M,11th,Figueroa High School,64,64
4921,Shari Smith,F,10th,Figueroa High School,99,84
4922,David Lowery,M,10th,Figueroa High School,80,69
4923,Joshua Floyd,M,9th,Figueroa High School,80,87
4924,Jennifer Thomas,F,9th,Figueroa High School,73,78
4925,Jason Patrick,M,9th,Figueroa High School,76,62
4926,Terry Johnson,M,9th,Figueroa High School,93,69
4927,Alicia Ferguson ,F,9th,Figueroa High School,66,59
4928,Scott Garcia,M,11th,Figueroa High School,72,86
4929,Joshua Palmer,M,11th,Figueroa High School,73,65
4930,Sara Acevedo,F,9th,Figueroa High School,77,77
4931,Jordan Jones,M,11th,Figueroa High School,96,69
4932,Melvin Scott,M,10th,Figueroa High School,82,74
4933,Zachary Carter,M,9th,Figueroa High School,90,80
4934,Elizabeth Arnold,F,10th,Figueroa High School,89,57
4935,Danielle Frost,F,11th,Figueroa High School,83,77
4936,Debra Montgomery,F,9th,Figueroa High School,85,62
4937,Jennifer Thomas,F,10th,Figueroa High School,84,58
4938,Thomas Armstrong,M,9th,Figueroa High School,91,80
4939,Todd Martinez,M,11th,Figueroa High School,86,95
4940,Angela Griffith,F,12th,Figueroa High School,72,70
4941,Edward Sutton,M,10th,Figueroa High School,74,55
4942,Daniel Richardson,M,12th,Figueroa High School,71,89
4943,Cynthia Simmons,F,10th,Figueroa High School,74,97
4944,Natalie Marks,F,9th,Figueroa High School,79,94
4945,Lawrence Rose,M,9th,Figueroa High School,99,98
4946,Amy Melendez,F,10th,Figueroa High School,99,68
4947,Olivia Thomas,F,9th,Figueroa High School,88,74
4948,Todd Padilla,M,12th,Figueroa High School,87,66
4949,Gloria Fritz ,F,10th,Figueroa High School,89,62
4950,Noah Le,M,10th,Figueroa High School,80,78
4951,Chelsey Wilson,F,12th,Figueroa High School,73,77
4952,Madison Shaw,F,12th,Figueroa High School,80,75
4953,Colleen Webb,F,11th,Figueroa High School,69,76
4954,Catherine Matthews,F,12th,Figueroa High School,69,97
4955,Robert Crawford,M,11th,Figueroa High School,63,90
4956,Julian Keller,M,11th,Figueroa High School,95,60
4957,Robert Barnes,M,11th,Figueroa High School,90,64
4958,Elizabeth Drake,F,12th,Figueroa High School,67,66
4959,Christine Summers,F,9th,Figueroa High School,86,88
4960,Craig Henderson,M,9th,Figueroa High School,92,59
4961,Bobby Lewis,M,12th,Figueroa High School,67,71
4962,April Mccoy,F,11th,Figueroa High School,81,58
4963,Aaron Little,M,12th,Figueroa High School,94,72
4964,Vincent Soto,M,11th,Figueroa High School,80,68
4965,Angela Newman,F,9th,Figueroa High School,72,65
4966,Meredith Day,F,9th,Figueroa High School,82,89
4967,Darryl Roman,M,12th,Figueroa High School,71,55
4968,Kimberly Harris,F,12th,Figueroa High School,90,56
4969,Tammy Hall,F,10th,Figueroa High School,89,60
4970,April Obrien,F,10th,Figueroa High School,91,62
4971,Sharon Fletcher,F,11th,Figueroa High School,94,59
4972,Desiree Perez,F,12th,Figueroa High School,87,76
4973,Jonathan Riley,M,11th,Figueroa High School,69,67
4974,Joseph James,M,10th,Figueroa High School,90,91
4975,Michael Miller,M,9th,Figueroa High School,81,67
4976,Nicole Smith,F,11th,Figueroa High School,70,78
4977,Timothy Ross,M,9th,Figueroa High School,82,83
4978,Julie Gutierrez,F,11th,Figueroa High School,76,63
4979,Jose Price,M,12th,Figueroa High School,84,57
4980,Leslie Glover,F,9th,Figueroa High School,82,59
4981,Lauren Cowan,F,10th,Figueroa High School,76,67
4982,Timothy Brown,M,10th,Figueroa High School,89,97
4983,Brittany Murphy,F,11th,Figueroa High School,82,73
4984,Mrs. Alexandra Taylor,F,11th,Figueroa High School,78,88
4985,Richard Williams,M,9th,Figueroa High School,84,88
4986,Ryan Edwards,M,9th,Figueroa High School,63,82
4987,Jennifer Ramirez ,F,12th,Figueroa High School,90,73
4988,Eric Johnson,M,12th,Figueroa High School,80,99
4989,Paul Bowen,M,10th,Figueroa High School,97,78
4990,Amanda Gonzalez,F,10th,Figueroa High School,90,97
4991,Jennifer Robbins,F,9th,Figueroa High School,75,89
4992,Jennifer Rose,F,9th,Figueroa High School,75,63
4993,Amanda Gonzalez,F,11th,Figueroa High School,66,72
4994,Donald Cuevas,M,12th,Figueroa High School,91,70
4995,Wendy Harris,F,10th,Figueroa High School,86,62
4996,Alexander Carpenter,M,9th,Figueroa High School,67,61
4997,Alejandra Ellis,F,9th,Figueroa High School,91,76
4998,Michael Marshall,M,9th,Figueroa High School,77,87
4999,Sabrina Schneider,F,9th,Figueroa High School,80,95
5000,Jessica Ford,F,12th,Figueroa High School,98,79
5001,Danielle Smith,F,9th,Figueroa High School,95,61
5002,Jessica Blankenship,F,9th,Figueroa High School,64,72
5003,Kristina Burns,F,10th,Figueroa High School,87,56
5004,Michael Fischer,M,9th,Figueroa High School,86,62
5005,Kirsten Cervantes,F,9th,Figueroa High School,97,99
5006,Timothy Phillips,M,9th,Figueroa High School,67,73
5007,Stephanie Harvey,F,9th,Figueroa High School,82,74
5008,Jesse Rosales,M,9th,Figueroa High School,77,79
5009,Nicole Garcia,F,9th,Figueroa High School,84,86
5010,Peter Davis,M,9th,Figueroa High School,95,73
5011,Tyler Nelson,M,9th,Figueroa High School,73,84
5012,Jamie Jackson,F,11th,Figueroa High School,89,78
5013,Alexander Gonzalez,M,10th,Figueroa High School,65,86
5014,Daniel Holland,M,9th,Figueroa High School,65,56
5015,Mark Lawrence,M,11th,Figueroa High School,68,70
5016,Patrick Jackson,M,10th,Figueroa High School,76,70
5017,Jamie Jackson,F,11th,Figueroa High School,77,91
5018,Kelly Cooper,F,9th,Figueroa High School,76,87
5019,Helen Reed,F,10th,Figueroa High School,87,99
5020,Mrs. Amy Walker ,F,9th,Figueroa High School,99,96
5021,Meghan Dyer,F,10th,Figueroa High School,86,86
5022,Madison Ramos,F,11th,Figueroa High School,71,58
5023,David Turner,M,12th,Figueroa High School,63,58
5024,Susan Smith,F,9th,Figueroa High School,89,79
5025,Natasha White,F,12th,Figueroa High School,74,66
5026,Holly Kennedy,F,10th,Figueroa High School,98,74
5027,Zachary Munoz,M,12th,Figueroa High School,67,69
5028,Keith Doyle,M,9th,Figueroa High School,75,69
5029,Paul Dudley,M,9th,Figueroa High School,90,97
5030,Andrea Sellers,F,12th,Figueroa High School,72,74
5031,Gerald Blankenship,M,10th,Figueroa High School,99,65
5032,David Simmons,M,12th,Figueroa High School,86,80
5033,Crystal Jones,F,10th,Figueroa High School,65,95
5034,Nathan Jordan,M,10th,Figueroa High School,79,75
5035,Robert Harvey,M,11th,Figueroa High School,80,78
5036,Tara Lane,F,10th,Figueroa High School,78,84
5037,Kelly Miller,F,11th,Figueroa High School,74,94
5038,Amber Spence,F,11th,Figueroa High School,76,92
5039,Leah Ellis,F,9th,Figueroa High School,67,65
5040,Elizabeth Soto,F,12th,Figueroa High School,82,76
5041,Jamie Flores,F,11th,Figueroa High School,75,83
5042,Nicole Fritz,F,11th,Figueroa High School,66,91
5043,Robert Garza,M,9th,Figueroa High School,99,81
5044,Paul Smith,M,9th,Figueroa High School,88,68
5045,Tim Lopez,M,11th,Figueroa High School,79,92
5046,Natalie Acevedo,F,9th,Figueroa High School,94,82
5047,Devin Walters,M,11th,Figueroa High School,65,93
5048,David Dickson ,M,12th,Figueroa High School,92,56
5049,Kristen Carney,F,12th,Figueroa High School,84,67
5050,Stephen Fuentes,M,10th,Figueroa High School,93,73
5051,Christine Stone,F,11th,Figueroa High School,80,92
5052,Charles Newman,M,9th,Figueroa High School,95,77
5053,Lisa Floyd,F,11th,Figueroa High School,94,90
5054,Melanie Christensen,F,11th,Figueroa High School,75,97
5055,Danny King,M,11th,Figueroa High School,96,66
5056,Ryan Johnson,M,9th,Figueroa High School,85,85
5057,Scott Brown,M,10th,Figueroa High School,90,76
5058,Lynn Torres,F,10th,Figueroa High School,98,55
5059,Erik Scott,M,11th,Figueroa High School,96,92
5060,Jesse Dixon,M,12th,Figueroa High School,84,84
5061,Rhonda Montgomery,F,9th,Figueroa High School,93,64
5062,Nathan Rodriguez,M,12th,Figueroa High School,79,77
5063,Hannah Shaw,F,12th,Figueroa High School,92,92
5064,Matthew Hoffman,M,9th,Figueroa High School,83,89
5065,Jennifer Robbins,F,10th,Figueroa High School,97,60
5066,Brenda Cooley,F,9th,Figueroa High School,79,56
5067,Chad Jones,M,10th,Figueroa High School,98,66
5068,David Hill,M,12th,Figueroa High School,63,69
5069,Zachary Wyatt,M,10th,Figueroa High School,90,84
5070,Kevin Wiggins,M,11th,Figueroa High School,97,69
5071,James Holloway,M,9th,Figueroa High School,88,71
5072,Amanda Mills ,F,12th,Figueroa High School,84,59
5073,Patricia Mendez,F,10th,Figueroa High School,71,55
5074,Julia Smith,F,10th,Figueroa High School,74,95
5075,Jennifer Tyler,F,12th,Figueroa High School,70,86
5076,Douglas Jackson,M,11th,Figueroa High School,94,86
5077,Jamie Ferguson,F,9th,Figueroa High School,76,65
5078,Brian Lopez,M,11th,Figueroa High School,86,59
5079,Jose Roberts,M,10th,Figueroa High School,69,97
5080,Casey Alvarez,M,11th,Figueroa High School,99,69
5081,Mandy Trujillo,F,12th,Figueroa High School,81,93
5082,Andrew Stephens,M,12th,Figueroa High School,98,60
5083,Carla Moon,F,9th,Figueroa High School,77,68
5084,Sabrina Ferguson,F,9th,Figueroa High School,80,71
5085,Christopher Kim,M,12th,Figueroa High School,72,62
5086,Thomas Hutchinson,M,9th,Figueroa High School,79,65
5087,Valerie Benson,F,9th,Figueroa High School,64,76
5088,Douglas Jarvis,M,12th,Figueroa High School,93,72
5089,Diane Nelson,F,11th,Figueroa High School,65,98
5090,William Brown,M,9th,Figueroa High School,82,85
5091,Brandy Miller,F,10th,Figueroa High School,64,83
5092,Jocelyn Richardson,F,11th,Figueroa High School,68,93
5093,Erin Bruce,F,9th,Figueroa High School,93,69
5094,Mckenzie Griffin,F,9th,Figueroa High School,83,95
5095,Kelly Phillips,F,12th,Figueroa High School,81,95
5096,Lisa Gibson,F,12th,Figueroa High School,95,59
5097,Sharon Nelson,F,9th,Figueroa High School,77,89
5098,Laura Randolph,F,9th,Figueroa High School,68,81
5099,Anne Vincent,F,11th,Figueroa High School,68,95
5100,Monique Parker,F,10th,Figueroa High School,92,87
5101,Rachel Morgan,F,9th,Figueroa High School,87,55
5102,Emily Wells,F,9th,Figueroa High School,77,95
5103,Beverly Jacobs,F,12th,Figueroa High School,79,62
5104,Jessica Soto,F,12th,Figueroa High School,71,83
5105,Tabitha Keith,F,12th,Figueroa High School,90,90
5106,Wayne Dickson,M,9th,Figueroa High School,85,77
5107,Johnny Cook,M,12th,Figueroa High School,67,88
5108,Jill Rivera,F,10th,Figueroa High School,89,95
5109,Timothy Adams,M,10th,Figueroa High School,80,84
5110,Dawn Hart,F,11th,Figueroa High School,83,62
5111,Craig Hughes,M,12th,Figueroa High School,87,73
5112,George Taylor,M,10th,Figueroa High School,84,85
5113,Jennifer Gonzalez,F,10th,Figueroa High School,88,92
5114,Brian Drake,M,9th,Figueroa High School,84,68
5115,Sarah Morrison,F,12th,Figueroa High School,84,99
5116,James Simmons,M,10th,Figueroa High School,92,95
5117,Gregory Horn,M,11th,Figueroa High School,83,82
5118,Rhonda Shaw,F,12th,Figueroa High School,76,79
5119,John Long,M,10th,Figueroa High School,96,90
5120,Lindsay Zimmerman,F,11th,Figueroa High School,63,76
5121,Jason West,M,10th,Figueroa High School,76,67
5122,Peggy Watson,F,12th,Figueroa High School,92,76
5123,Erika Berry,F,12th,Figueroa High School,88,64
5124,Joshua Hall,M,11th,Figueroa High School,86,70
5125,Jose Miller,M,11th,Figueroa High School,63,90
5126,Sonya Mckee,F,10th,Figueroa High School,82,77
5127,Lisa Ross,F,12th,Figueroa High School,78,76
5128,Brian Porter,M,11th,Figueroa High School,72,96
5129,Angela Bowers,F,9th,Figueroa High School,98,64
5130,Sean Sharp,M,12th,Figueroa High School,83,98
5131,Frank Carlson,M,10th,Figueroa High School,85,55
5132,Joshua Ballard,M,12th,Figueroa High School,69,91
5133,Chad Collins,M,12th,Figueroa High School,78,81
5134,Nicole Baker,F,11th,Figueroa High School,92,71
5135,Janet Rivera,F,12th,Figueroa High School,84,71
5136,Regina Branch,F,12th,Figueroa High School,74,64
5137,Matthew Gilbert,M,10th,Figueroa High School,72,75
5138,Patrick Casey,M,10th,Figueroa High School,85,79
5139,Sara Scott,F,10th,Figueroa High School,75,77
5140,William King,M,9th,Figueroa High School,93,86
5141,Julie Chan,F,11th,Figueroa High School,66,63
5142,Evan Melendez,M,9th,Figueroa High School,69,99
5143,Mrs. Elizabeth Mitchell,F,10th,Figueroa High School,92,74
5144,Jaclyn Hudson,F,10th,Figueroa High School,84,79
5145,Joseph Johnson,M,12th,Figueroa High School,72,84
5146,Carol Holmes,F,9th,Figueroa High School,92,68
5147,Denise Schmidt,F,12th,Figueroa High School,80,75
5148,Robert Gonzalez,M,9th,Figueroa High School,63,55
5149,Sarah Miller,F,11th,Figueroa High School,76,70
5150,Darren Cochran,M,11th,Figueroa High School,64,88
5151,Chris Mathis,M,9th,Figueroa High School,90,75
5152,Timothy Wheeler,M,10th,Figueroa High School,84,84
5153,Allen Snyder Jr.,M,12th,Figueroa High School,65,80
5154,James Gaines,M,10th,Figueroa High School,87,93
5155,Heather Foster,F,9th,Figueroa High School,83,65
5156,Jean Weber,F,11th,Figueroa High School,73,62
5157,Calvin Williams Jr.,M,10th,Figueroa High School,97,74
5158,Joshua Carlson,M,9th,Figueroa High School,72,62
5159,Kayla Valdez,F,11th,Figueroa High School,66,59
5160,Anna Clark,F,9th,Figueroa High School,71,68
5161,Jay Nelson,M,10th,Figueroa High School,95,91
5162,Jeffery Ramirez,M,11th,Figueroa High School,81,86
5163,Carmen Mcknight,F,11th,Figueroa High School,71,63
5164,Erik Hall,M,11th,Figueroa High School,67,82
5165,Bradley Cooper,M,10th,Figueroa High School,77,88
5166,Timothy Malone,M,10th,Figueroa High School,77,71
5167,Michael Romero,M,11th,Figueroa High School,87,80
5168,Teresa Delgado,F,12th,Figueroa High School,98,58
5169,Alex Jackson,M,11th,Figueroa High School,90,67
5170,Mikayla Gonzalez,F,10th,Figueroa High School,76,72
5171,Michael Zuniga,M,11th,Figueroa High School,70,60
5172,Kelsey Williams,F,9th,Figueroa High School,78,61
5173,Cathy Jordan,F,10th,Figueroa High School,69,61
5174,Stephen Cox,M,10th,Figueroa High School,85,57
5175,Christopher Bond,M,10th,Figueroa High School,63,79
5176,Veronica Walker,F,10th,Figueroa High School,93,73
5177,Jacob Shepard,M,12th,Figueroa High School,82,92
5178,Steven Torres,M,10th,Figueroa High School,81,75
5179,Tammy Shelton,F,9th,Figueroa High School,81,64
5180,Cody Johnson,M,11th,Figueroa High School,83,86
5181,Dan Salinas,M,11th,Figueroa High School,86,83
5182,Deborah Smith,F,10th,Figueroa High School,92,90
5183,James Thomas,M,11th,Figueroa High School,74,65
5184,Lisa Howard,F,11th,Figueroa High School,85,88
5185,Rachel Mills,F,10th,Figueroa High School,78,71
5186,Matthew Carter,M,11th,Figueroa High School,84,68
5187,Gregory Watkins,M,9th,Figueroa High School,73,86
5188,Rachel Elliott,F,10th,Figueroa High School,92,95
5189,Jennifer Gibson,F,11th,Figueroa High School,66,82
5190,Joseph Jones,M,9th,Figueroa High School,66,71
5191,Sarah James,F,9th,Figueroa High School,84,63
5192,Todd Phillips,M,10th,Figueroa High School,92,90
5193,Brian Price,M,12th,Figueroa High School,91,88
5194,Kyle Keller,M,11th,Figueroa High School,82,80
5195,Wesley Carter,M,12th,Figueroa High School,95,94
5196,Marilyn Brown,F,10th,Figueroa High School,86,57
5197,Kaitlyn Wise,F,12th,Figueroa High School,73,79
5198,Stacie Davis,F,9th,Figueroa High School,88,58
5199,Michael Garcia,M,10th,Figueroa High School,79,76
5200,Tina Clark,F,12th,Figueroa High School,91,65
5201,William James,M,11th,Figueroa High School,84,93
5202,Leslie Golden,F,9th,Figueroa High School,96,84
5203,Mary Collins,F,12th,Figueroa High School,92,63
5204,Keith Smith,M,12th,Figueroa High School,65,73
5205,Randall Edwards,M,12th,Figueroa High School,91,94
5206,Jillian Miller,F,12th,Figueroa High School,76,65
5207,Barry Davis,M,11th,Figueroa High School,87,72
5208,Jennifer Pearson,F,9th,Figueroa High School,75,78
5209,Erin Andersen,F,10th,Figueroa High School,96,95
5210,James Edwards,M,9th,Figueroa High School,71,65
5211,Joseph Marshall,M,11th,Figueroa High School,98,92
5212,Christy Robinson,F,10th,Figueroa High School,64,58
5213,Brian Schneider,M,12th,Figueroa High School,86,80
5214,Jordan Griffith,M,10th,Figueroa High School,87,77
5215,Kaitlin Ewing,F,12th,Figueroa High School,72,63
5216,Christopher Clark,M,11th,Figueroa High School,84,83
5217,Yvette Davidson,F,12th,Figueroa High School,84,64
5218,Richard Mccarthy,M,9th,Figueroa High School,74,64
5219,Gregory Freeman,M,9th,Figueroa High School,73,71
5220,Rebecca Hughes,F,10th,Figueroa High School,91,76
5221,Samantha Allen,F,9th,Figueroa High School,91,72
5222,Nancy Thomas,F,9th,Figueroa High School,90,98
5223,Margaret Garcia,F,9th,Figueroa High School,84,75
5224,Margaret Cooper,F,12th,Figueroa High School,85,92
5225,Samantha Sanford,F,10th,Figueroa High School,69,58
5226,Travis Turner,M,12th,Figueroa High School,92,91
5227,Judith Daniel,F,12th,Figueroa High School,98,74
5228,Christopher Macdonald,M,10th,Figueroa High School,99,73
5229,Amy Wall,F,9th,Figueroa High School,65,96
5230,Melissa Randolph,F,12th,Figueroa High School,69,97
5231,Randy Morgan,M,9th,Figueroa High School,64,67
5232,Jacob Morse,M,11th,Figueroa High School,71,99
5233,Jonathan Rangel,M,11th,Figueroa High School,83,59
5234,Karen Bush,F,10th,Figueroa High School,89,85
5235,Jennifer Dean,F,11th,Figueroa High School,96,60
5236,Alexander Mcintyre,M,12th,Figueroa High School,78,82
5237,Jennifer Moore,F,9th,Figueroa High School,87,72
5238,Thomas Phillips,M,9th,Figueroa High School,88,66
5239,Tony Rodriguez,M,12th,Figueroa High School,73,78
5240,Brent Jordan,M,10th,Figueroa High School,63,59
5241,Ashley Williams,F,10th,Figueroa High School,72,66
5242,Kristy Robinson,F,12th,Figueroa High School,92,73
5243,Cheryl Anderson,F,12th,Figueroa High School,81,71
5244,Robert Martinez,M,10th,Figueroa High School,90,75
5245,Joshua Bradford,M,9th,Figueroa High School,83,74
5246,Jacob Jackson,M,10th,Figueroa High School,80,87
5247,John Moss,M,11th,Figueroa High School,96,71
5248,Michael Griffith,M,9th,Figueroa High School,92,85
5249,Mark Wade,M,11th,Figueroa High School,96,91
5250,Emma Peterson,F,12th,Figueroa High School,99,90
5251,Brittany Smith,F,10th,Figueroa High School,92,71
5252,Stacy Anderson,F,10th,Figueroa High School,97,91
5253,Theresa Davis,F,9th,Figueroa High School,68,93
5254,Daniel Hodges,M,10th,Figueroa High School,81,91
5255,Charles Ortiz,M,10th,Figueroa High School,93,72
5256,Michael Johnson,M,10th,Figueroa High School,76,72
5257,Michelle Anderson,F,10th,Figueroa High School,77,76
5258,Timothy Crawford,M,9th,Figueroa High School,90,82
5259,Felicia Green,F,10th,Figueroa High School,67,63
5260,Michael Rhodes,M,12th,Figueroa High School,85,81
5261,Daniel Fowler,M,9th,Figueroa High School,76,56
5262,Jennifer Richardson,F,9th,Figueroa High School,67,86
5263,Joel Willis,M,12th,Figueroa High School,70,66
5264,Stephanie Williams,F,10th,Figueroa High School,79,86
5265,Shane Beck,M,9th,Figueroa High School,96,81
5266,Danny Lawrence,M,11th,Figueroa High School,68,76
5267,James Mckenzie,M,11th,Figueroa High School,85,99
5268,Daniel Ellis,M,11th,Figueroa High School,99,72
5269,Nathan Mahoney,M,11th,Figueroa High School,99,78
5270,Jerry Yates,M,9th,Figueroa High School,92,97
5271,Margaret Glenn,F,9th,Figueroa High School,67,98
5272,Samantha Thompson,F,11th,Figueroa High School,96,93
5273,Jesse Miller,M,10th,Figueroa High School,99,89
5274,Melissa Aguilar,F,11th,Figueroa High School,85,67
5275,Megan Olson,F,10th,Figueroa High School,71,55
5276,Nicole Tucker,F,12th,Figueroa High School,95,91
5277,Amber Clarke,F,11th,Figueroa High School,77,95
5278,Steven Swanson,M,10th,Figueroa High School,90,95
5279,Michael Lyons,M,11th,Figueroa High School,72,83
5280,Joseph Bates,M,10th,Figueroa High School,71,80
5281,William Ramirez,M,9th,Figueroa High School,80,66
5282,Sylvia Harris,F,12th,Figueroa High School,81,68
5283,David Osborne,M,10th,Figueroa High School,77,63
5284,Amanda Koch,F,12th,Figueroa High School,68,73
5285,Melvin Farrell,M,10th,Figueroa High School,63,86
5286,Sheryl Castro,F,12th,Figueroa High School,82,55
5287,Patrick Wallace,M,9th,Figueroa High School,69,58
5288,Jesus Jennings,M,12th,Figueroa High School,98,74
5289,Omar Reynolds,M,11th,Figueroa High School,87,62
5290,Douglas Davis,M,10th,Figueroa High School,70,86
5291,Henry Burns,M,12th,Figueroa High School,67,62
5292,Deborah Huffman ,F,9th,Figueroa High School,70,55
5293,Peter Coleman,M,9th,Figueroa High School,81,55
5294,Cory Mitchell,M,11th,Figueroa High School,79,86
5295,Sandra White,F,11th,Figueroa High School,99,96
5296,Zachary Hodge,M,9th,Figueroa High School,98,94
5297,Jaime Kane,M,11th,Figueroa High School,91,88
5298,Ronald Torres Jr.,M,12th,Figueroa High School,85,78
5299,Andrew Flynn,M,11th,Figueroa High School,80,83
5300,Shawn Ramsey,M,11th,Figueroa High School,91,81
5301,Michael Garcia,M,11th,Figueroa High School,68,85
5302,Robert Walters,M,12th,Figueroa High School,96,84
5303,Erin Johnson,F,10th,Figueroa High School,63,76
5304,Tiffany Hayes,F,11th,Figueroa High School,75,98
5305,Timothy Wolfe,M,11th,Figueroa High School,82,96
5306,Ashley Moore,F,9th,Figueroa High School,80,97
5307,Brittany Brown,F,11th,Figueroa High School,74,82
5308,Karen Watson,F,9th,Figueroa High School,80,80
5309,Jessica Greene,F,9th,Figueroa High School,69,67
5310,Denise Weiss,F,11th,Figueroa High School,66,95
5311,Brandon Moore,M,12th,Figueroa High School,66,90
5312,Briana Mitchell,F,11th,Figueroa High School,77,87
5313,Amanda Li,F,11th,Figueroa High School,70,82
5314,Paul Swanson,M,11th,Figueroa High School,77,77
5315,Susan Clark,F,10th,Figueroa High School,66,95
5316,Morgan Cobb,F,10th,Figueroa High School,85,95
5317,John Vance,M,11th,Figueroa High School,68,71
5318,Eric Jones,M,9th,Figueroa High School,64,64
5319,Anthony Beard,M,9th,Figueroa High School,96,63
5320,Tyler Brown,M,12th,Figueroa High School,68,97
5321,Daniel Moss,M,10th,Figueroa High School,76,68
5322,John West,M,10th,Figueroa High School,94,82
5323,Amanda Rios,F,10th,Figueroa High School,99,58
5324,Emily Evans,F,9th,Figueroa High School,98,63
5325,Jessica Hardy,F,10th,Figueroa High School,94,74
5326,Marc Rosales,M,12th,Figueroa High School,78,63
5327,Leslie Grimes,F,10th,Figueroa High School,69,86
5328,Dorothy Hansen,F,9th,Figueroa High School,95,58
5329,Sherri Murphy,F,9th,Figueroa High School,74,74
5330,Kristin Kelly,F,11th,Figueroa High School,74,63
5331,Stephanie Dunlap,F,10th,Figueroa High School,88,93
5332,Margaret Burgess,F,9th,Figueroa High School,78,68
5333,Christina Wilson,F,11th,Figueroa High School,88,63
5334,Anna Nguyen,F,11th,Figueroa High School,88,61
5335,Christopher Murray,M,9th,Figueroa High School,65,64
5336,Christopher Garcia,M,10th,Figueroa High School,97,57
5337,Michael Wood,M,9th,Figueroa High School,92,99
5338,Seth Howard,M,10th,Figueroa High School,86,94
5339,Robert Neal,M,9th,Figueroa High School,91,88
5340,Douglas Rangel,M,11th,Figueroa High School,91,67
5341,Emma Wright,F,11th,Figueroa High School,71,69
5342,Oscar Bautista,M,10th,Figueroa High School,98,56
5343,Margaret Garner,F,10th,Figueroa High School,85,95
5344,Brent Pearson,M,10th,Figueroa High School,75,91
5345,John Hudson,M,12th,Figueroa High School,69,87
5346,Gregory Thompson,M,11th,Figueroa High School,74,68
5347,Ralph Kelly,M,9th,Figueroa High School,93,55
5348,Sarah Scott,F,9th,Figueroa High School,87,94
5349,Heather Turner,F,11th,Figueroa High School,63,94
5350,Roy Page,M,11th,Figueroa High School,99,85
5351,Courtney Boyer,F,10th,Figueroa High School,92,73
5352,Sarah Camacho,F,11th,Figueroa High School,63,58
5353,Ellen Mcgee ,F,12th,Figueroa High School,81,82
5354,Maurice Lee,M,11th,Figueroa High School,79,82
5355,Glenn Wood,M,10th,Figueroa High School,77,66
5356,Donald Becker,M,12th,Figueroa High School,85,85
5357,Michelle Roach,F,11th,Figueroa High School,71,92
5358,Dawn Hill,F,11th,Figueroa High School,67,94
5359,Ashley Stewart,F,12th,Figueroa High School,99,98
5360,Rebecca Ellis,F,12th,Figueroa High School,72,83
5361,Leroy Mayo,M,12th,Figueroa High School,94,90
5362,Cynthia Franklin,F,12th,Figueroa High School,87,80
5363,Max Gregory,M,12th,Figueroa High School,98,87
5364,Lance Moss,M,9th,Figueroa High School,82,57
5365,Franklin Schwartz,M,9th,Figueroa High School,81,75
5366,Carmen Johnson,F,12th,Figueroa High School,91,96
5367,Angela Wolf,F,12th,Figueroa High School,81,89
5368,Monica Brown,F,11th,Figueroa High School,91,74
5369,Juan Griffith,M,9th,Figueroa High School,94,59
5370,Javier Francis,M,12th,Figueroa High School,64,63
5371,Jeffrey Rubio,M,12th,Figueroa High School,69,55
5372,Samantha Kim,F,10th,Figueroa High School,90,82
5373,Drew Anderson,M,9th,Figueroa High School,99,65
5374,Ryan Simpson,M,11th,Figueroa High School,79,57
5375,Raymond Torres,M,11th,Figueroa High School,80,98
5376,Alexis Dominguez,F,12th,Figueroa High School,87,61
5377,Jerry Fuentes,M,10th,Figueroa High School,78,75
5378,Debra Johnson,F,10th,Figueroa High School,86,60
5379,Jennifer Anderson,F,9th,Figueroa High School,80,89
5380,Eric Giles,M,9th,Figueroa High School,96,86
5381,Colleen Johnson,F,9th,Figueroa High School,79,78
5382,Allison Washington,F,10th,Figueroa High School,93,71
5383,Felicia Gamble,F,10th,Figueroa High School,83,62
5384,Stephanie Vaughn,F,9th,Figueroa High School,73,83
5385,James Warner,M,10th,Figueroa High School,73,87
5386,Amanda Gill,F,10th,Figueroa High School,64,98
5387,Debra Barrett,F,10th,Figueroa High School,67,77
5388,Valerie Stone,F,10th,Figueroa High School,65,81
5389,Shawn Harris,M,9th,Figueroa High School,70,70
5390,Candace Garcia,F,12th,Figueroa High School,74,95
5391,Michael Thomas,M,12th,Figueroa High School,66,55
5392,Daniel Gilbert,M,10th,Figueroa High School,67,61
5393,Brandy Hoffman,F,12th,Figueroa High School,92,60
5394,Bryan Lopez,M,10th,Figueroa High School,93,77
5395,Clayton Coleman,M,9th,Figueroa High School,93,80
5396,Nicholas Jones,M,11th,Figueroa High School,78,95
5397,Joseph Maxwell,M,12th,Figueroa High School,69,96
5398,Sierra Smith,F,9th,Figueroa High School,86,97
5399,Penny Johnston,F,10th,Figueroa High School,78,91
5400,Jessica Reed,F,10th,Figueroa High School,99,57
5401,James Mason,M,10th,Figueroa High School,87,57
5402,Gregory Lester,M,12th,Figueroa High School,92,65
5403,Dana Wood,F,11th,Figueroa High School,67,88
5404,Jonathan Gibson,M,11th,Figueroa High School,69,79
5405,Fred Turner,M,9th,Figueroa High School,80,59
5406,Tyler Harrison,M,10th,Figueroa High School,97,94
5407,Kevin Jackson,M,11th,Figueroa High School,92,99
5408,Teresa Morgan,F,12th,Figueroa High School,86,64
5409,Jonathan Collier,M,12th,Figueroa High School,67,56
5410,Ian Thompson,M,9th,Figueroa High School,80,92
5411,Alexandra Rodriguez,F,11th,Figueroa High School,99,55
5412,Valerie Jacobs,F,10th,Figueroa High School,63,77
5413,Jeff Warren,M,11th,Figueroa High School,95,88
5414,Emily Andrews ,F,11th,Figueroa High School,98,69
5415,Jessica Gonzalez,F,9th,Figueroa High School,82,57
5416,Cassandra Perez,F,10th,Figueroa High School,84,77
5417,Ryan Lee,M,11th,Figueroa High School,93,81
5418,Sabrina Navarro,F,11th,Figueroa High School,71,61
5419,Debbie Campbell,F,9th,Figueroa High School,95,83
5420,Janet Martin,F,9th,Figueroa High School,91,67
5421,Heather Allen,F,10th,Figueroa High School,92,61
5422,Melissa Beck,F,12th,Figueroa High School,96,70
5423,Shelby Boyer,F,9th,Figueroa High School,79,62
5424,Katrina Dalton,F,12th,Figueroa High School,95,57
5425,Samantha Ewing,F,12th,Figueroa High School,93,65
5426,Angela Murray,F,11th,Figueroa High School,87,57
5427,Lisa Smith,F,9th,Figueroa High School,90,64
5428,James Khan,M,10th,Figueroa High School,70,85
5429,Diana Martinez,F,12th,Figueroa High School,83,97
5430,Richard Williams PhD,M,9th,Figueroa High School,81,56
5431,Terri Smith,F,12th,Figueroa High School,78,79
5432,Olivia Rogers,F,12th,Figueroa High School,67,66
5433,Kelly Smith,F,9th,Figueroa High School,99,88
5434,Raymond Reed,M,9th,Figueroa High School,73,67
5435,Nicholas Ray,M,11th,Figueroa High School,87,56
5436,Karen Willis,F,9th,Figueroa High School,64,94
5437,Aaron Kelly,M,9th,Figueroa High School,82,85
5438,Jenna Jones,F,9th,Figueroa High School,90,73
5439,Linda Kelly,F,10th,Figueroa High School,66,67
5440,Danielle Hernandez,F,9th,Figueroa High School,94,87
5441,Joshua Phillips,M,10th,Figueroa High School,80,62
5442,Sheila Frank,F,9th,Figueroa High School,63,68
5443,Gary Martinez,M,10th,Figueroa High School,91,55
5444,Andrew Erickson,M,12th,Figueroa High School,78,58
5445,Mark Bell,M,11th,Figueroa High School,73,69
5446,Cindy Martinez,F,11th,Figueroa High School,90,70
5447,Bernard Farrell,M,12th,Figueroa High School,77,83
5448,Brian Wilson,M,10th,Figueroa High School,81,75
5449,Louis Johnston,M,12th,Figueroa High School,64,94
5450,Michael Baker PhD,M,9th,Figueroa High School,97,89
5451,Robert Taylor,M,11th,Figueroa High School,73,79
5452,Timothy Koch,M,9th,Figueroa High School,72,91
5453,Angela Fields,F,9th,Figueroa High School,66,55
5454,Amy Green,F,10th,Figueroa High School,98,61
5455,Erik Martin,M,11th,Figueroa High School,85,66
5456,Anthony Curry,M,12th,Figueroa High School,68,57
5457,Paul Jones,M,10th,Figueroa High School,69,70
5458,Shawn Robinson,M,11th,Figueroa High School,82,71
5459,Jimmy Foley,M,10th,Figueroa High School,93,94
5460,Jerry Baker,M,11th,Figueroa High School,83,61
5461,Karina Allen,F,10th,Figueroa High School,67,93
5462,Stephanie Hurst,F,9th,Figueroa High School,89,83
5463,Justin Mitchell,M,10th,Figueroa High School,94,81
5464,Kimberly Hansen,F,9th,Figueroa High School,75,58
5465,Jorge Ramirez,M,12th,Figueroa High School,73,85
5466,Joshua Moreno,M,11th,Figueroa High School,66,70
5467,Alexis Hubbard,F,9th,Figueroa High School,70,80
5468,Paul Larson,M,10th,Figueroa High School,77,56
5469,Laura Cobb,F,10th,Figueroa High School,72,67
5470,Shirley Wagner,F,12th,Figueroa High School,76,80
5471,Christina Valenzuela,F,12th,Figueroa High School,78,98
5472,Grace Taylor,F,9th,Figueroa High School,73,84
5473,Nancy Wolfe,F,12th,Figueroa High School,65,68
5474,Cassandra Schmidt,F,9th,Figueroa High School,95,63
5475,James Bowman,M,12th,Figueroa High School,92,67
5476,John Hill,M,12th,Figueroa High School,88,83
5477,Johnny Russell,M,9th,Figueroa High School,92,74
5478,David Estes,M,11th,Figueroa High School,73,58
5479,Julia Lewis,F,11th,Figueroa High School,95,72
5480,David Burnett,M,12th,Figueroa High School,67,64
5481,Kim Phillips,F,11th,Figueroa High School,88,55
5482,Cameron Thornton,M,9th,Figueroa High School,95,72
5483,Jeffrey Elliott,M,9th,Figueroa High School,79,93
5484,Tiffany Huber,F,12th,Figueroa High School,77,98
5485,Audrey Berry,F,10th,Figueroa High School,87,95
5486,Kevin Stevens,M,9th,Figueroa High School,91,81
5487,Matthew Le,M,9th,Figueroa High School,92,92
5488,Ronald Guerra,M,9th,Figueroa High School,96,79
5489,Jonathan Miller,M,9th,Figueroa High School,94,91
5490,Brian Vasquez,M,11th,Figueroa High School,77,80
5491,Penny Franco,F,9th,Figueroa High School,89,73
5492,Lori Gray,F,11th,Figueroa High School,79,78
5493,Jennifer Hawkins,F,10th,Figueroa High School,92,89
5494,Patricia Wilson,F,11th,Figueroa High School,71,63
5495,April Newman,F,9th,Figueroa High School,73,61
5496,Ryan Taylor,M,12th,Figueroa High School,91,91
5497,Joshua Patterson,M,12th,Figueroa High School,67,79
5498,Tommy Michael,M,9th,Figueroa High School,97,72
5499,Christopher Sharp,M,12th,Figueroa High School,98,57
5500,Christina Whitney,F,11th,Figueroa High School,75,67
5501,Stacey Walker,F,10th,Figueroa High School,66,64
5502,Bobby Fox,M,11th,Figueroa High School,66,97
5503,Donald Flynn,M,11th,Figueroa High School,71,84
5504,Michael Chan,M,12th,Figueroa High School,68,81
5505,Erin Porter,F,12th,Figueroa High School,68,80
5506,Michael Woodard,M,11th,Figueroa High School,67,78
5507,Kathleen Tapia,F,11th,Figueroa High School,87,82
5508,Kevin Cox,M,11th,Figueroa High School,99,94
5509,Michelle Smith,F,12th,Figueroa High School,83,58
5510,Michael Brady,M,9th,Figueroa High School,91,89
5511,Emily Ford,F,9th,Figueroa High School,70,93
5512,Lisa Cain,F,11th,Figueroa High School,92,62
5513,Carol Mason,F,11th,Figueroa High School,95,81
5514,Melissa Graham,F,10th,Figueroa High School,99,67
5515,Vanessa Haley,F,9th,Figueroa High School,90,81
5516,Jessica Becker,F,10th,Figueroa High School,70,83
5517,Cody Reilly,M,11th,Figueroa High School,74,94
5518,Tracy Walker,F,10th,Figueroa High School,64,83
5519,Jamie Hoover,F,9th,Figueroa High School,73,84
5520,Shelia Boyd,F,9th,Figueroa High School,85,92
5521,Jennifer Alvarez,F,12th,Figueroa High School,88,73
5522,Brittany Mendez,F,11th,Figueroa High School,94,69
5523,Amber Gardner,F,10th,Figueroa High School,92,63
5524,Stephanie Trevino,F,11th,Figueroa High School,98,57
5525,Ricky Brown,M,10th,Figueroa High School,76,84
5526,Kenneth Smith,M,9th,Figueroa High School,84,75
5527,Joseph Kim,M,12th,Figueroa High School,66,94
5528,Scott Ford,M,10th,Figueroa High School,67,85
5529,Joshua Cordova,M,9th,Figueroa High School,70,72
5530,Jose Larson,M,9th,Figueroa High School,85,86
5531,Ronnie Le,M,10th,Figueroa High School,88,92
5532,Keith Hicks,M,9th,Figueroa High School,83,97
5533,Wayne Brown,M,11th,Figueroa High School,96,70
5534,Melvin Leon,M,10th,Figueroa High School,70,92
5535,Traci Obrien ,F,10th,Figueroa High School,68,92
5536,Martin Lee,M,9th,Figueroa High School,90,71
5537,Douglas Blake,M,9th,Figueroa High School,64,81
5538,Michele Freeman,F,12th,Figueroa High School,87,69
5539,Isaac Johnson,M,9th,Figueroa High School,90,67
5540,Charles Blevins,M,11th,Figueroa High School,83,78
5541,Brandy Suarez,F,9th,Figueroa High School,97,66
5542,Kyle Allen,M,10th,Figueroa High School,78,73
5543,Katrina Best,F,9th,Figueroa High School,96,61
5544,Ruth Cox,F,9th,Figueroa High School,80,82
5545,Melissa Stanley,F,11th,Figueroa High School,88,99
5546,Katelyn Diaz,F,11th,Figueroa High School,84,73
5547,Carol Brown,F,10th,Figueroa High School,96,84
5548,Edward Conway,M,12th,Figueroa High School,76,76
5549,Joshua Paul,M,9th,Figueroa High School,72,94
5550,Amanda Edwards,F,9th,Figueroa High School,80,75
5551,John Torres,M,9th,Figueroa High School,80,55
5552,Richard Roberts,M,10th,Figueroa High School,96,61
5553,Joseph Acevedo,M,9th,Figueroa High School,92,83
5554,Joseph Perez,M,12th,Figueroa High School,75,56
5555,Desiree Hayden,F,10th,Figueroa High School,90,97
5556,April Rogers,F,11th,Figueroa High School,89,96
5557,John Snyder,M,12th,Figueroa High School,88,70
5558,Robert Harris ,M,11th,Figueroa High School,87,69
5559,Daniel Cole,M,9th,Figueroa High School,72,97
5560,Bryan Garcia,M,10th,Figueroa High School,79,57
5561,Kathleen Price,F,11th,Figueroa High School,99,83
5562,Christopher Sloan,M,12th,Figueroa High School,91,83
5563,Christopher Green,M,9th,Figueroa High School,71,89
5564,Leslie Carson,F,11th,Figueroa High School,95,75
5565,Susan Brown,F,11th,Figueroa High School,67,98
5566,Amber Macias,F,11th,Figueroa High School,81,68
5567,Emily Skinner,F,9th,Figueroa High School,70,88
5568,Juan Cruz,M,12th,Figueroa High School,87,94
5569,Kimberly Romero,F,11th,Figueroa High School,80,91
5570,Andrew Pena,M,12th,Figueroa High School,87,72
5571,Jordan Schwartz,M,11th,Figueroa High School,87,79
5572,Nicole Bautista,F,11th,Figueroa High School,63,69
5573,Rachel Miller,F,9th,Figueroa High School,76,56
5574,Gary Martin,M,12th,Figueroa High School,92,84
5575,Dawn Rivera,F,10th,Figueroa High School,90,60
5576,Frederick Edwards,M,9th,Figueroa High School,83,93
5577,Eric Green,M,11th,Figueroa High School,79,65
5578,William Wright,M,9th,Figueroa High School,75,88
5579,Jennifer Salinas,F,9th,Figueroa High School,71,56
5580,Benjamin Irwin,M,11th,Figueroa High School,99,65
5581,Alfred Durham,M,9th,Figueroa High School,85,73
5582,Kyle Pearson,M,9th,Figueroa High School,69,95
5583,Calvin Burke,M,10th,Figueroa High School,69,75
5584,Aaron Mccarthy,M,10th,Figueroa High School,70,90
5585,Angela Higgins,F,12th,Figueroa High School,80,74
5586,William Peterson,M,10th,Figueroa High School,95,65
5587,Randall Martin,M,10th,Figueroa High School,71,72
5588,Carol Chambers,F,11th,Figueroa High School,81,60
5589,Carla Tucker,F,10th,Figueroa High School,71,75
5590,Tonya Hernandez,F,12th,Figueroa High School,92,81
5591,Elizabeth Myers,F,9th,Figueroa High School,70,79
5592,Robert Norman,M,10th,Figueroa High School,90,76
5593,John Wilson,M,11th,Figueroa High School,81,55
5594,Stephen Collins,M,10th,Figueroa High School,92,56
5595,Jessica Johnson,F,9th,Figueroa High School,83,64
5596,Samantha Donaldson,F,10th,Figueroa High School,99,97
5597,Zachary Torres,M,11th,Figueroa High School,66,79
5598,Joanne Robinson,F,10th,Figueroa High School,90,83
5599,Adrian Collins,M,11th,Figueroa High School,90,75
5600,Jeremiah Esparza,M,10th,Figueroa High School,70,83
5601,Jason Mckinney,M,9th,Figueroa High School,75,57
5602,Joy Barnes,F,10th,Figueroa High School,83,88
5603,Kathleen Caldwell,F,9th,Figueroa High School,81,88
5604,Lisa Cox,F,10th,Figueroa High School,65,79
5605,Patricia Griffin,F,12th,Figueroa High School,96,71
5606,Lisa Gonzales,F,11th,Figueroa High School,94,67
5607,Lisa Dickson,F,10th,Figueroa High School,81,63
5608,Tony Casey,M,10th,Figueroa High School,78,89
5609,Elizabeth Bailey,F,11th,Figueroa High School,99,98
5610,Richard Mathews,M,10th,Figueroa High School,80,69
5611,Kelly Morales,F,11th,Figueroa High School,96,67
5612,John Davis,M,12th,Figueroa High School,76,66
5613,Erika Acevedo,F,9th,Figueroa High School,71,61
5614,Mary Brennan,F,12th,Figueroa High School,91,63
5615,Julie Smith,F,10th,Figueroa High School,98,71
5616,Diane Davis,F,12th,Figueroa High School,94,93
5617,Aaron Gallegos,M,11th,Figueroa High School,64,70
5618,Thomas Gray,M,11th,Figueroa High School,94,72
5619,James Morris,M,9th,Figueroa High School,86,59
5620,Joy Buckley,F,9th,Figueroa High School,81,59
5621,Troy Anderson,M,9th,Figueroa High School,94,70
5622,James Bailey,M,11th,Figueroa High School,83,94
5623,Jamie Branch,F,12th,Figueroa High School,69,76
5624,Robert Bowers,M,12th,Figueroa High School,80,78
5625,Rhonda Harrison,F,11th,Figueroa High School,87,73
5626,Michele York,F,12th,Figueroa High School,78,79
5627,Joshua Simpson,M,9th,Figueroa High School,78,98
5628,Kari Williams,F,10th,Figueroa High School,70,95
5629,Jaime James,F,10th,Figueroa High School,76,91
5630,Richard Watts,M,12th,Figueroa High School,73,71
5631,Paul Cole,M,9th,Figueroa High School,95,70
5632,Trevor Wang,M,11th,Figueroa High School,98,72
5633,Jacob Williams,M,12th,Figueroa High School,68,99
5634,Aaron Gates,M,12th,Figueroa High School,81,84
5635,Rodney Lopez,M,9th,Figueroa High School,93,66
5636,Jenny Rodriguez,F,12th,Figueroa High School,85,84
5637,Elizabeth Vasquez,F,10th,Figueroa High School,75,80
5638,Patricia Morton,F,10th,Figueroa High School,97,98
5639,Autumn Kidd,F,12th,Figueroa High School,77,79
5640,Amanda Mcdonald,F,9th,Figueroa High School,66,71
5641,Kelly Rodriguez,F,10th,Figueroa High School,86,60
5642,Evelyn Frederick,F,9th,Figueroa High School,73,76
5643,Joy Bass,F,10th,Figueroa High School,93,95
5644,Nancy Jones,F,9th,Figueroa High School,74,79
5645,Chris Baldwin,M,11th,Figueroa High School,63,71
5646,Michael Allen,M,9th,Figueroa High School,76,73
5647,Wayne Luna,M,12th,Figueroa High School,93,59
5648,Mary Smith,F,9th,Figueroa High School,63,66
5649,Don Buchanan,M,12th,Figueroa High School,75,68
5650,James Massey,M,10th,Figueroa High School,78,74
5651,Taylor Jordan,F,9th,Figueroa High School,88,67
5652,Jonathan Kim,M,11th,Figueroa High School,96,60
5653,Dawn Watson,F,12th,Figueroa High School,98,56
5654,Caitlin White,F,12th,Figueroa High School,64,84
5655,Michael Davidson,M,11th,Figueroa High School,91,88
5656,Matthew Moreno,M,11th,Figueroa High School,77,79
5657,Diana Martin,F,9th,Figueroa High School,89,85
5658,Monica Nguyen,F,11th,Figueroa High School,63,71
5659,Stephen Palmer,M,10th,Figueroa High School,99,88
5660,Wendy Wallace,F,9th,Figueroa High School,82,98
5661,Megan Murphy,F,12th,Figueroa High School,76,87
5662,Donald Mckinney,M,10th,Figueroa High School,91,65
5663,Sonia Johnson,F,10th,Figueroa High School,98,59
5664,Logan Ward ,M,9th,Figueroa High School,80,60
5665,Vincent Williams,M,9th,Figueroa High School,83,57
5666,Shawn Carter,M,11th,Figueroa High School,72,76
5667,Jason Thompson,M,9th,Figueroa High School,80,70
5668,Frank Hodges,M,12th,Figueroa High School,77,91
5669,Danny Sullivan,M,9th,Figueroa High School,77,60
5670,Jerry Bell,M,11th,Figueroa High School,67,68
5671,Gregory Sharp,M,12th,Figueroa High School,71,93
5672,Eddie Gilbert,M,11th,Figueroa High School,71,64
5673,Dean Cooper,M,11th,Figueroa High School,99,70
5674,Joshua Sharp,M,9th,Figueroa High School,92,65
5675,Candace Vasquez,F,12th,Figueroa High School,70,57
5676,Mrs. Janice Dixon,F,12th,Figueroa High School,73,62
5677,Laura Pham,F,10th,Figueroa High School,75,91
5678,Gregory Bentley,M,11th,Figueroa High School,65,69
5679,Lauren Allen,F,10th,Figueroa High School,82,86
5680,Danielle Williams,F,11th,Figueroa High School,98,64
5681,David Johnson,M,10th,Figueroa High School,69,95
5682,Nancy Holt,F,12th,Figueroa High School,75,71
5683,Robert Luna,M,9th,Figueroa High School,85,76
5684,Denise Mcconnell,F,12th,Figueroa High School,95,71
5685,Gabriel Smith III,M,9th,Figueroa High School,92,56
5686,Christopher Adams,M,11th,Figueroa High School,80,64
5687,Matthew Sanchez,M,11th,Figueroa High School,93,92
5688,Linda Duran ,F,11th,Figueroa High School,94,94
5689,Mary Stewart,F,9th,Figueroa High School,96,94
5690,Amber Edwards,F,11th,Figueroa High School,83,89
5691,Craig Rodriguez,M,11th,Figueroa High School,78,64
5692,Seth Martin,M,9th,Figueroa High School,68,70
5693,Jacob Briggs,M,9th,Figueroa High School,96,56
5694,Christopher Fuentes,M,11th,Figueroa High School,64,63
5695,Jacob Barry,M,12th,Figueroa High School,72,68
5696,Amy Miller,F,12th,Figueroa High School,90,74
5697,Ronald Mayer PhD,M,9th,Figueroa High School,85,78
5698,Sarah Davis,F,11th,Figueroa High School,93,74
5699,Lori Brown,F,12th,Figueroa High School,87,58
5700,Christopher Washington,M,9th,Figueroa High School,88,69
5701,Morgan Duke,F,12th,Figueroa High School,88,98
5702,Donald Mendoza,M,9th,Figueroa High School,90,88
5703,Richard Gonzalez,M,9th,Figueroa High School,80,82
5704,Elizabeth May,F,11th,Figueroa High School,90,67
5705,John Leonard,M,12th,Figueroa High School,82,84
5706,Ryan Ayers,M,11th,Figueroa High School,63,93
5707,Kathleen Guerrero,F,9th,Figueroa High School,98,88
5708,Michael Garner,M,9th,Figueroa High School,83,96
5709,Linda Stephens,F,10th,Figueroa High School,73,94
5710,David Smith,M,10th,Figueroa High School,90,86
5711,Lauren Allen,F,9th,Figueroa High School,78,82
5712,Michael Diaz,M,9th,Figueroa High School,68,57
5713,Jennifer Petersen,F,11th,Figueroa High School,87,69
5714,Kristina Patterson,F,10th,Figueroa High School,72,90
5715,Ethan Miller,M,11th,Figueroa High School,78,80
5716,Angela Williams,F,11th,Figueroa High School,67,73
5717,Jennifer Knight,F,12th,Figueroa High School,75,77
5718,Travis Nolan,M,10th,Figueroa High School,80,55
5719,Kevin Mayer,M,9th,Figueroa High School,83,55
5720,David Frey,M,10th,Figueroa High School,65,84
5721,Cynthia Diaz,F,11th,Figueroa High School,78,59
5722,Lucas Diaz,M,10th,Figueroa High School,96,55
5723,Sara Chan,F,10th,Figueroa High School,70,92
5724,Jerry Lawson,M,12th,Figueroa High School,88,96
5725,Dylan Webb,M,10th,Figueroa High School,96,82
5726,Adam Carroll,M,10th,Figueroa High School,78,66
5727,Donna Kelley,F,11th,Figueroa High School,88,99
5728,Virginia Copeland,F,12th,Figueroa High School,84,90
5729,Jennifer Ramirez,F,9th,Figueroa High School,78,93
5730,Wesley Duran,M,9th,Figueroa High School,84,80
5731,Haley Thompson,F,12th,Figueroa High School,70,79
5732,Tristan Vega,M,11th,Figueroa High School,70,86
5733,Jorge Beck,M,9th,Figueroa High School,81,71
5734,Brian Pitts Jr.,M,10th,Figueroa High School,77,80
5735,Jessica Cook,F,9th,Figueroa High School,95,60
5736,Kayla Small,F,11th,Figueroa High School,87,69
5737,Elizabeth Dixon,F,12th,Figueroa High School,95,91
5738,Rebecca Taylor,F,10th,Figueroa High School,77,67
5739,Kenneth Cooke,M,12th,Figueroa High School,89,92
5740,Joseph Smith,M,12th,Figueroa High School,77,63
5741,Patrick Serrano,M,10th,Figueroa High School,86,62
5742,Scott Kelley,M,11th,Figueroa High School,91,59
5743,Stephanie Rose,F,12th,Figueroa High School,82,67
5744,Brian Soto,M,9th,Figueroa High School,67,61
5745,Kathy Jones,F,12th,Figueroa High School,72,57
5746,Rodney Medina,M,9th,Figueroa High School,89,68
5747,Karen Humphrey,F,10th,Figueroa High School,98,55
5748,Tyler Wilson,M,12th,Figueroa High School,68,78
5749,Robert Moore,M,11th,Figueroa High School,78,84
5750,Robert Vega,M,10th,Figueroa High School,97,61
5751,Alison Ortiz,F,12th,Figueroa High School,81,69
5752,Richard Stephens,M,10th,Figueroa High School,86,90
5753,Lonnie Carr,M,9th,Figueroa High School,86,84
5754,Sherry Jackson,F,9th,Figueroa High School,89,98
5755,Kathryn Roberts,F,12th,Figueroa High School,88,66
5756,Cheryl Benson,F,12th,Figueroa High School,84,89
5757,Chelsea Joseph,F,9th,Figueroa High School,98,83
5758,Jessica Parks,F,10th,Figueroa High School,75,82
5759,Annette Campbell,F,11th,Figueroa High School,93,79
5760,Emily Lee,F,10th,Figueroa High School,90,97
5761,Shaun Cooper,M,9th,Figueroa High School,81,84
5762,Jessica Lawson,F,11th,Figueroa High School,66,97
5763,Steven Bailey,M,11th,Figueroa High School,97,64
5764,Jason Briggs,M,11th,Figueroa High School,82,57
5765,Rebecca Jimenez,F,11th,Figueroa High School,73,68
5766,Andrea Edwards,F,10th,Figueroa High School,78,61
5767,Leah Thompson,F,10th,Figueroa High School,69,88
5768,Bobby Gray,M,9th,Figueroa High School,64,89
5769,Nicole Lewis,F,11th,Figueroa High School,64,97
5770,Alexandria Johnson,F,12th,Figueroa High School,67,96
5771,Jose Roy,M,12th,Figueroa High School,98,80
5772,Kimberly Joseph,F,10th,Figueroa High School,97,60
5773,Andre Sharp,M,11th,Figueroa High School,89,67
5774,Amanda Stanley,F,9th,Figueroa High School,66,72
5775,Luke White,M,10th,Figueroa High School,69,88
5776,David Wilson,M,10th,Figueroa High School,87,74
5777,Lisa Wilson,F,10th,Figueroa High School,82,99
5778,James Moore,M,9th,Figueroa High School,97,58
5779,Olivia Holmes,F,12th,Figueroa High School,97,66
5780,Gary Crawford,M,10th,Figueroa High School,67,68
5781,Joseph Hunt,M,9th,Figueroa High School,77,74
5782,Joshua Smith,M,10th,Figueroa High School,78,66
5783,Johnny Schroeder,M,11th,Figueroa High School,67,91
5784,Brittany Jennings,F,12th,Figueroa High School,93,70
5785,Ryan Molina,M,12th,Figueroa High School,82,66
5786,Caitlin Lee,F,9th,Figueroa High School,81,78
5787,Karen Saunders,F,12th,Figueroa High School,88,98
5788,Robert Brooks,M,12th,Figueroa High School,77,70
5789,Wendy Houston,F,9th,Figueroa High School,63,84
5790,Christopher Green,M,12th,Figueroa High School,64,77
5791,Abigail Haynes,F,11th,Figueroa High School,89,77
5792,Amy Lewis,F,9th,Figueroa High School,89,85
5793,Thomas Melton,M,12th,Figueroa High School,75,68
5794,Michelle Cardenas,F,9th,Figueroa High School,80,62
5795,Perry Hayes,M,11th,Figueroa High School,96,81
5796,Christopher Stanley,M,11th,Figueroa High School,79,69
5797,Taylor Young,F,12th,Figueroa High School,92,99
5798,Joy Fuentes,F,9th,Figueroa High School,81,92
5799,Theresa Rice,F,9th,Figueroa High School,72,94
5800,Bruce Thompson II,M,9th,Figueroa High School,99,60
5801,Timothy Smith,M,9th,Figueroa High School,77,69
5802,Brian Gibson,M,10th,Figueroa High School,75,57
5803,Breanna Sanders,F,12th,Figueroa High School,84,86
5804,Terry Boyd,M,12th,Figueroa High School,95,77
5805,Connie White,F,11th,Figueroa High School,75,82
5806,Connie Campos,F,10th,Figueroa High School,64,90
5807,Cameron Parker,M,12th,Figueroa High School,90,63
5808,Regina Olson,F,9th,Figueroa High School,98,79
5809,Vincent Baldwin,M,9th,Figueroa High School,80,65
5810,Tony Adams ,M,9th,Figueroa High School,96,77
5811,Angela Hicks,F,12th,Figueroa High School,84,86
5812,Mitchell Hansen,M,10th,Figueroa High School,68,96
5813,Kimberly Brennan,F,12th,Figueroa High School,64,82
5814,Angela Holmes,F,9th,Figueroa High School,95,99
5815,April Garza,F,11th,Figueroa High School,91,97
5816,Aaron Brandt,M,10th,Figueroa High School,89,66
5817,Christopher Braun,M,10th,Figueroa High School,79,94
5818,Casey Collier,M,11th,Figueroa High School,67,73
5819,Casey Rodriguez,M,10th,Figueroa High School,75,78
5820,Kimberly Lewis,F,11th,Figueroa High School,74,64
5821,Austin Brooks,M,11th,Figueroa High School,66,56
5822,Amber Baxter,F,11th,Figueroa High School,72,65
5823,Phillip King,M,10th,Figueroa High School,65,88
5824,Karen Pugh,F,11th,Figueroa High School,99,55
5825,Michael Jenkins,M,11th,Figueroa High School,64,94
5826,Patricia Patel,F,9th,Figueroa High School,93,86
5827,Randy Walsh,M,10th,Figueroa High School,99,88
5828,Douglas Frazier,M,11th,Figueroa High School,69,83
5829,Jennifer Riley,F,9th,Figueroa High School,77,92
5830,Adam Ferrell,M,11th,Figueroa High School,78,70
5831,Rachel Frederick,F,9th,Figueroa High School,97,89
5832,Charlotte Hubbard,F,12th,Figueroa High School,78,80
5833,Benjamin Mcpherson,M,12th,Figueroa High School,88,94
5834,Todd Morris,M,12th,Figueroa High School,67,83
5835,Dean Gray,M,11th,Figueroa High School,97,74
5836,Bradley Johnson,M,11th,Figueroa High School,67,97
5837,Cheyenne Bradley,F,12th,Figueroa High School,65,94
5838,Jesse Martinez,M,9th,Figueroa High School,81,56
5839,Sheila Campos,F,9th,Figueroa High School,70,73
5840,Stephanie Ramirez,F,9th,Figueroa High School,99,90
5841,Elizabeth Serrano,F,11th,Figueroa High School,73,67
5842,Vanessa Byrd,F,10th,Figueroa High School,67,75
5843,Heather Simpson,F,9th,Figueroa High School,94,83
5844,Mike Robinson,M,9th,Figueroa High School,82,74
5845,Joy Jennings,F,9th,Figueroa High School,63,56
5846,Stephanie Brewer,F,9th,Figueroa High School,64,78
5847,Annette Collins ,F,9th,Figueroa High School,74,84
5848,Suzanne Newman,F,10th,Figueroa High School,90,79
5849,Julia Cross,F,9th,Figueroa High School,88,82
5850,Jennifer George,F,10th,Figueroa High School,66,68
5851,John Walker,M,11th,Figueroa High School,96,68
5852,Ann Ramsey,F,9th,Figueroa High School,98,63
5853,Geoffrey Johnson,M,12th,Figueroa High School,84,80
5854,Christopher Anthony,M,11th,Figueroa High School,96,73
5855,Derek Tyler,M,12th,Figueroa High School,64,61
5856,Thomas Reed,M,9th,Figueroa High School,63,91
5857,Jessica Martin,F,9th,Figueroa High School,84,60
5858,Rachel Knight,F,11th,Figueroa High School,78,71
5859,Courtney Gonzalez,F,12th,Figueroa High School,75,91
5860,Susan Payne,F,10th,Figueroa High School,81,92
5861,April Sullivan,F,9th,Figueroa High School,81,92
5862,Jessica Mccann,F,11th,Figueroa High School,99,66
5863,Charles Walker,M,11th,Figueroa High School,98,64
5864,Tammy Burns,F,9th,Figueroa High School,91,83
5865,Ricky Harrison,M,10th,Figueroa High School,99,65
5866,Jamie Montgomery,F,12th,Shelton High School,70,91
5867,Shannon Phillips,F,10th,Shelton High School,84,71
5868,Todd Barber,M,11th,Shelton High School,95,99
5869,Desiree King,F,12th,Shelton High School,76,95
5870,Melissa Roberts,F,10th,Shelton High School,71,82
5871,Earl Martinez,M,9th,Shelton High School,77,86
5872,Jose Willis,M,11th,Shelton High School,92,86
5873,Andrew Shea,M,9th,Shelton High School,71,94
5874,Catherine Price,F,12th,Shelton High School,74,76
5875,Matthew Fowler,M,9th,Shelton High School,74,75
5876,Keith Preston,M,12th,Shelton High School,97,75
5877,Mark Wilson,M,12th,Shelton High School,84,96
5878,Jessica Herrera,F,9th,Shelton High School,93,77
5879,Blake Salinas,M,9th,Shelton High School,85,77
5880,Brittany Gutierrez,F,11th,Shelton High School,77,81
5881,Tami Wagner,F,10th,Shelton High School,75,76
5882,Steven James,M,12th,Shelton High School,69,80
5883,Ian Alvarez,M,11th,Shelton High School,91,82
5884,Carlos Brown,M,9th,Shelton High School,99,94
5885,Mary Murray,F,9th,Shelton High School,73,78
5886,Karen Mack,F,11th,Shelton High School,98,83
5887,Curtis Berry,M,11th,Shelton High School,72,77
5888,Jennifer Harvey,F,12th,Shelton High School,91,81
5889,Angelica Phillips,F,9th,Shelton High School,85,90
5890,Amy Miller,F,12th,Shelton High School,82,82
5891,Bryan Padilla,M,11th,Shelton High School,85,96
5892,Lee Alexander,M,10th,Shelton High School,75,89
5893,Dylan Chapman,M,11th,Shelton High School,69,93
5894,Robert Goodwin,M,9th,Shelton High School,99,94
5895,John Vasquez,M,11th,Shelton High School,98,77
5896,George Bowers,M,9th,Shelton High School,97,98
5897,Shannon Larsen,F,10th,Shelton High School,99,86
5898,Cynthia Turner,F,10th,Shelton High School,85,81
5899,Chad Hendricks,M,11th,Shelton High School,77,71
5900,Trevor Sanders,M,10th,Shelton High School,83,84
5901,Yolanda Velasquez,F,9th,Shelton High School,97,71
5902,Taylor King,F,12th,Shelton High School,71,80
5903,Kenneth Murray,M,12th,Shelton High School,74,89
5904,Deborah Weber,F,11th,Shelton High School,90,99
5905,Cindy Ward,F,9th,Shelton High School,81,94
5906,Andrew Melton,M,11th,Shelton High School,98,88
5907,Jodi Mcpherson,F,9th,Shelton High School,81,85
5908,Samantha Johnson,F,11th,Shelton High School,97,76
5909,Timothy Trevino,M,10th,Shelton High School,85,87
5910,James Kelly,M,11th,Shelton High School,92,80
5911,Marvin Nichols,M,12th,Shelton High School,74,92
5912,Brenda Caldwell,F,9th,Shelton High School,91,78
5913,Dustin Wiggins,M,12th,Shelton High School,95,69
5914,Rebecca Morton,F,9th,Shelton High School,84,82
5915,Carla Brown,F,10th,Shelton High School,98,95
5916,Darlene Williams,F,10th,Shelton High School,78,90
5917,Karen Turner,F,9th,Shelton High School,88,92
5918,April Mccoy,F,11th,Shelton High School,89,98
5919,Tyler Lee,M,12th,Shelton High School,82,77
5920,Laura Moore,F,12th,Shelton High School,73,80
5921,Charles Collins,M,12th,Shelton High School,80,74
5922,Thomas Beard,M,9th,Shelton High School,99,98
5923,Stephen Horton,M,9th,Shelton High School,72,84
5924,Jonathan Watts,M,9th,Shelton High School,96,80
5925,Keith Hayes,M,12th,Shelton High School,94,84
5926,Theresa Blair,F,10th,Shelton High School,91,96
5927,David Martinez,M,12th,Shelton High School,70,85
5928,John Cortez,M,10th,Shelton High School,76,96
5929,Shelley Bolton,F,10th,Shelton High School,90,81
5930,Tiffany Harris,F,9th,Shelton High School,92,90
5931,Brenda West,F,10th,Shelton High School,76,77
5932,Lynn Lyons,F,11th,Shelton High School,76,70
5933,Joshua Hughes,M,10th,Shelton High School,99,70
5934,Richard Jordan,M,11th,Shelton High School,94,73
5935,Dennis Watson,M,9th,Shelton High School,97,75
5936,Jonathan Parsons,M,9th,Shelton High School,79,76
5937,Karen Burke,F,10th,Shelton High School,96,84
5938,Maria Mosley,F,11th,Shelton High School,69,70
5939,Samuel Cox,M,12th,Shelton High School,97,79
5940,Xavier Grimes,M,9th,Shelton High School,89,88
5941,Brian Pena,M,10th,Shelton High School,77,94
5942,Michael Hampton,M,12th,Shelton High School,85,70
5943,Kyle Ballard,M,12th,Shelton High School,73,72
5944,Monica Shah,F,11th,Shelton High School,92,77
5945,Phillip Gross,M,12th,Shelton High School,78,95
5946,Lindsey Tyler ,F,9th,Shelton High School,93,77
5947,Richard Keller,M,10th,Shelton High School,90,84
5948,Donna Smith,F,10th,Shelton High School,97,68
5949,Derek Myers,M,9th,Shelton High School,91,99
5950,Nicole Robertson,F,12th,Shelton High School,78,81
5951,Albert Nguyen,M,10th,Shelton High School,83,85
5952,Erica Villa,F,11th,Shelton High School,73,89
5953,Lisa Henson,F,12th,Shelton High School,69,81
5954,Tammy Thomas,F,10th,Shelton High School,75,68
5955,Tammy Collins,F,11th,Shelton High School,75,75
5956,Thomas Adams,M,12th,Shelton High School,83,72
5957,Michael Drake ,M,10th,Shelton High School,78,99
5958,Cheryl Smith,F,10th,Shelton High School,90,69
5959,Lisa Martin,F,11th,Shelton High School,86,92
5960,Monica Contreras,F,9th,Shelton High School,90,75
5961,Paul Morrow,M,12th,Shelton High School,89,77
5962,Richard Cruz,M,9th,Shelton High School,98,76
5963,Timothy Hamilton,M,11th,Shelton High School,99,71
5964,Steven Duffy,M,9th,Shelton High School,99,74
5965,John Dalton,M,11th,Shelton High School,71,71
5966,Kyle Brown,M,9th,Shelton High School,84,81
5967,Kayla Wright,F,9th,Shelton High School,88,70
5968,Linda Rodriguez,F,9th,Shelton High School,73,72
5969,David Gomez,M,9th,Shelton High School,92,91
5970,Michael Stone,M,12th,Shelton High School,76,81
5971,Katherine Garcia,F,11th,Shelton High School,90,80
5972,Christopher Martin,M,12th,Shelton High School,82,97
5973,Jessica Martin,F,9th,Shelton High School,78,85
5974,Tonya Saunders,F,12th,Shelton High School,88,97
5975,Pamela Turner,F,9th,Shelton High School,69,92
5976,Christina Contreras,F,12th,Shelton High School,92,83
5977,Kimberly Heath,F,10th,Shelton High School,95,82
5978,Joshua Compton,M,11th,Shelton High School,93,99
5979,Heidi Smith,F,11th,Shelton High School,75,82
5980,Kevin Carr,M,10th,Shelton High School,78,95
5981,Christopher Williams,M,9th,Shelton High School,80,81
5982,Kendra Wilson,F,11th,Shelton High School,80,76
5983,Amy Doyle,F,12th,Shelton High School,98,97
5984,Carl Rodriguez,M,11th,Shelton High School,84,95
5985,Jessica Krueger,F,12th,Shelton High School,85,75
5986,Angela Farley,F,11th,Shelton High School,89,79
5987,Jeremy Sanders II,M,9th,Shelton High School,98,92
5988,Patricia Swanson,F,10th,Shelton High School,70,75
5989,Larry Powell,M,10th,Shelton High School,74,99
5990,Allison Townsend,F,10th,Shelton High School,70,86
5991,Kathleen Simpson,F,9th,Shelton High School,70,96
5992,James Baker,M,12th,Shelton High School,94,78
5993,Dana Watson,F,11th,Shelton High School,71,75
5994,Mark Stone,M,11th,Shelton High School,93,90
5995,Antonio Carroll,M,10th,Shelton High School,76,98
5996,Anita Rivers,F,11th,Shelton High School,69,77
5997,Travis Jones,M,10th,Shelton High School,80,83
5998,Jesse Perez,M,11th,Shelton High School,69,83
5999,Jennifer Nelson,F,9th,Shelton High School,95,69
6000,Christopher James,M,11th,Shelton High School,95,91
6001,Bradley Russell,M,9th,Shelton High School,85,97
6002,Jessica Bowman,F,9th,Shelton High School,80,95
6003,James Owens,M,9th,Shelton High School,94,81
6004,Misty Lopez,F,10th,Shelton High School,82,87
6005,James Burch,M,12th,Shelton High School,95,94
6006,Ashley Richardson,F,9th,Shelton High School,75,97
6007,Savannah Haynes,F,12th,Shelton High School,79,68
6008,Shelia Montgomery,F,11th,Shelton High School,72,97
6009,Phillip Riddle,M,10th,Shelton High School,83,82
6010,Scott Williamson,M,9th,Shelton High School,88,74
6011,Crystal Page,F,11th,Shelton High School,93,94
6012,Debra Nunez,F,11th,Shelton High School,77,82
6013,Laura Mcclain,F,9th,Shelton High School,91,85
6014,Vincent Bennett,M,11th,Shelton High School,90,75
6015,Joshua Lang,M,11th,Shelton High School,94,73
6016,Patrick Miller,M,12th,Shelton High School,84,82
6017,George Goodwin ,M,9th,Shelton High School,88,83
6018,Joe Anderson,M,12th,Shelton High School,88,75
6019,Christopher Maldonado,M,9th,Shelton High School,79,76
6020,Jermaine Parker,M,10th,Shelton High School,75,93
6021,Chris Williams,M,11th,Shelton High School,77,93
6022,Alexandra Brady,F,12th,Shelton High School,81,96
6023,Jose Williams,M,11th,Shelton High School,98,93
6024,Lydia Jacobson,F,10th,Shelton High School,96,70
6025,Mark Weiss,M,9th,Shelton High School,73,73
6026,Jason Torres,M,9th,Shelton High School,73,99
6027,Valerie Allen,F,11th,Shelton High School,82,89
6028,Derek Santana,M,11th,Shelton High School,97,79
6029,William White,M,11th,Shelton High School,84,97
6030,Todd Holmes,M,12th,Shelton High School,93,76
6031,Brian Walker,M,12th,Shelton High School,84,98
6032,Jennifer Parrish,F,9th,Shelton High School,84,87
6033,Carolyn Best,F,11th,Shelton High School,93,70
6034,Lauren Smith,F,9th,Shelton High School,94,79
6035,Amanda Ramirez ,F,9th,Shelton High School,95,89
6036,Olivia Donovan,F,9th,Shelton High School,90,70
6037,Christopher Sutton,M,11th,Shelton High School,88,87
6038,Mario Lopez,M,10th,Shelton High School,90,76
6039,Richard Glass,M,10th,Shelton High School,74,68
6040,Jasmine Payne,F,12th,Shelton High School,85,80
6041,Melissa Clark,F,9th,Shelton High School,97,75
6042,Rhonda Myers,F,11th,Shelton High School,94,80
6043,Elizabeth Steele,F,11th,Shelton High School,80,86
6044,Connor Duncan,M,12th,Shelton High School,69,95
6045,Joshua Gray,M,12th,Shelton High School,76,77
6046,Jessica Walker,F,9th,Shelton High School,96,84
6047,Tina Smith,F,9th,Shelton High School,75,83
6048,Brian Jones,M,9th,Shelton High School,94,70
6049,Robert Johnson,M,11th,Shelton High School,96,96
6050,John Christensen,M,9th,Shelton High School,71,75
6051,Christopher Cook,M,10th,Shelton High School,84,72
6052,Collin Myers,M,12th,Shelton High School,88,75
6053,Michelle Smith,F,10th,Shelton High School,70,83
6054,John Castillo,M,10th,Shelton High School,69,91
6055,Christopher Mccarthy,M,9th,Shelton High School,81,68
6056,Lawrence Snyder,M,9th,Shelton High School,81,69
6057,Carla Martinez,F,9th,Shelton High School,88,83
6058,Kayla Fuentes,F,12th,Shelton High School,88,97
6059,Nancy Valdez,F,11th,Shelton High School,89,93
6060,Shannon Jones,F,11th,Shelton High School,98,77
6061,George Mckee,M,11th,Shelton High School,88,69
6062,Kenneth Guerrero,M,11th,Shelton High School,93,89
6063,Tracy Brown,M,12th,Shelton High School,81,93
6064,Maria Parsons,F,11th,Shelton High School,87,79
6065,Andrew Lang,M,11th,Shelton High School,74,73
6066,Danielle Montes,F,9th,Shelton High School,79,95
6067,Christopher Bates,M,12th,Shelton High School,72,68
6068,Kathy Evans,F,10th,Shelton High School,69,70
6069,Billy Hernandez,M,10th,Shelton High School,73,70
6070,Shannon Anderson,F,10th,Shelton High School,82,76
6071,Andrew Horton,M,12th,Shelton High School,80,76
6072,Kyle Glover,M,12th,Shelton High School,96,95
6073,Michael Moore,M,11th,Shelton High School,89,83
6074,Aaron Morris ,M,9th,Shelton High School,86,77
6075,Debra Kelley,F,12th,Shelton High School,82,91
6076,Robin Mueller,F,9th,Shelton High School,92,93
6077,Michael Stein,M,12th,Shelton High School,78,86
6078,Alexis Boyd,F,10th,Shelton High School,88,83
6079,Andrew Mason,M,11th,Shelton High School,82,74
6080,Alex Dickson,M,9th,Shelton High School,81,72
6081,Michelle Byrd,F,12th,Shelton High School,71,96
6082,Sheila Bradford,F,12th,Shelton High School,69,73
6083,Kimberly Rose,F,10th,Shelton High School,87,74
6084,Hannah Young,F,10th,Shelton High School,80,99
6085,Justin Jordan,M,9th,Shelton High School,83,68
6086,Jerry Welch,M,10th,Shelton High School,81,72
6087,Brian Garrett,M,12th,Shelton High School,80,91
6088,Brooke Gonzalez,F,12th,Shelton High School,71,74
6089,Anna Thomas,F,10th,Shelton High School,69,77
6090,Carla Hall,F,11th,Shelton High School,71,91
6091,Andrew Norman,M,10th,Shelton High School,72,69
6092,Heidi Bowman,F,12th,Shelton High School,81,86
6093,Autumn Garcia,F,11th,Shelton High School,93,98
6094,Jennifer White,F,10th,Shelton High School,98,94
6095,Anthony West,M,9th,Shelton High School,95,76
6096,Linda Carney,F,10th,Shelton High School,81,86
6097,William Schmidt,M,9th,Shelton High School,76,93
6098,Juan Brown,M,12th,Shelton High School,83,79
6099,Anna Myers,F,10th,Shelton High School,82,71
6100,Leslie Dominguez,F,9th,Shelton High School,97,94
6101,Mrs. Michelle Butler,F,9th,Shelton High School,94,92
6102,Brittany Chavez,F,11th,Shelton High School,76,92
6103,Maria Woods,F,10th,Shelton High School,90,68
6104,Jessica Brooks,F,12th,Shelton High School,84,74
6105,Carla Ali,F,11th,Shelton High School,81,87
6106,Karen Johnson,F,12th,Shelton High School,94,92
6107,Kenneth Palmer,M,12th,Shelton High School,88,72
6108,Katherine Watson,F,12th,Shelton High School,79,71
6109,David Vazquez,M,10th,Shelton High School,82,90
6110,Felicia Ross,F,10th,Shelton High School,80,69
6111,Melanie Crawford,F,10th,Shelton High School,73,72
6112,Joanna Martin,F,9th,Shelton High School,89,99
6113,Michelle Gomez,F,9th,Shelton High School,83,87
6114,Thomas Brown,M,12th,Shelton High School,72,86
6115,Troy Hudson,M,11th,Shelton High School,89,69
6116,Becky Cherry,F,10th,Shelton High School,97,83
6117,David Reid,M,9th,Shelton High School,97,69
6118,Charles Martinez,M,12th,Shelton High School,73,96
6119,Lori Norman,F,9th,Shelton High School,81,94
6120,Sandra James,F,12th,Shelton High School,96,92
6121,Bryan Jones,M,9th,Shelton High School,71,75
6122,Nicholas Fernandez,M,12th,Shelton High School,88,92
6123,Brittany Adams,F,11th,Shelton High School,70,90
6124,James Campos,M,11th,Shelton High School,75,83
6125,Jared Bauer,M,10th,Shelton High School,76,79
6126,John Hensley,M,10th,Shelton High School,97,99
6127,Richard Zuniga,M,9th,Shelton High School,98,82
6128,Andrea Johnson,F,12th,Shelton High School,73,93
6129,Robert Carson,M,10th,Shelton High School,95,83
6130,Cody Larsen,M,11th,Shelton High School,87,81
6131,John Armstrong,M,11th,Shelton High School,93,92
6132,Sarah Copeland,F,10th,Shelton High School,81,90
6133,Julie Bennett,F,9th,Shelton High School,91,95
6134,Tamara Welch,F,11th,Shelton High School,85,75
6135,Tanya Clark,F,11th,Shelton High School,88,86
6136,Joshua Vasquez,M,10th,Shelton High School,82,79
6137,Katherine Mcdonald,F,12th,Shelton High School,77,79
6138,Catherine Morse,F,9th,Shelton High School,79,96
6139,Debbie Washington,F,9th,Shelton High School,87,80
6140,Victoria Welch,F,10th,Shelton High School,97,84
6141,Larry Sutton,M,10th,Shelton High School,94,92
6142,Charles Michael,M,10th,Shelton High School,86,93
6143,Laura White,F,10th,Shelton High School,99,83
6144,Tammy Williams,F,10th,Shelton High School,99,90
6145,Ronald Myers,M,10th,Shelton High School,76,88
6146,James Johnston,M,10th,Shelton High School,81,85
6147,Brent Davis,M,9th,Shelton High School,95,76
6148,Kendra Miller,F,9th,Shelton High School,74,83
6149,Christian Lee,M,9th,Shelton High School,98,75
6150,Brian Parker,M,9th,Shelton High School,91,70
6151,Howard Wood,M,11th,Shelton High School,74,78
6152,Harry Klein,M,11th,Shelton High School,89,87
6153,Karl Hernandez,M,9th,Shelton High School,75,89
6154,Darrell Johnson,M,11th,Shelton High School,98,87
6155,Melissa Lopez,F,11th,Shelton High School,73,69
6156,Joseph Swanson,M,12th,Shelton High School,94,90
6157,Teresa Knight,F,10th,Shelton High School,72,77
6158,Carrie Bullock,F,12th,Shelton High School,76,72
6159,Sean Cook,M,9th,Shelton High School,78,74
6160,Steven Robinson,M,9th,Shelton High School,94,90
6161,Sandra Flores,F,10th,Shelton High School,98,88
6162,Nathan May,M,9th,Shelton High School,89,87
6163,Heather Mendoza,F,9th,Shelton High School,76,85
6164,Nicholas Nichols,M,9th,Shelton High School,88,92
6165,Michael Rosales,M,12th,Shelton High School,96,99
6166,Jeremy Hampton,M,11th,Shelton High School,70,83
6167,Jessica Ortega,F,9th,Shelton High School,86,90
6168,Laurie White,F,10th,Shelton High School,88,76
6169,Spencer Porter,M,9th,Shelton High School,89,84
6170,Rachael Waller,F,10th,Shelton High School,72,91
6171,Michael Schneider,M,11th,Shelton High School,74,73
6172,Justin Cruz,M,11th,Shelton High School,82,96
6173,Thomas Porter,M,9th,Shelton High School,69,76
6174,Derek Watkins,M,9th,Shelton High School,97,92
6175,Hannah Montgomery,F,9th,Shelton High School,87,79
6176,Anna Webster,F,11th,Shelton High School,69,95
6177,Karen Watkins,F,9th,Shelton High School,81,89
6178,Adrian Williams,M,11th,Shelton High School,89,92
6179,James Erickson,M,12th,Shelton High School,84,72
6180,Mary Meza,F,10th,Shelton High School,90,83
6181,Sarah Price,F,11th,Shelton High School,90,84
6182,Linda Lucas,F,9th,Shelton High School,80,93
6183,Dale Boyer,M,9th,Shelton High School,71,78
6184,Kyle Price,M,10th,Shelton High School,96,78
6185,Greg Mcfarland,M,9th,Shelton High School,97,97
6186,Douglas French,M,12th,Shelton High School,98,87
6187,Steve Hughes,M,11th,Shelton High School,92,85
6188,Eric Bennett,M,10th,Shelton High School,94,97
6189,Claire Buck,F,10th,Shelton High School,72,89
6190,Robert Sheppard,M,11th,Shelton High School,71,82
6191,Douglas Soto,M,9th,Shelton High School,95,69
6192,Sharon Curry,F,11th,Shelton High School,86,77
6193,Kimberly Miller,F,9th,Shelton High School,98,90
6194,Mark Brown,M,11th,Shelton High School,85,93
6195,Evan Williams,M,12th,Shelton High School,84,81
6196,Stephen Schneider,M,9th,Shelton High School,75,71
6197,Angela Young,F,11th,Shelton High School,99,75
6198,Alan Lopez,M,9th,Shelton High School,79,98
6199,Sandra Johnson,F,12th,Shelton High School,80,83
6200,Veronica Francis,F,12th,Shelton High School,87,73
6201,Kim West,F,10th,Shelton High School,84,84
6202,Rhonda Larson,F,11th,Shelton High School,88,76
6203,Nicholas Anderson,M,11th,Shelton High School,93,76
6204,Andrea Figueroa,F,10th,Shelton High School,85,70
6205,Carrie Figueroa,F,11th,Shelton High School,81,93
6206,Angela Jackson,F,9th,Shelton High School,92,78
6207,Connor Lucas,M,11th,Shelton High School,95,70
6208,Anthony Schwartz,M,10th,Shelton High School,92,69
6209,Rebecca Collier,F,9th,Shelton High School,93,81
6210,Steven Payne,M,11th,Shelton High School,76,96
6211,Mrs. Jennifer Martin ,F,9th,Shelton High School,75,80
6212,Jacqueline Kane,F,9th,Shelton High School,81,97
6213,Michael Blair,M,11th,Shelton High School,86,99
6214,David Hernandez,M,12th,Shelton High School,71,68
6215,Rebecca Martinez,F,12th,Shelton High School,74,81
6216,Samantha Sexton,F,9th,Shelton High School,82,83
6217,Katrina Morris,F,11th,Shelton High School,92,80
6218,Eric Williams,M,12th,Shelton High School,72,92
6219,Melinda Fox,F,11th,Shelton High School,72,73
6220,Malik Bennett,M,10th,Shelton High School,69,75
6221,Jessica Walters,F,11th,Shelton High School,76,84
6222,Jeffery Strong,M,9th,Shelton High School,89,76
6223,Steven Adams,M,10th,Shelton High School,72,96
6224,Robert Henry,M,9th,Shelton High School,99,70
6225,Michael Bates,M,10th,Shelton High School,74,99
6226,James Campbell,M,9th,Shelton High School,83,75
6227,Austin Wright,M,9th,Shelton High School,79,85
6228,Matthew Leonard,M,10th,Shelton High School,83,94
6229,Chris Farrell,M,12th,Shelton High School,79,73
6230,Melissa Reese,F,9th,Shelton High School,87,90
6231,Jack Shaw,M,10th,Shelton High School,77,86
6232,Laura Church,F,11th,Shelton High School,69,77
6233,Charles Hill,M,11th,Shelton High School,85,92
6234,Brent Huber,M,10th,Shelton High School,90,68
6235,Tracy Carrillo,F,12th,Shelton High School,72,99
6236,Dana Baker,F,11th,Shelton High School,99,79
6237,Jamie Santiago,F,10th,Shelton High School,96,78
6238,Natasha Richardson,F,11th,Shelton High School,86,77
6239,Tammy Luna,F,12th,Shelton High School,82,86
6240,Fred Hendrix,M,12th,Shelton High School,70,70
6241,Jason Branch,M,12th,Shelton High School,96,96
6242,Tracy Peters,F,12th,Shelton High School,72,92
6243,Brian Ramirez,M,10th,Shelton High School,87,77
6244,Brendan Wong,M,11th,Shelton High School,91,98
6245,Jacqueline James,F,11th,Shelton High School,71,85
6246,Roy Blackwell,M,9th,Shelton High School,81,69
6247,Olivia Austin,F,9th,Shelton High School,72,90
6248,Erin Ryan,F,12th,Shelton High School,99,86
6249,Krystal Davis,F,9th,Shelton High School,72,87
6250,Alisha White,F,12th,Shelton High School,70,83
6251,Hunter Cook,M,12th,Shelton High School,96,79
6252,Yvette Duncan,F,11th,Shelton High School,77,84
6253,Michael Higgins,M,11th,Shelton High School,90,80
6254,Erika Richardson,F,10th,Shelton High School,79,92
6255,Victoria Horn,F,11th,Shelton High School,77,93
6256,Connor Martinez,M,9th,Shelton High School,69,98
6257,Richard Thompson,M,12th,Shelton High School,80,75
6258,Ian Carter,M,12th,Shelton High School,83,98
6259,Leslie Williams,F,10th,Shelton High School,74,90
6260,Daniel Duke,M,10th,Shelton High School,71,84
6261,Brady Richardson,M,12th,Shelton High School,73,99
6262,Alexis Flores,F,9th,Shelton High School,70,98
6263,Julia Mcgee,F,10th,Shelton High School,82,76
6264,Kurt Hamilton,M,12th,Shelton High School,93,77
6265,Laura Duke,F,10th,Shelton High School,75,76
6266,Jamie Barker,F,12th,Shelton High School,73,79
6267,Bailey Moore,F,11th,Shelton High School,98,82
6268,Elizabeth Meza,F,10th,Shelton High School,80,87
6269,Alexander Harris,M,12th,Shelton High School,84,79
6270,Glen Gaines,M,9th,Shelton High School,92,85
6271,Hannah Goodwin,F,10th,Shelton High School,88,85
6272,Tina Bates,F,11th,Shelton High School,95,82
6273,Emily Morse,F,11th,Shelton High School,99,90
6274,Lisa Taylor,F,12th,Shelton High School,94,90
6275,Anthony Hamilton,M,11th,Shelton High School,72,91
6276,Bryan Bishop,M,11th,Shelton High School,77,91
6277,Peter Haley,M,10th,Shelton High School,95,68
6278,Wendy Harris,F,10th,Shelton High School,87,75
6279,Kristy Miles,F,11th,Shelton High School,89,80
6280,Angel Mayo,F,10th,Shelton High School,94,72
6281,David Allen,M,10th,Shelton High School,84,72
6282,Matthew Clark,M,10th,Shelton High School,88,95
6283,Erik Carney,M,11th,Shelton High School,72,87
6284,Sarah Bauer,F,9th,Shelton High School,82,93
6285,Jennifer Mcgrath,F,9th,Shelton High School,93,99
6286,Kaitlyn Salinas,F,10th,Shelton High School,87,78
6287,Lisa Smith,F,10th,Shelton High School,91,90
6288,Emily Clements,F,12th,Shelton High School,95,72
6289,Gregory Barrera,M,9th,Shelton High School,98,72
6290,John Braun,M,10th,Shelton High School,81,71
6291,Keith White,M,10th,Shelton High School,79,95
6292,John Patton,M,12th,Shelton High School,79,81
6293,Eric Houston,M,9th,Shelton High School,76,91
6294,Derek Anderson,M,9th,Shelton High School,76,82
6295,Michael Webster,M,11th,Shelton High School,87,76
6296,Carrie Ross,F,10th,Shelton High School,69,89
6297,Marilyn Goodman,F,12th,Shelton High School,78,99
6298,Dennis Moody,M,9th,Shelton High School,93,95
6299,Darlene Roberts,F,12th,Shelton High School,82,91
6300,Anthony Mason,M,10th,Shelton High School,84,71
6301,Ashley Miller,F,11th,Shelton High School,74,90
6302,Joshua Hoffman,M,11th,Shelton High School,88,71
6303,Stacie Browning,F,9th,Shelton High School,90,97
6304,Christopher Gomez,M,10th,Shelton High School,79,84
6305,Keith Riley,M,10th,Shelton High School,76,85
6306,Jason Rodgers,M,9th,Shelton High School,73,90
6307,Gregory Pitts,M,9th,Shelton High School,98,96
6308,Patricia Clark,F,9th,Shelton High School,71,82
6309,Susan Vega,F,11th,Shelton High School,75,85
6310,Elizabeth Faulkner,F,12th,Shelton High School,73,70
6311,James Walker,M,11th,Shelton High School,74,85
6312,Sandra Mcbride,F,12th,Shelton High School,90,71
6313,Priscilla Shaw,F,10th,Shelton High School,85,71
6314,Shawn Burgess,M,10th,Shelton High School,81,97
6315,Steve Villegas,M,10th,Shelton High School,70,88
6316,Krystal Brooks,F,9th,Shelton High School,99,87
6317,Steven Castro,M,11th,Shelton High School,79,68
6318,Amber Wallace,F,12th,Shelton High School,77,94
6319,Christine Ramirez,F,9th,Shelton High School,88,90
6320,Julie Young,F,9th,Shelton High School,98,68
6321,Nicholas Becker,M,10th,Shelton High School,93,80
6322,Stephanie Cooper,F,11th,Shelton High School,90,75
6323,Kathy Mills,F,12th,Shelton High School,77,92
6324,Mark Lambert,M,9th,Shelton High School,72,90
6325,Jacob Ward,M,10th,Shelton High School,73,95
6326,Barbara Livingston,F,9th,Shelton High School,86,89
6327,Alex Curtis,M,10th,Shelton High School,81,91
6328,Keith Waters,M,9th,Shelton High School,83,88
6329,Michael Wood,M,11th,Shelton High School,84,74
6330,Jorge Gates,M,12th,Shelton High School,81,98
6331,Elizabeth Freeman,F,11th,Shelton High School,92,88
6332,Thomas Francis,M,10th,Shelton High School,83,73
6333,Lisa Alexander,F,10th,Shelton High School,98,68
6334,Alexandra Mason,F,9th,Shelton High School,81,70
6335,Tina Garcia,F,12th,Shelton High School,94,84
6336,Jennifer Mckay,F,10th,Shelton High School,74,76
6337,Dana Drake,F,11th,Shelton High School,85,75
6338,Brian Leonard,M,12th,Shelton High School,96,68
6339,Pamela Smith,F,11th,Shelton High School,75,77
6340,Kyle Evans,M,9th,Shelton High School,82,93
6341,Patrick Robles,M,11th,Shelton High School,91,99
6342,Lance Schroeder,M,12th,Shelton High School,79,89
6343,Linda Young,F,11th,Shelton High School,80,73
6344,Joseph Brown,M,11th,Shelton High School,89,93
6345,Andrea Perez,F,9th,Shelton High School,89,77
6346,Shawn Thomas,M,9th,Shelton High School,90,70
6347,Beth Brown,F,10th,Shelton High School,92,88
6348,Tanya Griffin,F,12th,Shelton High School,96,75
6349,Elizabeth Lee,F,9th,Shelton High School,71,70
6350,Samantha Tate,F,11th,Shelton High School,71,83
6351,Brian Smith,M,9th,Shelton High School,87,95
6352,Katherine Espinoza,F,10th,Shelton High School,85,91
6353,Scott Saunders,M,9th,Shelton High School,90,99
6354,Gail Adams,F,9th,Shelton High School,71,93
6355,Brooke Young,F,9th,Shelton High School,77,75
6356,Mrs. Mary Hardy,F,9th,Shelton High School,88,91
6357,Hannah Burke,F,12th,Shelton High School,86,95
6358,Sandra Lee,F,12th,Shelton High School,72,85
6359,Anna Davis,F,12th,Shelton High School,70,98
6360,Ryan Weber,M,10th,Shelton High School,78,69
6361,Dustin Clark,M,10th,Shelton High School,89,75
6362,Juan Barber,M,10th,Shelton High School,73,71
6363,Andrew Avery,M,11th,Shelton High School,74,83
6364,Joseph Neal,M,12th,Shelton High School,99,80
6365,Holly Bishop,F,11th,Shelton High School,70,79
6366,Tammy Butler,F,9th,Shelton High School,98,86
6367,Stephanie Leon,F,10th,Shelton High School,80,93
6368,Heather Carlson,F,11th,Shelton High School,99,82
6369,Alan Travis,M,9th,Shelton High School,74,98
6370,Jennifer Smith PhD,F,10th,Shelton High School,80,80
6371,Erik Rosales,M,10th,Shelton High School,93,95
6372,Brandon Francis,M,10th,Shelton High School,99,99
6373,Cathy Thompson,F,11th,Shelton High School,80,89
6374,Shane Thompson,M,9th,Shelton High School,97,73
6375,Heidi Becker,F,10th,Shelton High School,76,73
6376,Ashley Johnson,F,9th,Shelton High School,95,81
6377,Nathan Mcgee,M,10th,Shelton High School,76,78
6378,Samuel Wolfe,M,11th,Shelton High School,78,98
6379,Ann Macdonald,F,10th,Shelton High School,88,70
6380,Dana Barnes,F,12th,Shelton High School,96,88
6381,Monica Martin,F,9th,Shelton High School,99,68
6382,Andrea Jones,F,9th,Shelton High School,72,82
6383,Jackie Peterson,F,9th,Shelton High School,94,97
6384,John Gregory,M,12th,Shelton High School,79,69
6385,Kristen Ayala,F,12th,Shelton High School,72,90
6386,Claudia Lopez,F,12th,Shelton High School,69,75
6387,Kenneth Avila,M,9th,Shelton High School,89,89
6388,Courtney Mcgee,F,9th,Shelton High School,80,91
6389,Jodi White ,F,10th,Shelton High School,69,91
6390,Christopher Ross,M,12th,Shelton High School,75,81
6391,Jonathan Jackson,M,9th,Shelton High School,80,93
6392,Ana Hernandez,F,10th,Shelton High School,88,70
6393,Jennifer Weaver,F,11th,Shelton High School,87,69
6394,Julia Jackson,F,9th,Shelton High School,98,78
6395,Brenda Gallagher,F,9th,Shelton High School,78,88
6396,Michael Doyle,M,9th,Shelton High School,88,82
6397,Karen Cox,F,12th,Shelton High School,97,71
6398,Christopher Abbott,M,9th,Shelton High School,87,92
6399,Danielle Carrillo,F,9th,Shelton High School,75,72
6400,Laura Byrd,F,12th,Shelton High School,89,95
6401,Ryan Strickland,M,12th,Shelton High School,79,98
6402,Michael Smith,M,11th,Shelton High School,72,81
6403,Patrick Gates,M,11th,Shelton High School,76,97
6404,Brandon Yu,M,9th,Shelton High School,95,80
6405,Kevin Hammond,M,12th,Shelton High School,90,81
6406,Thomas Williams,M,10th,Shelton High School,96,87
6407,Kaitlyn Jackson,F,9th,Shelton High School,74,80
6408,Joseph Carter,M,9th,Shelton High School,74,74
6409,Lindsay Ochoa,F,9th,Shelton High School,83,84
6410,Katie Johnson,F,10th,Shelton High School,81,68
6411,Vanessa Russell,F,10th,Shelton High School,93,92
6412,Derek Figueroa,M,10th,Shelton High School,91,98
6413,Jonathan Roberts,M,9th,Shelton High School,74,99
6414,Carol Berry,F,9th,Shelton High School,82,68
6415,Jade Barrett,F,10th,Shelton High School,76,88
6416,Jessica Hunter,F,12th,Shelton High School,71,79
6417,Taylor Horn,F,9th,Shelton High School,83,89
6418,Michael Koch,M,11th,Shelton High School,90,96
6419,Jessica Matthews,F,12th,Shelton High School,87,73
6420,Tony Melendez,M,9th,Shelton High School,93,91
6421,Frances Lowery,F,12th,Shelton High School,94,90
6422,Susan Stanton,F,10th,Shelton High School,96,78
6423,Stephanie Moon,F,9th,Shelton High School,74,97
6424,John Martin,M,10th,Shelton High School,86,97
6425,William Smith,M,11th,Shelton High School,81,98
6426,Garrett Pineda,M,11th,Shelton High School,73,72
6427,Margaret Turner,F,10th,Shelton High School,88,73
6428,Shannon Rose,F,12th,Shelton High School,72,95
6429,Donald Young,M,9th,Shelton High School,70,91
6430,Matthew Green,M,11th,Shelton High School,80,90
6431,Toni Carroll,F,11th,Shelton High School,92,80
6432,Tamara Watts,F,9th,Shelton High School,79,87
6433,Sarah Logan,F,12th,Shelton High School,90,98
6434,Cynthia Kidd,F,10th,Shelton High School,97,78
6435,Kelsey Wilcox,F,10th,Shelton High School,96,99
6436,Diana Martin,F,11th,Shelton High School,96,88
6437,Mariah Lindsey,F,12th,Shelton High School,80,84
6438,Kimberly Carter,F,10th,Shelton High School,77,87
6439,Karen Cohen,F,10th,Shelton High School,78,76
6440,Joel Johns,M,9th,Shelton High School,71,68
6441,Ashley Rodriguez,F,10th,Shelton High School,84,90
6442,Jessica Chambers,F,9th,Shelton High School,82,79
6443,Julia Massey,F,12th,Shelton High School,97,83
6444,Mrs. Kara Rodriguez ,F,10th,Shelton High School,72,81
6445,Katrina Mccoy,F,9th,Shelton High School,84,99
6446,Christian Harvey,M,10th,Shelton High School,73,99
6447,Erika Smith,F,11th,Shelton High School,75,99
6448,Frank Adams,M,9th,Shelton High School,99,84
6449,Kiara Bowen,F,9th,Shelton High School,97,82
6450,Shawn Rogers,M,9th,Shelton High School,76,80
6451,Susan Gonzalez,F,9th,Shelton High School,78,75
6452,Victoria Smith,F,11th,Shelton High School,78,74
6453,Jessica Johnson,F,10th,Shelton High School,86,96
6454,Erin Collins,F,10th,Shelton High School,95,81
6455,Sherry Lee,F,12th,Shelton High School,73,80
6456,Brooke Mckinney,F,10th,Shelton High School,83,74
6457,Katherine Lopez,F,10th,Shelton High School,97,81
6458,Steven Perez,M,9th,Shelton High School,83,71
6459,Karen Nguyen,F,10th,Shelton High School,80,80
6460,James Duncan,M,10th,Shelton High School,83,75
6461,Caitlin Marshall,F,9th,Shelton High School,94,80
6462,Rachel Riley,F,10th,Shelton High School,82,84
6463,Michelle Romero,F,11th,Shelton High School,92,89
6464,Michelle Smith,F,12th,Shelton High School,76,83
6465,Frank Howell,M,10th,Shelton High School,98,69
6466,Sarah Bradford,F,12th,Shelton High School,83,80
6467,Katherine Brown,F,11th,Shelton High School,72,89
6468,Victor Fernandez,M,10th,Shelton High School,94,82
6469,Heidi Miller,F,9th,Shelton High School,82,84
6470,Jeremy Humphrey,M,9th,Shelton High School,97,68
6471,Victoria Rogers,F,9th,Shelton High School,94,90
6472,Michael Robinson,M,10th,Shelton High School,73,92
6473,Lauren Maxwell,F,10th,Shelton High School,71,90
6474,Kiara Silva,F,10th,Shelton High School,84,88
6475,Cody Cuevas,M,10th,Shelton High School,95,96
6476,Maria Weaver,F,9th,Shelton High School,79,91
6477,Amy Simpson,F,11th,Shelton High School,94,86
6478,Jordan Davis,M,11th,Shelton High School,76,91
6479,Robert Baker,M,9th,Shelton High School,79,76
6480,Emily Benitez,F,11th,Shelton High School,94,89
6481,David Donovan,M,12th,Shelton High School,84,76
6482,Joshua Baxter,M,9th,Shelton High School,78,74
6483,Robin Thomas,F,9th,Shelton High School,97,96
6484,Jessica Wallace,F,9th,Shelton High School,89,75
6485,Bradley Martinez,M,9th,Shelton High School,69,91
6486,Mary Rose,F,9th,Shelton High School,69,86
6487,Jesse Cannon,M,9th,Shelton High School,84,72
6488,Jamie Barron,F,11th,Shelton High School,77,72
6489,Kelly Moore,F,11th,Shelton High School,79,90
6490,Adam Poole,M,12th,Shelton High School,98,89
6491,Jimmy Wilson,M,9th,Shelton High School,69,93
6492,Seth Robbins,M,9th,Shelton High School,87,78
6493,Jessica Carter,F,9th,Shelton High School,90,78
6494,Amanda Olson,F,9th,Shelton High School,93,80
6495,Zoe Henry,F,12th,Shelton High School,79,71
6496,Jerome Landry,M,11th,Shelton High School,85,77
6497,Ryan Collins,M,12th,Shelton High School,86,92
6498,James Ward,M,12th,Shelton High School,98,89
6499,Joel Decker,M,9th,Shelton High School,85,87
6500,Tabitha Proctor,F,12th,Shelton High School,90,96
6501,Todd Johnson,M,12th,Shelton High School,70,91
6502,Sara Flores,F,11th,Shelton High School,81,87
6503,Christina Jackson,F,10th,Shelton High School,92,70
6504,Kevin Stokes,M,10th,Shelton High School,82,90
6505,Kara Johnson,F,10th,Shelton High School,76,75
6506,Rebecca Houston,F,9th,Shelton High School,76,81
6507,Frank Alvarez,M,9th,Shelton High School,83,81
6508,David Price,M,11th,Shelton High School,73,93
6509,Savannah Jenkins,F,10th,Shelton High School,77,93
6510,Zachary Harris,M,9th,Shelton High School,94,68
6511,Ryan Adams,M,11th,Shelton High School,90,81
6512,Austin Johnson II,M,10th,Shelton High School,87,95
6513,Amanda Fisher,F,10th,Shelton High School,70,91
6514,Stephanie Smith,F,9th,Shelton High School,93,79
6515,Samuel Robertson ,M,9th,Shelton High School,78,69
6516,Geoffrey Hernandez,M,11th,Shelton High School,69,85
6517,Christopher Orozco,M,11th,Shelton High School,78,72
6518,Crystal Baker,F,11th,Shelton High School,86,83
6519,Jessica Alexander,F,9th,Shelton High School,82,77
6520,Charles Jackson,M,12th,Shelton High School,89,83
6521,Kevin Moore,M,10th,Shelton High School,78,69
6522,Ethan Fischer,M,9th,Shelton High School,77,98
6523,Rachel Murray,F,10th,Shelton High School,95,96
6524,Danielle Davis,F,9th,Shelton High School,84,68
6525,Lindsey Lang,F,12th,Shelton High School,69,72
6526,Jaime Eaton,F,11th,Shelton High School,89,73
6527,Elizabeth Weeks,F,9th,Shelton High School,71,90
6528,Amber Scott,F,10th,Shelton High School,78,82
6529,Brittany Hopkins,F,9th,Shelton High School,84,79
6530,Kari Kelly,F,11th,Shelton High School,93,89
6531,Monica Lopez,F,12th,Shelton High School,75,95
6532,Lisa Silva,F,11th,Shelton High School,72,83
6533,Curtis Frazier,M,12th,Shelton High School,70,82
6534,Nicole Williams,F,10th,Shelton High School,74,81
6535,Laurie Tran,F,11th,Shelton High School,91,80
6536,Michael Ward,M,10th,Shelton High School,82,75
6537,Steven Lewis,M,9th,Shelton High School,88,99
6538,Robert Johnson,M,11th,Shelton High School,70,84
6539,Lauren Lopez,F,10th,Shelton High School,94,70
6540,Noah Brock,M,12th,Shelton High School,92,75
6541,Shawn Brooks,M,12th,Shelton High School,83,82
6542,Sharon Maldonado,F,12th,Shelton High School,86,81
6543,Stephanie Brown,F,11th,Shelton High School,85,74
6544,Steven Medina,M,11th,Shelton High School,90,83
6545,Mary Miller,F,12th,Shelton High School,87,91
6546,Brian Tyler,M,9th,Shelton High School,77,92
6547,Justin Leon,M,9th,Shelton High School,97,91
6548,Michael Larsen,M,9th,Shelton High School,89,74
6549,Mariah Russo,F,11th,Shelton High School,90,71
6550,Matthew Madden,M,10th,Shelton High School,83,91
6551,Allison Ward,F,12th,Shelton High School,78,75
6552,Crystal Hester,F,10th,Shelton High School,74,81
6553,Michael Jones,M,12th,Shelton High School,97,91
6554,Jamie Kim,F,10th,Shelton High School,82,98
6555,Amanda Armstrong,F,10th,Shelton High School,70,68
6556,James Whitaker,M,12th,Shelton High School,89,92
6557,Lisa Davis,F,9th,Shelton High School,85,91
6558,Amber Clark,F,9th,Shelton High School,82,95
6559,Lisa Morris,F,10th,Shelton High School,98,70
6560,Erin Oliver,F,12th,Shelton High School,93,89
6561,Alexandria Bryan,F,12th,Shelton High School,69,84
6562,Keith Anderson,M,11th,Shelton High School,74,87
6563,Isaac Hanna,M,11th,Shelton High School,89,95
6564,Brittany Cabrera,F,10th,Shelton High School,86,87
6565,Heather Floyd,F,9th,Shelton High School,89,91
6566,Brandon Dyer,M,12th,Shelton High School,88,93
6567,Holly Dixon,F,10th,Shelton High School,76,72
6568,Dylan Davis,M,9th,Shelton High School,99,80
6569,Joseph Harrison,M,11th,Shelton High School,77,89
6570,Sabrina Bullock,F,11th,Shelton High School,79,87
6571,Sarah Phillips,F,10th,Shelton High School,72,76
6572,Amanda Bell,F,10th,Shelton High School,92,94
6573,Eric Wallace,M,9th,Shelton High School,98,74
6574,Patricia Abbott,F,10th,Shelton High School,77,79
6575,Antonio Martin,M,12th,Shelton High School,88,76
6576,Diana Waters,F,11th,Shelton High School,91,85
6577,Alexis Stephens,F,9th,Shelton High School,90,90
6578,Christina Soto,F,12th,Shelton High School,77,91
6579,Patrick Green,M,9th,Shelton High School,77,91
6580,Stephen Nelson,M,12th,Shelton High School,81,80
6581,Benjamin Vargas ,M,10th,Shelton High School,69,95
6582,Lisa Summers,F,9th,Shelton High School,95,99
6583,Christopher Stuart,M,11th,Shelton High School,92,79
6584,Mary Warren,F,9th,Shelton High School,80,76
6585,James Patterson,M,12th,Shelton High School,87,69
6586,Jesse Dunlap,M,10th,Shelton High School,74,90
6587,Charles Campbell,M,12th,Shelton High School,97,85
6588,Sarah Hoover,F,10th,Shelton High School,81,98
6589,Mrs. Wendy Thomas,F,10th,Shelton High School,81,72
6590,Anthony Gibbs,M,10th,Shelton High School,86,85
6591,Preston Lewis,M,9th,Shelton High School,87,95
6592,Shelia Goodwin,F,10th,Shelton High School,72,84
6593,Pam Davis,F,9th,Shelton High School,77,73
6594,Sherry Jones,F,9th,Shelton High School,85,73
6595,Joseph Jones,M,9th,Shelton High School,73,85
6596,Elizabeth Alvarado,F,10th,Shelton High School,99,91
6597,James Thompson,M,11th,Shelton High School,85,92
6598,Janice Gonzales,F,12th,Shelton High School,74,98
6599,Peter Steele,M,12th,Shelton High School,70,78
6600,William Brady,M,10th,Shelton High School,72,74
6601,Jennifer Mendoza,F,12th,Shelton High School,88,80
6602,Jessica Dixon,F,10th,Shelton High School,82,91
6603,Megan Hayes,F,11th,Shelton High School,90,89
6604,Elizabeth Davis,F,9th,Shelton High School,88,77
6605,Bryan Conway Jr.,M,11th,Shelton High School,82,78
6606,Jose Olson,M,11th,Shelton High School,96,84
6607,Shawn Smith,M,10th,Shelton High School,88,95
6608,Robert Williams,M,10th,Shelton High School,87,87
6609,Alexis Garcia,F,10th,Shelton High School,83,96
6610,Scott Dickerson,M,11th,Shelton High School,72,81
6611,Charles Williams,M,11th,Shelton High School,98,69
6612,Brittany Hatfield ,F,9th,Shelton High School,80,97
6613,Aaron Dalton,M,10th,Shelton High School,81,72
6614,Diane Johnson,F,10th,Shelton High School,77,73
6615,Joshua Harper,M,10th,Shelton High School,80,91
6616,Jeffrey Krause,M,11th,Shelton High School,82,85
6617,Patrick Hill,M,10th,Shelton High School,88,98
6618,Courtney Brown,F,11th,Shelton High School,69,86
6619,Brian Johnson,M,10th,Shelton High School,98,92
6620,Cheryl Mendez,F,11th,Shelton High School,92,74
6621,Brooke Duran,F,9th,Shelton High School,97,68
6622,Nathan Rogers,M,12th,Shelton High School,69,70
6623,Mrs. Casey Hayes,F,12th,Shelton High School,92,87
6624,Kimberly Mcfarland,F,11th,Shelton High School,99,83
6625,Justin Norton,M,9th,Shelton High School,77,74
6626,Thomas Bailey,M,9th,Shelton High School,89,69
6627,Scott Gray,M,9th,Shelton High School,76,92
6628,Thomas James,M,10th,Shelton High School,94,84
6629,Angela Lindsey,F,9th,Shelton High School,72,99
6630,Robert Patel,M,11th,Shelton High School,87,92
6631,Karen Sawyer,F,9th,Shelton High School,81,89
6632,Christopher Melendez,M,9th,Shelton High School,87,72
6633,Tiffany White,F,12th,Shelton High School,88,78
6634,Robert Owen,M,11th,Shelton High School,69,70
6635,Tiffany Holt,F,10th,Shelton High School,83,91
6636,Christina Johnson,F,10th,Shelton High School,85,79
6637,Heather Hatfield,F,10th,Shelton High School,87,73
6638,Michael Parrish,M,11th,Shelton High School,96,74
6639,Robert Fitzgerald,M,12th,Shelton High School,83,70
6640,Brett Ruiz,M,10th,Shelton High School,70,84
6641,Tracie Martinez,F,12th,Shelton High School,78,89
6642,Jason Lee,M,11th,Shelton High School,74,94
6643,Michael Martin,M,11th,Shelton High School,95,91
6644,Tyler Suarez,M,9th,Shelton High School,93,86
6645,Jeremiah Simpson,M,10th,Shelton High School,84,81
6646,Charles Simpson,M,11th,Shelton High School,76,99
6647,Joseph Bryan,M,12th,Shelton High School,73,94
6648,Jared Harris,M,10th,Shelton High School,91,81
6649,Mason Young,M,11th,Shelton High School,97,79
6650,Zachary Frye,M,9th,Shelton High School,81,99
6651,Rebecca Watkins,F,10th,Shelton High School,94,79
6652,Anna Phillips,F,11th,Shelton High School,95,87
6653,Donald Thornton,M,10th,Shelton High School,82,97
6654,Andrew Robinson,M,9th,Shelton High School,93,82
6655,Wendy Phillips,F,11th,Shelton High School,76,82
6656,Erin Ballard,F,9th,Shelton High School,85,86
6657,Gregory Harding,M,9th,Shelton High School,87,89
6658,Ashley Savage,F,10th,Shelton High School,98,95
6659,David Jones,M,12th,Shelton High School,89,84
6660,Alexis Ramos,M,9th,Shelton High School,92,71
6661,Dylan Smith,M,10th,Shelton High School,89,91
6662,Jose Prince,M,9th,Shelton High School,94,88
6663,Trevor Blackburn,M,10th,Shelton High School,77,80
6664,Erin Ellison,F,12th,Shelton High School,75,70
6665,Elijah Doyle,M,11th,Shelton High School,82,71
6666,Donald Morales,M,12th,Shelton High School,69,72
6667,Diana Calderon,F,12th,Shelton High School,69,81
6668,Cody Russell,M,12th,Shelton High School,76,82
6669,Alison Wright,F,9th,Shelton High School,92,92
6670,Tiffany Walker,F,12th,Shelton High School,83,94
6671,Michelle Melton,F,9th,Shelton High School,88,95
6672,Nancy Chase,F,10th,Shelton High School,78,94
6673,Roger Riley,M,10th,Shelton High School,70,77
6674,Susan Payne,F,12th,Shelton High School,86,75
6675,David Reed,M,9th,Shelton High School,98,97
6676,Caleb Herring,M,11th,Shelton High School,98,79
6677,Valerie Pena,F,10th,Shelton High School,81,70
6678,Valerie Daniels,F,9th,Shelton High School,86,80
6679,Dawn Long,F,12th,Shelton High School,86,82
6680,Brandy Russell,F,10th,Shelton High School,74,80
6681,Paul Silva,M,12th,Shelton High School,95,96
6682,Mark Collins,M,9th,Shelton High School,86,90
6683,Cassandra Hall,F,9th,Shelton High School,90,72
6684,Mark Wilson,M,10th,Shelton High School,91,85
6685,Derek Lamb,M,12th,Shelton High School,88,71
6686,Laura Patterson,F,11th,Shelton High School,92,85
6687,Jessica Koch,F,10th,Shelton High School,95,86
6688,Elizabeth Smith,F,11th,Shelton High School,93,83
6689,Nicholas Sullivan,M,9th,Shelton High School,75,76
6690,Shawn Burns,M,12th,Shelton High School,82,78
6691,Tiffany Stark,F,9th,Shelton High School,80,70
6692,Jennifer White,F,12th,Shelton High School,81,78
6693,Christopher Martin,M,12th,Shelton High School,88,89
6694,Paul Stone,M,9th,Shelton High School,87,80
6695,Corey Christensen,M,9th,Shelton High School,70,86
6696,Grant Shaw,M,12th,Shelton High School,95,96
6697,Terry Schmidt,M,11th,Shelton High School,93,89
6698,Mark Grimes,M,11th,Shelton High School,90,75
6699,Mary Gonzalez,F,10th,Shelton High School,81,91
6700,Robert Parker,M,12th,Shelton High School,86,78
6701,Nicholas Mayer,M,11th,Shelton High School,74,83
6702,Brent Johnson,M,10th,Shelton High School,95,83
6703,Colin Williams,M,10th,Shelton High School,91,73
6704,Brittany Rodriguez,F,9th,Shelton High School,76,85
6705,Carrie Valdez,F,12th,Shelton High School,92,89
6706,Wendy Estrada,F,10th,Shelton High School,82,81
6707,Timothy Preston,M,10th,Shelton High School,69,71
6708,Johnny Byrd ,M,9th,Shelton High School,81,98
6709,Jessica Graham,F,12th,Shelton High School,71,69
6710,Charles Olson,M,12th,Shelton High School,77,81
6711,Matthew Nguyen,M,11th,Shelton High School,80,86
6712,Wesley Page,M,9th,Shelton High School,80,84
6713,Lucas Mcbride,M,11th,Shelton High School,72,76
6714,Cristina Smith,F,9th,Shelton High School,70,82
6715,Kenneth Murphy,M,9th,Shelton High School,76,71
6716,Alicia Gray,F,10th,Shelton High School,69,84
6717,Theresa Smith,F,10th,Shelton High School,84,99
6718,Tyler Jordan,M,9th,Shelton High School,72,68
6719,Megan Nelson,F,12th,Shelton High School,86,99
6720,Sara Green,F,10th,Shelton High School,96,70
6721,Jeanette White,F,12th,Shelton High School,69,79
6722,Andrea Nguyen,F,12th,Shelton High School,84,79
6723,Nicole Burke ,F,10th,Shelton High School,90,85
6724,Joan Mitchell,F,9th,Shelton High School,80,85
6725,Valerie Chapman,F,11th,Shelton High School,77,83
6726,Melissa Whitney,F,10th,Shelton High School,74,96
6727,Brett Banks ,M,9th,Shelton High School,77,78
6728,Joshua Ross,M,9th,Shelton High School,99,75
6729,Kristi Petersen,F,12th,Shelton High School,89,78
6730,Nicole Johnston,F,11th,Shelton High School,94,94
6731,Anthony Rose,M,9th,Shelton High School,88,81
6732,Jason Taylor,M,9th,Shelton High School,83,78
6733,Nathan Mullen,M,10th,Shelton High School,98,75
6734,Kristen Taylor,F,9th,Shelton High School,71,70
6735,Stacy Griffin,F,10th,Shelton High School,75,70
6736,Cassidy Collins,F,11th,Shelton High School,76,99
6737,Katie Mann,F,10th,Shelton High School,87,71
6738,Kari Lee,F,12th,Shelton High School,98,93
6739,Gary Meyer,M,12th,Shelton High School,69,91
6740,Mary Williams,F,10th,Shelton High School,92,77
6741,Melinda Lynch,F,12th,Shelton High School,79,77
6742,James Mills,M,10th,Shelton High School,74,77
6743,Martha Warner,F,9th,Shelton High School,80,84
6744,Emily Norton,F,10th,Shelton High School,70,86
6745,Alice Greene,F,10th,Shelton High School,99,76
6746,Christopher Moore,M,11th,Shelton High School,74,72
6747,Kevin Brown,M,11th,Shelton High School,80,72
6748,Joanna Brown,F,9th,Shelton High School,95,72
6749,Ashley Baker,F,12th,Shelton High School,92,85
6750,Richard Schneider,M,9th,Shelton High School,78,73
6751,Travis Santos,M,10th,Shelton High School,98,74
6752,Alan Jackson,M,12th,Shelton High School,91,93
6753,Michael Castaneda,M,9th,Shelton High School,72,94
6754,Mrs. Lori Johnson,F,9th,Shelton High School,85,93
6755,Pamela Keith,F,10th,Shelton High School,93,77
6756,Robert West,M,9th,Shelton High School,76,84
6757,Julia Johnson,F,11th,Shelton High School,78,84
6758,Barbara Jones,F,11th,Shelton High School,94,89
6759,John Yang,M,11th,Shelton High School,92,77
6760,Kimberly Reyes,F,10th,Shelton High School,93,98
6761,Kenneth Bryant,M,9th,Shelton High School,98,90
6762,Zachary Williams,M,11th,Shelton High School,97,77
6763,Keith Howard,M,9th,Shelton High School,98,91
6764,James Rosales,M,9th,Shelton High School,78,95
6765,Candice Jordan,F,9th,Shelton High School,87,78
6766,Michelle Howell,F,11th,Shelton High School,77,91
6767,John Smith,M,9th,Shelton High School,95,73
6768,Patrick Taylor,M,11th,Shelton High School,72,82
6769,Paul Sheppard,M,12th,Shelton High School,74,99
6770,William Marshall,M,10th,Shelton High School,69,69
6771,Kelly Parsons,F,9th,Shelton High School,81,68
6772,Anthony Schultz,M,12th,Shelton High School,82,79
6773,Nathan Reeves,M,12th,Shelton High School,98,98
6774,Jeffery Thompson,M,12th,Shelton High School,80,80
6775,Margaret Mercado,F,9th,Shelton High School,76,88
6776,Taylor Baker,F,12th,Shelton High School,71,88
6777,Rachel Anderson,F,11th,Shelton High School,79,79
6778,Jeffrey Smith,M,11th,Shelton High School,92,89
6779,Todd Dean,M,10th,Shelton High School,69,96
6780,Mindy Sims,F,10th,Shelton High School,80,70
6781,Benjamin Alvarado,M,9th,Shelton High School,74,68
6782,Dominique Estrada,F,10th,Shelton High School,86,76
6783,Samuel Davis,M,12th,Shelton High School,83,74
6784,Cory Maddox,M,11th,Shelton High School,95,92
6785,Lisa Smith,F,11th,Shelton High School,70,76
6786,Kylie Gonzalez,F,9th,Shelton High School,96,90
6787,Calvin Scott,M,11th,Shelton High School,85,80
6788,Rebecca Whitehead,F,10th,Shelton High School,92,92
6789,Victoria Hicks,F,11th,Shelton High School,70,76
6790,Kimberly Tucker,F,9th,Shelton High School,70,86
6791,Jessica Soto,F,10th,Shelton High School,86,72
6792,Juan Rojas,M,9th,Shelton High School,85,71
6793,Vanessa Shaw,F,10th,Shelton High School,77,79
6794,Glenn Mcdonald,M,12th,Shelton High School,89,97
6795,Cody Smith,M,12th,Shelton High School,71,90
6796,Brian Munoz,M,10th,Shelton High School,95,81
6797,Katherine Stephens,F,12th,Shelton High School,89,93
6798,Abigail Moore,F,9th,Shelton High School,78,94
6799,William Mitchell,M,12th,Shelton High School,75,68
6800,Colton Cook,M,10th,Shelton High School,82,85
6801,Patricia Watson,F,11th,Shelton High School,94,90
6802,Zachary Greer,M,9th,Shelton High School,84,92
6803,Emily George,F,10th,Shelton High School,96,99
6804,Hector Estrada,M,11th,Shelton High School,79,78
6805,Michael Whitehead,M,9th,Shelton High School,78,88
6806,Alexander Hughes,M,11th,Shelton High School,99,72
6807,Lisa King,F,9th,Shelton High School,71,72
6808,Amanda Murphy,F,12th,Shelton High School,82,78
6809,William Roberts,M,10th,Shelton High School,81,80
6810,James Turner,M,12th,Shelton High School,95,87
6811,Matthew Hayes,M,9th,Shelton High School,82,87
6812,Michelle Mendez,F,12th,Shelton High School,80,76
6813,Melinda Benton,F,10th,Shelton High School,92,87
6814,Megan Perez,F,10th,Shelton High School,79,87
6815,Alex Bernard,M,12th,Shelton High School,95,88
6816,Tina Valencia,F,11th,Shelton High School,94,94
6817,Michael Shea ,M,12th,Shelton High School,76,81
6818,Maria Allen,F,10th,Shelton High School,71,82
6819,Connie Garcia,F,10th,Shelton High School,98,84
6820,Chad Hall,M,12th,Shelton High School,94,99
6821,Tiffany Foster,F,11th,Shelton High School,84,68
6822,Nathan Marshall,M,9th,Shelton High School,83,92
6823,Scott Roth,M,11th,Shelton High School,77,79
6824,Shelley Spears,F,11th,Shelton High School,81,72
6825,John Sullivan,M,11th,Shelton High School,76,88
6826,Brian Lam,M,10th,Shelton High School,92,76
6827,Jennifer Henderson,F,12th,Shelton High School,92,81
6828,Katherine Jordan,F,11th,Shelton High School,74,80
6829,Alejandra Dickson,F,9th,Shelton High School,73,75
6830,Maria Espinoza,F,11th,Shelton High School,99,69
6831,Misty Thomas,F,12th,Shelton High School,83,79
6832,Spencer Anderson,M,9th,Shelton High School,93,80
6833,Daniel Snyder,M,9th,Shelton High School,81,97
6834,Jesse Miller,M,10th,Shelton High School,98,69
6835,Jesse Thompson ,M,9th,Shelton High School,88,90
6836,Gloria Gardner,F,11th,Shelton High School,84,84
6837,Jessica Thomas,F,11th,Shelton High School,87,76
6838,Eugene Wright,M,9th,Shelton High School,81,95
6839,Rebekah Reed,F,10th,Shelton High School,77,75
6840,Kevin Contreras,M,9th,Shelton High School,80,84
6841,Michael Ward,M,11th,Shelton High School,72,78
6842,Mason Collins,M,10th,Shelton High School,82,85
6843,Taylor Klein,F,12th,Shelton High School,90,77
6844,Brenda Nolan,F,12th,Shelton High School,84,68
6845,Timothy Parks,M,11th,Shelton High School,93,81
6846,Thomas Long,M,11th,Shelton High School,75,75
6847,Christine Bates,F,10th,Shelton High School,85,84
6848,Seth Johnson,M,11th,Shelton High School,92,94
6849,Timothy Mccall,M,9th,Shelton High School,93,98
6850,Brooke Simpson ,F,9th,Shelton High School,80,72
6851,Ashley Fuller,F,11th,Shelton High School,74,89
6852,Rebecca Garner,F,9th,Shelton High School,82,92
6853,Martha Smith,F,12th,Shelton High School,75,90
6854,Terry Richardson,M,9th,Shelton High School,94,76
6855,Vanessa Le,F,10th,Shelton High School,81,89
6856,Jessica Hansen,F,12th,Shelton High School,96,94
6857,James Brennan,M,12th,Shelton High School,79,98
6858,Erin Hall,F,11th,Shelton High School,70,78
6859,Kayla Hinton,F,12th,Shelton High School,75,76
6860,Michaela Knox,F,9th,Shelton High School,91,81
6861,Annette Herrera,F,10th,Shelton High School,77,82
6862,Bryan Glenn,M,11th,Shelton High School,93,79
6863,Michael Davis,M,9th,Shelton High School,95,85
6864,Cory Saunders,M,9th,Shelton High School,93,98
6865,Angela Guzman,F,10th,Shelton High School,81,79
6866,Vanessa Palmer,F,11th,Shelton High School,76,96
6867,Patricia Montoya,F,11th,Shelton High School,70,70
6868,Mercedes Gilbert,F,9th,Shelton High School,83,87
6869,Kristina Estrada,F,9th,Shelton High School,75,78
6870,Jeffrey Kemp,M,12th,Shelton High School,90,85
6871,Miguel Lamb,M,12th,Shelton High School,83,87
6872,Mark Foster,M,12th,Shelton High School,77,77
6873,Shannon Velazquez,F,9th,Shelton High School,80,68
6874,Paul Cox,M,9th,Shelton High School,82,90
6875,Timothy Bauer,M,11th,Shelton High School,94,98
6876,Kimberly Collins,F,12th,Shelton High School,72,78
6877,Kevin Fitzgerald,M,9th,Shelton High School,98,80
6878,Randy Krause,M,11th,Shelton High School,83,90
6879,Rachel Vasquez,F,9th,Shelton High School,80,93
6880,Jason Taylor,M,10th,Shelton High School,69,92
6881,Stacey Oliver,F,11th,Shelton High School,82,82
6882,David Jones,M,9th,Shelton High School,97,80
6883,Adrian Griffin,M,10th,Shelton High School,93,94
6884,Donna Mitchell,F,10th,Shelton High School,82,98
6885,Eric Pena,M,12th,Shelton High School,74,90
6886,Betty Hernandez,F,10th,Shelton High School,70,83
6887,Alexis Jackson,F,12th,Shelton High School,92,78
6888,Katherine Hart,F,9th,Shelton High School,74,94
6889,Aaron Duncan,M,9th,Shelton High School,75,81
6890,Travis Woods,M,10th,Shelton High School,90,77
6891,Diana Newman,F,9th,Shelton High School,95,99
6892,Bradley Smith,M,11th,Shelton High School,96,77
6893,Tamara Valdez,F,9th,Shelton High School,69,90
6894,Dana Cortez,F,10th,Shelton High School,97,92
6895,Deborah West,F,12th,Shelton High School,73,69
6896,Diana Boone,F,12th,Shelton High School,90,69
6897,Pamela Dougherty,F,9th,Shelton High School,99,87
6898,Debra Rivas,F,9th,Shelton High School,80,93
6899,Mindy Monroe,F,11th,Shelton High School,87,78
6900,Monica Bailey,F,10th,Shelton High School,79,84
6901,Earl Sims,M,10th,Shelton High School,74,96
6902,Richard Kirk,M,12th,Shelton High School,86,96
6903,Keith Flowers,M,12th,Shelton High School,73,91
6904,Ronald Henderson,M,11th,Shelton High School,91,86
6905,Michael Anderson,M,9th,Shelton High School,99,87
6906,Brent Hicks,M,10th,Shelton High School,71,77
6907,James Ali,M,9th,Shelton High School,75,96
6908,Allison Young,F,10th,Shelton High School,81,95
6909,Scott Lin,M,12th,Shelton High School,79,74
6910,Michael Wood,M,11th,Shelton High School,98,88
6911,Christopher Pacheco,M,9th,Shelton High School,99,70
6912,Eric Moyer,M,12th,Shelton High School,75,93
6913,Susan Ibarra,F,11th,Shelton High School,91,91
6914,Henry Olson,M,12th,Shelton High School,86,69
6915,Terry Hansen,M,9th,Shelton High School,72,93
6916,Bonnie Burke,F,12th,Shelton High School,84,83
6917,Elizabeth Holloway,F,11th,Shelton High School,78,95
6918,Tracy Byrd,M,9th,Shelton High School,70,95
6919,Thomas White,M,10th,Shelton High School,86,97
6920,Margaret Gomez,F,9th,Shelton High School,83,94
6921,Leslie Jones,F,9th,Shelton High School,97,69
6922,Andrea Murphy,F,11th,Shelton High School,78,81
6923,Allison Mckinney,F,9th,Shelton High School,83,82
6924,Lisa Ali,F,11th,Shelton High School,73,85
6925,Kathleen Molina,F,11th,Shelton High School,95,85
6926,Todd Trevino,M,11th,Shelton High School,91,85
6927,Jessica Scott ,F,12th,Shelton High School,99,73
6928,Frank Braun,M,10th,Shelton High School,80,83
6929,Meghan Armstrong,F,10th,Shelton High School,77,85
6930,Eric Goodwin,M,11th,Shelton High School,93,86
6931,Nicole Snyder,F,11th,Shelton High School,85,69
6932,Jennifer Cohen,F,12th,Shelton High School,90,84
6933,Bruce Boyer,M,9th,Shelton High School,69,87
6934,Jennifer Vazquez,F,11th,Shelton High School,92,85
6935,John Gilmore,M,10th,Shelton High School,96,72
6936,Pamela Robinson,F,12th,Shelton High School,91,84
6937,Jared Reid,M,11th,Shelton High School,91,72
6938,Renee Richards,F,11th,Shelton High School,90,68
6939,Michael White,M,10th,Shelton High School,74,99
6940,Mark Holmes,M,10th,Shelton High School,80,89
6941,Elizabeth Dominguez,F,9th,Shelton High School,99,95
6942,Joshua Harris,M,12th,Shelton High School,90,92
6943,Ashley Summers,F,10th,Shelton High School,95,70
6944,Jennifer Kelly,F,9th,Shelton High School,70,81
6945,Regina Ramirez,F,9th,Shelton High School,90,70
6946,Stephen Bowman,M,11th,Shelton High School,87,70
6947,Sylvia Nguyen,F,12th,Shelton High School,76,74
6948,David Lee,M,12th,Shelton High School,75,87
6949,Thomas Boone,M,12th,Shelton High School,78,92
6950,Kenneth Jensen,M,10th,Shelton High School,92,76
6951,Jeffrey Merritt,M,12th,Shelton High School,94,80
6952,Sandra Woodward,F,11th,Shelton High School,79,99
6953,Rita Dunlap,F,9th,Shelton High School,97,71
6954,Elizabeth Henderson,F,11th,Shelton High School,87,77
6955,Benjamin Hernandez,M,9th,Shelton High School,82,87
6956,Christopher Wright,M,12th,Shelton High School,78,97
6957,John Johnson,M,12th,Shelton High School,89,95
6958,Marc Wilson,M,9th,Shelton High School,71,72
6959,Nancy Castillo,F,11th,Shelton High School,82,72
6960,Jeffrey Walsh,M,11th,Shelton High School,96,97
6961,Lee Mooney,M,11th,Shelton High School,90,89
6962,Jennifer Crosby,F,10th,Shelton High School,80,74
6963,Allison Hawkins,F,10th,Shelton High School,73,95
6964,Adam Hunt,M,12th,Shelton High School,79,83
6965,Michael Burton,M,9th,Shelton High School,82,86
6966,Amanda Kim,F,9th,Shelton High School,81,71
6967,Kurt Lucas,M,10th,Shelton High School,94,89
6968,Jose Jackson,M,9th,Shelton High School,98,83
6969,Amanda Randall,F,10th,Shelton High School,79,71
6970,Joseph Robinson,M,10th,Shelton High School,86,92
6971,James Jenkins,M,10th,Shelton High School,99,87
6972,Hannah Peterson,F,9th,Shelton High School,70,95
6973,Teresa Phillips,F,9th,Shelton High School,89,95
6974,Matthew Gregory,M,9th,Shelton High School,70,71
6975,David Stevenson,M,12th,Shelton High School,93,88
6976,Trevor Clark,M,9th,Shelton High School,89,89
6977,Christian Young,M,9th,Shelton High School,73,77
6978,Jonathan Cole,M,11th,Shelton High School,70,98
6979,Andrew Wright,M,10th,Shelton High School,72,85
6980,Gary Morse,M,11th,Shelton High School,81,90
6981,Dale Jordan,M,9th,Shelton High School,84,96
6982,Amber King,F,9th,Shelton High School,92,95
6983,Brenda Smith,F,10th,Shelton High School,76,78
6984,Sarah Vasquez,F,10th,Shelton High School,95,86
6985,Patricia Moran,F,9th,Shelton High School,99,69
6986,Nicholas Garner,M,12th,Shelton High School,91,74
6987,Lauren Ward,F,11th,Shelton High School,74,84
6988,Megan Medina,F,12th,Shelton High School,96,87
6989,Anthony Strong,M,10th,Shelton High School,83,89
6990,Alexander Ramsey,M,9th,Shelton High School,74,80
6991,Kelly Andrews,F,10th,Shelton High School,96,85
6992,Felicia Barry,F,10th,Shelton High School,89,85
6993,Gregory Garcia,M,12th,Shelton High School,90,74
6994,Leslie Smith,F,11th,Shelton High School,90,72
6995,Maria Miller,F,9th,Shelton High School,93,90
6996,Thomas Lowe,M,10th,Shelton High School,87,99
6997,Peter Cook,M,11th,Shelton High School,77,72
6998,Bridget Adams,F,9th,Shelton High School,99,81
6999,Victoria Maxwell,F,9th,Shelton High School,84,81
7000,Erica Bridges,F,10th,Shelton High School,80,73
7001,Mrs. Laurie Brown,F,11th,Shelton High School,90,89
7002,Donna Kennedy,F,11th,Shelton High School,94,75
7003,Sandra Nichols,F,11th,Shelton High School,87,93
7004,Emily Oneal,F,10th,Shelton High School,73,92
7005,Mark Yoder,M,10th,Shelton High School,96,95
7006,Katherine Robinson,F,12th,Shelton High School,72,78
7007,Mark Hahn,M,10th,Shelton High School,87,72
7008,Alexander Caldwell,M,12th,Shelton High School,74,95
7009,Jasmine Gutierrez,F,9th,Shelton High School,69,82
7010,Gwendolyn Johnson,F,12th,Shelton High School,79,85
7011,Nicholas Lee,M,9th,Shelton High School,98,81
7012,Regina Dixon,F,12th,Shelton High School,76,88
7013,Richard Davis,M,11th,Shelton High School,92,88
7014,Crystal Proctor,F,11th,Shelton High School,80,68
7015,Cathy Sharp,F,9th,Shelton High School,82,69
7016,Oscar Carlson,M,9th,Shelton High School,86,88
7017,Isaac Sanchez,M,12th,Shelton High School,76,96
7018,Thomas Brown,M,10th,Shelton High School,81,83
7019,Timothy Stewart,M,10th,Shelton High School,73,74
7020,Kevin Burton,M,11th,Shelton High School,86,71
7021,Matthew King,M,9th,Shelton High School,82,84
7022,Ryan Rogers,M,11th,Shelton High School,96,94
7023,Shelia Patrick,F,11th,Shelton High School,86,76
7024,Andrew Peck,M,11th,Shelton High School,72,99
7025,Brenda Hawkins,F,9th,Shelton High School,84,96
7026,Steven Turner,M,9th,Shelton High School,72,71
7027,Daisy Hernandez,F,11th,Shelton High School,93,92
7028,Juan Hawkins,M,11th,Shelton High School,91,93
7029,Sheila Farmer,F,10th,Shelton High School,85,69
7030,Cindy Logan,F,12th,Shelton High School,84,81
7031,Michele Byrd,F,12th,Shelton High School,94,91
7032,Katie Pearson,F,9th,Shelton High School,79,95
7033,Jordan Nunez,F,9th,Shelton High School,84,78
7034,Morgan Doyle,F,12th,Shelton High School,94,78
7035,Steven Fuller,M,9th,Shelton High School,85,87
7036,Tyler Burnett,M,11th,Shelton High School,91,81
7037,Stacey Carter,F,10th,Shelton High School,69,73
7038,Lisa Ramirez,F,9th,Shelton High School,88,83
7039,Kathy Gordon,F,12th,Shelton High School,98,79
7040,Martha Riley,F,10th,Shelton High School,81,85
7041,Lindsey Sanchez,F,10th,Shelton High School,77,97
7042,Jose Holden,M,11th,Shelton High School,92,75
7043,Kevin Gray,M,11th,Shelton High School,81,81
7044,Maria Alvarez,F,11th,Shelton High School,73,97
7045,Nicholas Jones ,M,12th,Shelton High School,75,69
7046,Joshua Hancock,M,11th,Shelton High School,85,77
7047,Lauren Smith,F,10th,Shelton High School,90,94
7048,Corey Conley,M,9th,Shelton High School,71,95
7049,Heather Rollins,F,9th,Shelton High School,99,98
7050,Chad Baker,M,10th,Shelton High School,81,79
7051,Amy Miller,F,9th,Shelton High School,69,79
7052,Billy Sharp,M,11th,Shelton High School,84,73
7053,Phillip Ray,M,9th,Shelton High School,83,78
7054,Dawn Mullen,F,12th,Shelton High School,69,83
7055,Michael Hall,M,12th,Shelton High School,73,96
7056,John Perkins,M,9th,Shelton High School,84,69
7057,John Harper,M,12th,Shelton High School,95,98
7058,Diane Anderson,F,10th,Shelton High School,81,74
7059,Sonya Miller,F,9th,Shelton High School,93,70
7060,Rita Torres,F,9th,Shelton High School,89,95
7061,Elizabeth Tran,F,11th,Shelton High School,76,91
7062,Leslie Espinoza,F,10th,Shelton High School,99,78
7063,James Robertson,M,10th,Shelton High School,96,76
7064,Catherine Phillips,F,10th,Shelton High School,75,69
7065,Jennifer Phillips,F,9th,Shelton High School,91,81
7066,Jack Flores,M,11th,Shelton High School,70,70
7067,Krista Roman,F,10th,Shelton High School,70,91
7068,Mark Moore,M,12th,Shelton High School,89,80
7069,Christian Williamson,M,10th,Shelton High School,90,98
7070,Gregory Becker,M,10th,Shelton High School,80,90
7071,Felicia Castro,F,9th,Shelton High School,86,70
7072,Yolanda Hodge,F,10th,Shelton High School,73,71
7073,Lisa Wallace,F,11th,Shelton High School,87,91
7074,Bryan Haynes,M,9th,Shelton High School,96,76
7075,Charles Bryant,M,9th,Shelton High School,78,82
7076,Steven Torres,M,10th,Shelton High School,94,99
7077,Ronald Moore II,M,10th,Shelton High School,92,88
7078,Brooke Hobbs,F,12th,Shelton High School,76,97
7079,Matthew Coleman,M,9th,Shelton High School,71,82
7080,Gloria Stewart,F,9th,Shelton High School,75,78
7081,Jonathon Patrick,M,9th,Shelton High School,83,90
7082,Stephanie Beck,F,11th,Shelton High School,81,90
7083,Leslie Clark,F,9th,Shelton High School,77,76
7084,Elizabeth Miles,F,10th,Shelton High School,99,92
7085,Brian Dean,M,12th,Shelton High School,69,78
7086,Dennis Wright,M,11th,Shelton High School,74,90
7087,Roger Porter,M,9th,Shelton High School,88,86
7088,Gregory Koch,M,10th,Shelton High School,79,69
7089,Patricia Williams,F,11th,Shelton High School,70,90
7090,Craig Kim,M,10th,Shelton High School,71,87
7091,Rebecca Mathews,F,11th,Shelton High School,99,89
7092,Rachel Chang,F,10th,Shelton High School,69,82
7093,Amber Stephenson,F,10th,Shelton High School,93,92
7094,Nicholas Gallegos,M,9th,Shelton High School,81,79
7095,Barbara Reeves,F,11th,Shelton High School,87,92
7096,Rachel Payne,F,11th,Shelton High School,93,84
7097,Julia Davenport,F,12th,Shelton High School,82,74
7098,Cody Novak,M,11th,Shelton High School,94,81
7099,Sheila Griffin,F,10th,Shelton High School,98,78
7100,Crystal Haynes,F,9th,Shelton High School,96,82
7101,Alicia Stewart,F,9th,Shelton High School,72,88
7102,Matthew Chase,M,11th,Shelton High School,77,87
7103,Jamie Carrillo,F,10th,Shelton High School,79,76
7104,Melinda Thompson,F,9th,Shelton High School,90,70
7105,Tamara Butler,F,9th,Shelton High School,75,89
7106,Lisa Brown,F,9th,Shelton High School,69,71
7107,Matthew Martin,M,10th,Shelton High School,93,97
7108,Dana Cook,F,10th,Shelton High School,88,96
7109,Thomas Boyd,M,9th,Shelton High School,86,76
7110,Lance Kelley,M,11th,Shelton High School,77,74
7111,Lauren Allen,F,9th,Shelton High School,69,80
7112,Douglas Wright,M,12th,Shelton High School,72,83
7113,Andrew Kemp,M,11th,Shelton High School,84,84
7114,Christopher Vargas,M,11th,Shelton High School,76,84
7115,Justin Ward,M,11th,Shelton High School,76,95
7116,Marie Oneill,F,9th,Shelton High School,78,70
7117,Carol Robinson,F,10th,Shelton High School,99,99
7118,Hunter Tucker,M,9th,Shelton High School,95,75
7119,Jason Peterson,M,11th,Shelton High School,72,96
7120,Michelle Brown,F,10th,Shelton High School,86,71
7121,William Mendoza,M,9th,Shelton High School,85,91
7122,Jerome Hansen,M,11th,Shelton High School,93,75
7123,Mitchell Elliott,M,12th,Shelton High School,77,68
7124,Jennifer Martinez,F,12th,Shelton High School,94,94
7125,Briana White,F,9th,Shelton High School,97,87
7126,Kyle Rodriguez,M,9th,Shelton High School,86,86
7127,Dale Howe,M,10th,Shelton High School,73,86
7128,Scott Durham,M,9th,Shelton High School,95,91
7129,Tara Berger,F,9th,Shelton High School,82,96
7130,Diana Mccormick,F,11th,Shelton High School,70,92
7131,Scott Lopez,M,10th,Shelton High School,77,89
7132,Kristen Clark,F,11th,Shelton High School,91,68
7133,Roberto Garcia,M,12th,Shelton High School,92,72
7134,Zoe Mayer,F,11th,Shelton High School,97,82
7135,Kimberly Knight,F,12th,Shelton High School,71,84
7136,Gina Robertson,F,9th,Shelton High School,87,93
7137,Dustin Rojas,M,11th,Shelton High School,94,83
7138,Karen Peters,F,11th,Shelton High School,98,74
7139,Roger Graham,M,11th,Shelton High School,73,73
7140,Steven Lewis,M,11th,Shelton High School,77,76
7141,Thomas Alexander,M,12th,Shelton High School,72,98
7142,Kathleen Carroll,F,9th,Shelton High School,77,95
7143,Alexander Gonzalez,M,9th,Shelton High School,86,69
7144,Alexander Garcia PhD,M,10th,Shelton High School,75,77
7145,Kathy Wolf,F,10th,Shelton High School,72,82
7146,Bradley Torres,M,9th,Shelton High School,85,88
7147,Peter Delacruz,M,9th,Shelton High School,71,74
7148,Stephanie Macdonald,F,10th,Shelton High School,76,98
7149,Bradley Rice,M,10th,Shelton High School,86,69
7150,Sonya Smith,F,10th,Shelton High School,74,86
7151,Matthew Miller,M,9th,Shelton High School,90,71
7152,Charles Brown,M,9th,Shelton High School,78,77
7153,Robert Hill,M,10th,Shelton High School,96,78
7154,Michael Sosa,M,9th,Shelton High School,77,78
7155,Bridget Hoffman,F,9th,Shelton High School,71,71
7156,Jeanne Malone,F,11th,Shelton High School,84,97
7157,Kathleen Juarez,F,10th,Shelton High School,75,84
7158,Robert Green,M,11th,Shelton High School,76,68
7159,Julie Lopez,F,12th,Shelton High School,71,93
7160,Tiffany Owens,F,10th,Shelton High School,89,91
7161,Ashley Wolf,F,9th,Shelton High School,70,87
7162,Patrick Alexander,M,11th,Shelton High School,96,69
7163,Linda Farley,F,9th,Shelton High School,90,97
7164,Andre Chavez,M,12th,Shelton High School,97,68
7165,Garrett White,M,10th,Shelton High School,86,84
7166,Donna Santana,F,10th,Shelton High School,86,75
7167,Terry Douglas,M,11th,Shelton High School,85,88
7168,Justin Smith,M,9th,Shelton High School,84,87
7169,Brett Campbell ,M,9th,Shelton High School,87,80
7170,Gregory Wood,M,11th,Shelton High School,89,97
7171,Wendy Douglas,F,9th,Shelton High School,87,84
7172,Mrs. Paige Hall,F,10th,Shelton High School,92,82
7173,Richard Burns,M,9th,Shelton High School,79,88
7174,Jack Garcia,M,10th,Shelton High School,69,75
7175,Hannah Ross,F,9th,Shelton High School,78,76
7176,Jacob Brooks,M,12th,Shelton High School,70,93
7177,Jasmine Hunter,F,12th,Shelton High School,90,98
7178,Maria Phillips,F,11th,Shelton High School,70,77
7179,John Bartlett,M,12th,Shelton High School,94,80
7180,Chelsea Frazier,F,9th,Shelton High School,73,97
7181,Lynn Douglas,F,10th,Shelton High School,96,90
7182,Christopher Cochran,M,11th,Shelton High School,92,97
7183,Joseph Rocha,M,9th,Shelton High School,73,79
7184,Eric Preston,M,11th,Shelton High School,69,97
7185,Scott Hall,M,9th,Shelton High School,91,94
7186,Belinda Mccoy,F,12th,Shelton High School,98,74
7187,Carmen Mcmillan,F,9th,Shelton High School,91,69
7188,Ryan Johnson,M,10th,Shelton High School,73,89
7189,Gina Washington,F,12th,Shelton High School,76,86
7190,Jasmine Parker,F,9th,Shelton High School,81,86
7191,Kimberly Davis,F,10th,Shelton High School,74,78
7192,Andrew Short,M,11th,Shelton High School,97,79
7193,Mathew Singh,M,11th,Shelton High School,93,82
7194,Danielle Smith ,F,10th,Shelton High School,99,86
7195,Larry Owen,M,9th,Shelton High School,91,83
7196,Jamie Chase,F,9th,Shelton High School,85,92
7197,Matthew Cook,M,9th,Shelton High School,98,69
7198,Mark Lyons,M,10th,Shelton High School,75,70
7199,Julia Jackson,F,10th,Shelton High School,80,69
7200,Peter Sullivan,M,9th,Shelton High School,95,70
7201,Luke Kelly,M,12th,Shelton High School,90,78
7202,Andrea Gregory,F,10th,Shelton High School,84,71
7203,Sean Hall,M,9th,Shelton High School,77,71
7204,Glen Richard,M,9th,Shelton High School,90,72
7205,John Powers,M,9th,Shelton High School,89,70
7206,Marcus Stewart,M,9th,Shelton High School,91,96
7207,Anthony Cameron,M,12th,Shelton High School,72,96
7208,Sean Finley,M,12th,Shelton High School,78,94
7209,Nicole Brooks,F,10th,Shelton High School,93,88
7210,Alicia Rogers,F,9th,Shelton High School,99,82
7211,Kendra Garcia,F,12th,Shelton High School,69,84
7212,Stephen Turner,M,10th,Shelton High School,87,75
7213,Jessica Davis,F,9th,Shelton High School,82,80
7214,Catherine Mendez ,F,11th,Shelton High School,86,87
7215,Maria Huff,F,9th,Shelton High School,79,80
7216,Nathan Mcfarland,M,9th,Shelton High School,69,71
7217,Jason Strickland,M,12th,Shelton High School,94,82
7218,David Mcdonald,M,10th,Shelton High School,87,71
7219,Donna Bentley,F,9th,Shelton High School,83,95
7220,Kayla Cordova,F,9th,Shelton High School,95,73
7221,Mariah Guzman,F,11th,Shelton High School,78,96
7222,Stephanie Thompson,F,11th,Shelton High School,77,69
7223,Kevin Savage,M,10th,Shelton High School,79,74
7224,Mrs. Ashley Porter ,F,12th,Shelton High School,72,82
7225,Thomas Baldwin,M,11th,Shelton High School,83,82
7226,Lisa Vaughn,F,10th,Shelton High School,69,72
7227,Steven Small,M,12th,Shelton High School,90,91
7228,Steven Perez,M,10th,Shelton High School,86,69
7229,Ricky Atkinson,M,12th,Shelton High School,97,75
7230,Sheri Jones,F,11th,Shelton High School,86,91
7231,Joshua Gonzalez,M,9th,Shelton High School,80,77
7232,Zachary King,M,9th,Shelton High School,84,86
7233,Randy Harris,M,9th,Shelton High School,82,70
7234,Amy Fletcher,F,12th,Shelton High School,89,97
7235,Robert Marshall,M,9th,Shelton High School,96,83
7236,Joseph Gonzales,M,10th,Shelton High School,93,70
7237,Jeffrey Perry,M,9th,Shelton High School,82,86
7238,Danielle Meyer,F,9th,Shelton High School,97,70
7239,Jordan Garrison,M,10th,Shelton High School,71,74
7240,Tyler Wallace,M,9th,Shelton High School,92,69
7241,Jason Mcdowell ,M,11th,Shelton High School,87,68
7242,Rickey Snyder,M,11th,Shelton High School,95,84
7243,Marie Patterson,F,10th,Shelton High School,69,74
7244,Kevin Schroeder,M,9th,Shelton High School,99,91
7245,Alexander Estrada,M,11th,Shelton High School,94,82
7246,Tracy Green,F,10th,Shelton High School,93,70
7247,Erik Goodman,M,12th,Shelton High School,88,76
7248,Brandi Johnson,F,12th,Shelton High School,82,76
7249,Sheila Shah,F,9th,Shelton High School,79,76
7250,Mike Robinson,M,12th,Shelton High School,75,99
7251,Michelle Fitzgerald,F,10th,Shelton High School,71,70
7252,Tracie Edwards,F,9th,Shelton High School,70,73
7253,Cody Thomas,M,10th,Shelton High School,73,72
7254,Paul Benjamin,M,10th,Shelton High School,70,89
7255,Cheyenne Baker,F,9th,Shelton High School,78,87
7256,Susan Small,F,9th,Shelton High School,76,81
7257,Rhonda Lucas,F,10th,Shelton High School,80,84
7258,Gina Willis,F,12th,Shelton High School,74,91
7259,Joanne Cox,F,10th,Shelton High School,75,72
7260,Brad Sullivan,M,10th,Shelton High School,81,73
7261,Anthony Diaz,M,9th,Shelton High School,89,80
7262,Veronica Edwards,F,11th,Shelton High School,73,75
7263,Steve Berry,M,9th,Shelton High School,99,94
7264,Cheryl Reed,F,11th,Shelton High School,87,73
7265,Angela Johnson,F,11th,Shelton High School,74,69
7266,Katherine Henry,F,10th,Shelton High School,94,93
7267,Michael Hamilton,M,12th,Shelton High School,70,92
7268,Taylor Jones,F,12th,Shelton High School,85,86
7269,Anna Hodges,F,11th,Shelton High School,75,83
7270,Gregory Griffin,M,10th,Shelton High School,96,88
7271,Vincent Martinez,M,10th,Shelton High School,82,95
7272,Tony Cruz,M,10th,Shelton High School,81,80
7273,Heather Strickland,F,10th,Shelton High School,82,94
7274,Raymond Johnson,M,12th,Shelton High School,96,97
7275,Sarah Jones,F,9th,Shelton High School,70,96
7276,Victoria Fleming,F,9th,Shelton High School,70,97
7277,Jacob Wood,M,12th,Shelton High School,77,93
7278,Kristopher Williamson,M,9th,Shelton High School,86,74
7279,Dennis Little,M,10th,Shelton High School,86,69
7280,Larry Nguyen,M,9th,Shelton High School,70,71
7281,Phyllis Richardson,F,12th,Shelton High School,88,73
7282,Margaret Hicks,F,10th,Shelton High School,71,86
7283,Leslie Booker,F,9th,Shelton High School,69,92
7284,Katherine Carson,F,12th,Shelton High School,83,85
7285,Rachel Mitchell,F,12th,Shelton High School,95,72
7286,Jessica Anderson,F,11th,Shelton High School,73,98
7287,Nathaniel Harrington,M,10th,Shelton High School,91,98
7288,Michelle Arnold,F,9th,Shelton High School,95,99
7289,Jasmine Silva,F,12th,Shelton High School,95,86
7290,Bryan Oneill,M,11th,Shelton High School,71,93
7291,Jane May,F,12th,Shelton High School,77,70
7292,John Craig,M,12th,Shelton High School,98,70
7293,Jerry Smith,M,12th,Shelton High School,95,82
7294,Samantha Nelson,F,11th,Shelton High School,71,75
7295,Shelley Beard,F,12th,Shelton High School,90,88
7296,Dawn Greene,F,9th,Shelton High School,73,82
7297,Justin Caldwell,M,10th,Shelton High School,83,78
7298,Patricia Levy,F,10th,Shelton High School,95,93
7299,Paul Caldwell,M,11th,Shelton High School,93,88
7300,Nancy Sparks,F,9th,Shelton High School,80,88
7301,Margaret Lee,F,11th,Shelton High School,78,78
7302,Kelsey Wright,F,10th,Shelton High School,86,95
7303,David Brown,M,12th,Shelton High School,81,95
7304,Becky Lopez,F,11th,Shelton High School,83,90
7305,Lori Collins,F,12th,Shelton High School,98,68
7306,Perry Hooper,M,10th,Shelton High School,92,96
7307,Cody Rose,M,9th,Shelton High School,81,98
7308,Kimberly Lopez,F,11th,Shelton High School,97,83
7309,Joshua Montgomery,M,11th,Shelton High School,80,85
7310,Andrew Jones,M,9th,Shelton High School,72,70
7311,Dana Lutz,F,10th,Shelton High School,88,70
7312,Jeffrey Clark,M,9th,Shelton High School,75,95
7313,Micheal Leblanc,M,11th,Shelton High School,79,97
7314,Tammy Leach,F,12th,Shelton High School,77,85
7315,Dominique Russell,F,11th,Shelton High School,86,80
7316,Jeffrey Gillespie,M,12th,Shelton High School,83,90
7317,Daniel Diaz,M,10th,Shelton High School,76,78
7318,Martin Lozano,M,12th,Shelton High School,70,93
7319,Michelle Whitehead,F,11th,Shelton High School,84,77
7320,Melissa Ramirez,F,11th,Shelton High School,97,88
7321,Kari Foster,F,12th,Shelton High School,95,85
7322,Sharon Medina,F,9th,Shelton High School,69,69
7323,Brandon Simmons,M,9th,Shelton High School,74,88
7324,Stephen Edwards,M,9th,Shelton High School,70,80
7325,Victoria Rice,F,11th,Shelton High School,91,70
7326,Angela Jones,F,10th,Shelton High School,77,74
7327,Adrian Vaughn,M,11th,Shelton High School,90,71
7328,Jesse Rivera,M,9th,Shelton High School,97,89
7329,Nancy Vasquez,F,9th,Shelton High School,76,87
7330,Melissa Frye,F,10th,Shelton High School,99,88
7331,Matthew Arnold,M,12th,Shelton High School,72,78
7332,Phillip Mcmahon,M,9th,Shelton High School,89,93
7333,Meagan Richardson,F,10th,Shelton High School,85,81
7334,Jonathan Gonzalez,M,11th,Shelton High School,71,85
7335,Kimberly Mcconnell,F,10th,Shelton High School,92,69
7336,Bruce Hendrix ,M,11th,Shelton High School,88,93
7337,Chris Smith,M,12th,Shelton High School,91,75
7338,Samuel Adams,M,9th,Shelton High School,98,96
7339,Grace Curtis,F,10th,Shelton High School,94,97
7340,Jason Mcclain,M,12th,Shelton High School,80,78
7341,Charles Campbell,M,11th,Shelton High School,93,91
7342,Danielle Simmons,F,10th,Shelton High School,83,95
7343,Brittany Phillips,F,12th,Shelton High School,97,71
7344,Pamela Cox ,F,11th,Shelton High School,73,87
7345,Sheryl Lane,F,10th,Shelton High School,70,75
7346,Emily Golden,F,9th,Shelton High School,76,78
7347,Mary Martinez,F,12th,Shelton High School,98,83
7348,Elizabeth Kane,F,10th,Shelton High School,97,79
7349,Christopher Johnson,M,9th,Shelton High School,72,75
7350,Amanda Bailey,F,10th,Shelton High School,92,68
7351,David Johnson,M,9th,Shelton High School,77,84
7352,Leah Rojas,F,11th,Shelton High School,78,72
7353,Nicole Stephens,F,9th,Shelton High School,83,83
7354,Amber Gibson,F,11th,Shelton High School,91,94
7355,Jose Morrow,M,11th,Shelton High School,79,89
7356,Latasha Romero,F,9th,Shelton High School,83,84
7357,Chloe Simmons,F,11th,Shelton High School,85,88
7358,Stacey Graham,F,11th,Shelton High School,96,68
7359,Charles Campos,M,10th,Shelton High School,78,80
7360,Timothy Miller,M,12th,Shelton High School,97,71
7361,Jason Morgan,M,10th,Shelton High School,89,78
7362,Miranda Hughes,F,9th,Shelton High School,94,91
7363,Kenneth Villarreal,M,10th,Shelton High School,78,98
7364,Jacob Chang,M,12th,Shelton High School,73,92
7365,Thomas Bowman,M,9th,Shelton High School,72,90
7366,Kristen Benton,F,9th,Shelton High School,96,97
7367,Paul Wade,M,11th,Shelton High School,89,71
7368,Scott Clements,M,9th,Shelton High School,74,72
7369,Teresa Browning,F,12th,Shelton High School,73,70
7370,Stephanie Mccarthy,F,10th,Shelton High School,70,82
7371,Kristina Turner,F,12th,Shelton High School,73,83
7372,George Johnson,M,11th,Shelton High School,79,74
7373,Jeanette Page,F,10th,Shelton High School,85,95
7374,Christopher Cook,M,9th,Shelton High School,90,88
7375,Catherine Rasmussen,F,10th,Shelton High School,72,94
7376,Teresa Torres,F,11th,Shelton High School,96,85
7377,Penny Villegas,F,12th,Shelton High School,69,99
7378,Nicole Wong,F,10th,Shelton High School,95,91
7379,Ashley Marshall,F,9th,Shelton High School,74,70
7380,Morgan Mendez,F,9th,Shelton High School,82,70
7381,Michael Wilson,M,12th,Shelton High School,88,99
7382,Joshua Roberts,M,10th,Shelton High School,69,89
7383,Amanda Turner,F,12th,Shelton High School,83,94
7384,Alexander Young,M,9th,Shelton High School,85,73
7385,Traci Price,F,10th,Shelton High School,83,84
7386,Kayla Carlson,F,9th,Shelton High School,86,84
7387,Nathaniel Harris,M,9th,Shelton High School,87,96
7388,Jon Martinez,M,11th,Shelton High School,80,79
7389,Mary Adams,F,9th,Shelton High School,86,71
7390,Heather Gregory,F,10th,Shelton High School,77,79
7391,Renee Robbins,F,11th,Shelton High School,95,87
7392,Adam Banks,M,11th,Shelton High School,80,88
7393,Michael Williams,M,11th,Shelton High School,93,83
7394,Lawrence Williamson,M,11th,Shelton High School,83,74
7395,Christian Gonzalez,M,10th,Shelton High School,78,82
7396,Elizabeth Mitchell,F,9th,Shelton High School,87,83
7397,Nathan Brown,M,11th,Shelton High School,74,84
7398,Dorothy Ballard,F,9th,Shelton High School,90,83
7399,Katherine Fitzpatrick,F,12th,Shelton High School,69,80
7400,Stacey Carter,F,12th,Shelton High School,91,82
7401,Nathan Nelson,M,9th,Shelton High School,78,80
7402,Samantha Buchanan ,F,9th,Shelton High School,71,83
7403,Jason Rodriguez,M,10th,Shelton High School,96,70
7404,Lindsay Campos,F,10th,Shelton High School,71,98
7405,Michael Armstrong,M,12th,Shelton High School,99,77
7406,John Walker,M,11th,Shelton High School,87,72
7407,Jordan Miller,M,12th,Shelton High School,73,79
7408,Kenneth Turner,M,9th,Shelton High School,94,99
7409,Lance Griffin,M,10th,Shelton High School,90,80
7410,Mary James,F,12th,Shelton High School,80,74
7411,Bruce Chavez,M,9th,Shelton High School,84,89
7412,Dana Fowler,F,12th,Shelton High School,89,76
7413,Robert Esparza,M,10th,Shelton High School,69,68
7414,Joshua Thomas,M,12th,Shelton High School,84,95
7415,Kimberly Duarte,F,10th,Shelton High School,73,72
7416,Catherine Sandoval,F,9th,Shelton High School,94,79
7417,Robert Sandoval,M,12th,Shelton High School,95,79
7418,John Black,M,11th,Shelton High School,72,86
7419,Carlos Lopez,M,12th,Shelton High School,86,89
7420,Ann Hunter,F,10th,Shelton High School,69,72
7421,Cameron Singh,M,9th,Shelton High School,87,81
7422,Robert Campbell,M,10th,Shelton High School,83,96
7423,Christina Garcia,F,11th,Shelton High School,92,82
7424,James Murphy,M,10th,Shelton High School,97,80
7425,Judy Love,F,9th,Shelton High School,69,74
7426,Alexandra Glass,F,10th,Shelton High School,75,70
7427,Jared Ryan,M,10th,Shelton High School,96,83
7428,Cathy Bennett,F,10th,Shelton High School,83,92
7429,Mary Stewart,F,11th,Shelton High School,77,74
7430,Matthew Wong,M,11th,Shelton High School,92,88
7431,Erin Davis,F,9th,Shelton High School,77,69
7432,Brian Harris,M,10th,Shelton High School,92,99
7433,Anthony Martinez,M,9th,Shelton High School,95,81
7434,Matthew Swanson,M,10th,Shelton High School,82,78
7435,Samuel Williams,M,10th,Shelton High School,69,84
7436,Brandon Sanchez,M,10th,Shelton High School,78,80
7437,Tamara Hill,F,10th,Shelton High School,88,80
7438,Jamie Scott,F,9th,Shelton High School,83,69
7439,Jeremy Wilson,M,10th,Shelton High School,69,71
7440,Scott Taylor,M,11th,Shelton High School,86,96
7441,Julia Mcneil,F,12th,Shelton High School,71,84
7442,Wendy Berry,F,12th,Shelton High School,91,69
7443,Jacob Butler,M,9th,Shelton High School,79,97
7444,Michael Bates,M,12th,Shelton High School,70,98
7445,Steven Davis,M,12th,Shelton High School,94,85
7446,Eric Wade,M,9th,Shelton High School,83,72
7447,George Williams,M,10th,Shelton High School,87,70
7448,Katelyn Herring,F,12th,Shelton High School,86,81
7449,Kyle Wood,M,10th,Shelton High School,91,99
7450,Ronald Davis,M,9th,Shelton High School,76,78
7451,Haley Morris,F,11th,Shelton High School,82,78
7452,James Morgan,M,9th,Shelton High School,83,94
7453,Rachel Marks,F,9th,Shelton High School,82,92
7454,James Richardson,M,10th,Shelton High School,92,72
7455,Brandi Hartman,F,9th,Shelton High School,85,90
7456,Mary Wagner,F,11th,Shelton High School,90,89
7457,Jason Underwood,M,10th,Shelton High School,96,87
7458,Robert Yoder,M,11th,Shelton High School,98,96
7459,Alicia Harrison,F,9th,Shelton High School,87,80
7460,Nicole Barber,F,9th,Shelton High School,81,69
7461,Ashley Gutierrez,F,11th,Shelton High School,94,85
7462,Donna Bright,F,12th,Shelton High School,87,90
7463,Scott Stanley,M,9th,Shelton High School,86,94
7464,Jessica Vargas,F,9th,Shelton High School,93,87
7465,Michael Flynn,M,9th,Shelton High School,94,89
7466,Christina Leonard,F,10th,Shelton High School,77,76
7467,Richard Gonzales,M,9th,Shelton High School,80,72
7468,Emily English,F,9th,Shelton High School,88,85
7469,Ruth Martinez ,F,10th,Shelton High School,69,87
7470,George White ,M,11th,Shelton High School,86,81
7471,Jasmine Reid,F,9th,Shelton High School,81,97
7472,Michael Johnson,M,11th,Shelton High School,92,79
7473,David Perez,M,9th,Shelton High School,89,87
7474,Jerry Preston,M,12th,Shelton High School,76,75
7475,Elizabeth Campos,F,10th,Shelton High School,89,99
7476,Shelly Marshall,F,11th,Shelton High School,71,94
7477,Christopher Hernandez,M,11th,Shelton High School,86,97
7478,Kenneth Thompson,M,11th,Shelton High School,89,72
7479,Dawn Mckenzie,F,9th,Shelton High School,97,75
7480,Jeffrey Richardson,M,12th,Shelton High School,88,82
7481,Danielle Kerr,F,12th,Shelton High School,91,84
7482,Timothy Wong,M,9th,Shelton High School,98,88
7483,Denise Murphy,F,12th,Shelton High School,76,95
7484,Steve Torres,M,12th,Shelton High School,90,91
7485,Brent Ramirez,M,11th,Shelton High School,91,69
7486,April Ryan,F,11th,Shelton High School,81,77
7487,Jack Rodgers,M,9th,Shelton High School,69,92
7488,Joseph Figueroa,M,12th,Shelton High School,87,68
7489,Kevin Crawford,M,11th,Shelton High School,75,98
7490,Douglas Rangel,M,10th,Shelton High School,73,70
7491,Teresa Bailey,F,11th,Shelton High School,74,97
7492,Philip Nunez,M,11th,Shelton High School,70,72
7493,Frank Campbell,M,12th,Shelton High School,79,72
7494,William Bean,M,9th,Shelton High School,96,79
7495,Stephanie Harris,F,12th,Shelton High School,78,98
7496,Luis Byrd,M,11th,Shelton High School,78,83
7497,Marcus Graham,M,10th,Shelton High School,81,82
7498,Hannah Brown,F,11th,Shelton High School,85,96
7499,Elizabeth Campbell,F,11th,Shelton High School,77,82
7500,Sherri Jones,F,11th,Shelton High School,90,77
7501,Sara Richardson,F,10th,Shelton High School,76,85
7502,Theresa Pollard,F,11th,Shelton High School,71,92
7503,Bobby Savage,M,9th,Shelton High School,72,83
7504,Sarah Flores,F,11th,Shelton High School,74,90
7505,Gregory Hampton,M,9th,Shelton High School,79,87
7506,Lonnie Hawkins,M,11th,Shelton High School,94,73
7507,James Reed,M,12th,Shelton High School,74,70
7508,Robert Randolph,M,11th,Shelton High School,98,93
7509,Jacob Andersen,M,12th,Shelton High School,96,73
7510,Nathan Ellis,M,10th,Shelton High School,89,83
7511,Patricia Olsen,F,11th,Shelton High School,74,89
7512,Michael Gamble,M,9th,Shelton High School,81,83
7513,Joshua Garrison PhD,M,12th,Shelton High School,96,88
7514,Scott Ramirez,M,10th,Shelton High School,71,88
7515,Krista Carrillo,F,10th,Shelton High School,69,78
7516,Kimberly Gonzales,F,10th,Shelton High School,77,79
7517,Felicia Schneider,F,11th,Shelton High School,87,79
7518,Douglas Lucero,M,9th,Shelton High School,88,82
7519,Melissa Williams,F,10th,Shelton High School,91,79
7520,Billy Hayes,M,12th,Shelton High School,82,78
7521,Patricia Hughes,F,12th,Shelton High School,84,99
7522,Madison Bailey,F,12th,Shelton High School,75,80
7523,Eric Zimmerman,M,11th,Shelton High School,97,68
7524,Mitchell Brown,M,9th,Shelton High School,82,84
7525,Nicholas Rodriguez ,M,9th,Shelton High School,92,85
7526,Nancy Olson,F,9th,Shelton High School,87,83
7527,Jacob Hamilton,M,9th,Shelton High School,86,74
7528,Meagan Graves,F,12th,Shelton High School,74,90
7529,William Frazier,M,11th,Shelton High School,89,98
7530,Scott Shaw,M,12th,Shelton High School,89,89
7531,Robin Williams,F,10th,Shelton High School,88,87
7532,Aaron Fields,M,11th,Shelton High School,99,88
7533,Stacey Greene,F,11th,Shelton High School,84,84
7534,Lisa Dunlap,F,11th,Shelton High School,82,72
7535,Tommy Jackson,M,9th,Shelton High School,72,87
7536,Kaylee Casey,F,9th,Shelton High School,72,79
7537,Lydia Jones,F,11th,Shelton High School,97,82
7538,Danielle Hart,F,12th,Shelton High School,79,93
7539,Lisa Hoover,F,11th,Shelton High School,73,95
7540,David Brown,M,9th,Shelton High School,99,80
7541,Erin Sanchez,F,11th,Shelton High School,92,97
7542,Lisa Wiley,F,10th,Shelton High School,96,91
7543,Rebecca Oneal,F,9th,Shelton High School,72,99
7544,Debra Clark,F,10th,Shelton High School,96,95
7545,Dawn Cummings,F,10th,Shelton High School,69,81
7546,Brittney May,F,12th,Shelton High School,80,68
7547,Jamie Ross,F,10th,Shelton High School,90,92
7548,Laura Johnson,F,12th,Shelton High School,75,76
7549,Cindy Boone,F,10th,Shelton High School,84,95
7550,Leslie Huffman,F,9th,Shelton High School,77,98
7551,Christopher Berry,M,9th,Shelton High School,85,83
7552,Alexander Hunter,M,12th,Shelton High School,94,76
7553,Kenneth Hayes,M,12th,Shelton High School,81,84
7554,Kristy Garcia,F,10th,Shelton High School,84,94
7555,Joanne Baldwin,F,9th,Shelton High School,98,73
7556,Meghan Mcconnell,F,9th,Shelton High School,75,74
7557,Thomas Johnson,M,9th,Shelton High School,92,69
7558,Matthew Fletcher,M,9th,Shelton High School,78,99
7559,Seth Wilson,M,9th,Shelton High School,70,95
7560,Cory Greene,M,10th,Shelton High School,98,86
7561,Miguel Lynch,M,11th,Shelton High School,87,71
7562,William Cooper,M,9th,Shelton High School,83,93
7563,David Ayala,M,10th,Shelton High School,72,98
7564,Glen Beck,M,12th,Shelton High School,73,98
7565,Daniel Stanley,M,10th,Shelton High School,80,87
7566,Amy Morales,F,11th,Shelton High School,90,93
7567,Michael Richardson,M,11th,Shelton High School,96,99
7568,Chelsea Peterson,F,12th,Shelton High School,79,82
7569,Francisco Smith,M,9th,Shelton High School,88,70
7570,Brian Bush,M,12th,Shelton High School,74,92
7571,Michelle Ramos,F,12th,Shelton High School,82,78
7572,Calvin Tucker,M,10th,Shelton High School,93,99
7573,Jason Anderson,M,11th,Shelton High School,92,80
7574,Joshua Barron,M,12th,Shelton High School,73,81
7575,Jessica Weber,F,9th,Shelton High School,86,76
7576,Lisa Garcia,F,11th,Shelton High School,72,89
7577,Zachary Vasquez,M,9th,Shelton High School,71,75
7578,James Perez,M,9th,Shelton High School,93,96
7579,Anne Booker,F,10th,Shelton High School,98,68
7580,Kayla Dennis,F,9th,Shelton High School,79,92
7581,Stephanie Rios,F,10th,Shelton High School,87,86
7582,Barbara Duffy,F,11th,Shelton High School,92,69
7583,Sarah Ray ,F,10th,Shelton High School,69,93
7584,Patrick Johnson,M,11th,Shelton High School,98,94
7585,Melanie Wallace,F,11th,Shelton High School,99,72
7586,Brandon Merritt,M,12th,Shelton High School,91,88
7587,Sherry Boyd,F,10th,Shelton High School,91,81
7588,Derrick Cox,M,9th,Shelton High School,83,68
7589,Emily Thompson,F,10th,Shelton High School,98,71
7590,Pamela Kirk,F,11th,Shelton High School,92,88
7591,Mitchell Wilson,M,9th,Shelton High School,80,79
7592,Sean Long,M,12th,Shelton High School,72,87
7593,Mark Frank,M,9th,Shelton High School,78,72
7594,Kathy Stone,F,9th,Shelton High School,91,99
7595,Eric Evans,M,9th,Shelton High School,91,89
7596,Chris Mcguire,M,11th,Shelton High School,76,79
7597,Angela Hernandez,F,10th,Shelton High School,75,70
7598,Angela Hall,F,12th,Shelton High School,84,91
7599,Jackie Sanders,F,11th,Shelton High School,84,76
7600,Jacqueline Marshall,F,9th,Shelton High School,79,73
7601,Gregory Mcknight,M,12th,Shelton High School,73,85
7602,William Brown,M,12th,Shelton High School,73,98
7603,Nicholas Pineda,M,12th,Shelton High School,72,68
7604,Jeremy Thomas,M,12th,Shelton High School,83,76
7605,Heather Lee,F,11th,Shelton High School,81,83
7606,Rebecca Brown,F,12th,Shelton High School,74,91
7607,Stacy Daniel,F,12th,Shelton High School,71,95
7608,Kimberly Logan,F,10th,Shelton High School,97,79
7609,Elizabeth Macias,F,9th,Shelton High School,89,99
7610,Brianna Bowman,F,10th,Shelton High School,98,82
7611,John Ward,M,10th,Shelton High School,96,69
7612,Dana Compton,F,11th,Shelton High School,89,73
7613,Larry Patterson,M,10th,Shelton High School,69,70
7614,William Carpenter,M,9th,Shelton High School,85,98
7615,Sierra Harris,F,12th,Shelton High School,85,81
7616,Angel Garza,M,9th,Shelton High School,77,74
7617,Anthony Curry,M,9th,Shelton High School,85,82
7618,Frank Sharp,M,11th,Shelton High School,69,93
7619,Maurice Joseph,M,11th,Shelton High School,78,81
7620,Michelle Smith,F,12th,Shelton High School,72,91
7621,Sarah Vasquez,F,12th,Shelton High School,90,69
7622,Elizabeth Horton,F,11th,Shelton High School,94,73
7623,April Harper,F,10th,Shelton High School,69,80
7624,Melanie Chavez,F,12th,Shelton High School,79,86
7625,Steven Alexander,M,9th,Shelton High School,84,70
7626,Randy Carson,M,10th,Shelton High School,96,79
7627,Russell Davis,M,10th,Hernandez High School,70,88
7628,Timothy Walker,M,12th,Hernandez High School,97,93
7629,Katie Johnston,F,12th,Hernandez High School,83,81
7630,Joann Oconnell,F,12th,Hernandez High School,77,91
7631,Sarah Alexander,F,10th,Hernandez High School,84,93
7632,Kathleen Nichols,F,10th,Hernandez High School,88,81
7633,Lawrence Martin,M,10th,Hernandez High School,66,71
7634,Laura Callahan,F,12th,Hernandez High School,79,93
7635,Natalie Rivera ,F,9th,Hernandez High School,99,97
7636,John Hunt,M,9th,Hernandez High School,97,60
7637,Erika Cross,F,10th,Hernandez High School,66,99
7638,Kathryn Horn,F,9th,Hernandez High School,92,81
7639,Christopher Watson,M,12th,Hernandez High School,72,65
7640,Craig Saunders,M,10th,Hernandez High School,72,57
7641,Robert Lambert,M,9th,Hernandez High School,70,95
7642,Amanda Vazquez,F,11th,Hernandez High School,63,57
7643,Paul Owens,M,9th,Hernandez High School,67,55
7644,Edward Carr,M,11th,Hernandez High School,98,66
7645,Sarah Knapp,F,12th,Hernandez High School,75,87
7646,Scott Bright,M,12th,Hernandez High School,63,96
7647,Mercedes Jackson,F,12th,Hernandez High School,97,84
7648,David Nichols,M,9th,Hernandez High School,95,77
7649,Tracy Powell,F,9th,Hernandez High School,64,63
7650,Johnny Baker,M,9th,Hernandez High School,73,93
7651,Jose Lee,M,11th,Hernandez High School,80,55
7652,Jessica Mcguire,F,12th,Hernandez High School,81,74
7653,Rachel Patterson,F,9th,Hernandez High School,63,56
7654,Carlos Maxwell,M,12th,Hernandez High School,98,97
7655,Autumn Wong,F,9th,Hernandez High School,70,94
7656,Angela Cardenas,F,12th,Hernandez High School,93,88
7657,April Patel,F,11th,Hernandez High School,91,85
7658,Jason Chavez ,M,10th,Hernandez High School,74,76
7659,Stephanie Young,F,12th,Hernandez High School,73,94
7660,Jeffrey Lamb,M,12th,Hernandez High School,70,92
7661,Emily Lara,F,9th,Hernandez High School,95,61
7662,Autumn Velasquez,F,12th,Hernandez High School,71,83
7663,Rebecca Winters,F,11th,Hernandez High School,96,80
7664,Jennifer Mack,F,11th,Hernandez High School,75,74
7665,Eric Smith,M,9th,Hernandez High School,63,61
7666,Jessica Johnson,F,12th,Hernandez High School,80,96
7667,Jordan Brown,M,9th,Hernandez High School,63,99
7668,Marie Rodriguez,F,10th,Hernandez High School,93,87
7669,Jerry Rodriguez,M,11th,Hernandez High School,94,74
7670,Elizabeth Martinez,F,11th,Hernandez High School,84,97
7671,Matthew Wise,M,9th,Hernandez High School,72,96
7672,Brian Barrett,M,11th,Hernandez High School,68,60
7673,Michele Clark,F,9th,Hernandez High School,90,78
7674,Kyle Baker,M,10th,Hernandez High School,72,58
7675,Jessica Scott,F,9th,Hernandez High School,89,74
7676,Jason Cantu,M,11th,Hernandez High School,99,66
7677,George Clarke,M,9th,Hernandez High School,97,59
7678,Adam Bell,M,9th,Hernandez High School,85,83
7679,Kelly Morales,F,9th,Hernandez High School,99,76
7680,Brittany Morrison,F,9th,Hernandez High School,70,72
7681,Mary Miller,F,10th,Hernandez High School,68,69
7682,David Wilson,M,12th,Hernandez High School,83,85
7683,Charles Murphy,M,12th,Hernandez High School,63,93
7684,Steven Chang,M,9th,Hernandez High School,83,70
7685,Robert Torres,M,10th,Hernandez High School,88,71
7686,Amanda Johnson,F,9th,Hernandez High School,87,88
7687,Thomas Guerrero,M,11th,Hernandez High School,68,67
7688,Mark Wilson,M,12th,Hernandez High School,76,61
7689,Jill Reed,F,9th,Hernandez High School,74,65
7690,Tammy Fuller,F,10th,Hernandez High School,84,63
7691,Christine Diaz,F,12th,Hernandez High School,73,98
7692,Jamie Thomas,F,10th,Hernandez High School,78,75
7693,Matthew Freeman,M,11th,Hernandez High School,69,66
7694,Charles Le,M,11th,Hernandez High School,87,66
7695,Jorge Bennett,M,9th,Hernandez High School,69,62
7696,Mrs. Leslie Mathews,F,12th,Hernandez High School,73,55
7697,Mary Jones,F,11th,Hernandez High School,63,67
7698,Stephen Sandoval,M,11th,Hernandez High School,88,89
7699,Shannon Diaz,F,9th,Hernandez High School,84,97
7700,Jeffrey Thompson,M,12th,Hernandez High School,68,96
7701,Michael Richards,M,9th,Hernandez High School,90,89
7702,Joshua Leonard,M,12th,Hernandez High School,76,83
7703,Brian Riley,M,10th,Hernandez High School,63,78
7704,Julia Dodson,F,9th,Hernandez High School,69,84
7705,Ryan Butler,M,11th,Hernandez High School,82,73
7706,Nathaniel Moore,M,12th,Hernandez High School,92,73
7707,Stephanie Johnson,F,9th,Hernandez High School,68,82
7708,Colleen Flores,F,11th,Hernandez High School,99,88
7709,Robert Gray,M,12th,Hernandez High School,64,63
7710,Ashley Hull,F,9th,Hernandez High School,65,55
7711,Julie Stafford,F,9th,Hernandez High School,74,80
7712,Mary Sosa,F,10th,Hernandez High School,91,89
7713,Andrew Ward,M,10th,Hernandez High School,68,98
7714,Stephanie Gibson,F,9th,Hernandez High School,91,85
7715,Jake Henson,M,11th,Hernandez High School,77,95
7716,Shelia Johnson,F,11th,Hernandez High School,68,69
7717,Alexandria Woods,F,10th,Hernandez High School,68,79
7718,Sara Torres,F,11th,Hernandez High School,89,66
7719,John Shepard,M,12th,Hernandez High School,73,96
7720,Danielle Smith,F,11th,Hernandez High School,66,59
7721,Margaret Johnson,F,9th,Hernandez High School,88,74
7722,Jeffrey Ware,M,10th,Hernandez High School,93,70
7723,Eric Salinas,M,10th,Hernandez High School,79,73
7724,Amy Garrett,F,9th,Hernandez High School,79,83
7725,Kathryn Porter,F,10th,Hernandez High School,95,69
7726,Sandra Anderson,F,10th,Hernandez High School,71,68
7727,Kristopher West,M,12th,Hernandez High School,80,98
7728,Marilyn Pugh,F,10th,Hernandez High School,66,70
7729,Patrick Hill,M,12th,Hernandez High School,99,75
7730,Charlene Wilkins,F,11th,Hernandez High School,70,83
7731,Michael Mathews,M,9th,Hernandez High School,72,87
7732,Karen Dudley,F,12th,Hernandez High School,92,67
7733,Heather Medina,F,9th,Hernandez High School,87,73
7734,Jimmy King,M,10th,Hernandez High School,97,60
7735,Christine Williams,F,12th,Hernandez High School,94,66
7736,Chad Oconnor,M,9th,Hernandez High School,68,68
7737,Kimberly Rocha,F,12th,Hernandez High School,80,79
7738,Tammy Garcia,F,11th,Hernandez High School,85,64
7739,Paul Perez,M,11th,Hernandez High School,65,84
7740,Laurie Shelton,F,9th,Hernandez High School,72,68
7741,Lindsey Lee,F,9th,Hernandez High School,79,97
7742,Susan Martin,F,9th,Hernandez High School,63,86
7743,Noah Santana,M,12th,Hernandez High School,63,69
7744,Amber Silva,F,9th,Hernandez High School,64,78
7745,Brittany Keller,F,10th,Hernandez High School,80,93
7746,Dana Colon,F,11th,Hernandez High School,66,90
7747,Michael Berry,M,11th,Hernandez High School,86,89
7748,Robin Walker,F,12th,Hernandez High School,77,60
7749,Chad Mcbride,M,9th,Hernandez High School,64,60
7750,Carlos Gill,M,10th,Hernandez High School,81,77
7751,Glenn Smith,M,12th,Hernandez High School,90,60
7752,Patrick Newman ,M,10th,Hernandez High School,93,61
7753,Ryan Rodriguez,M,9th,Hernandez High School,83,79
7754,Ryan Pearson,M,12th,Hernandez High School,86,66
7755,John Yang,M,10th,Hernandez High School,92,83
7756,Maria Hurley,F,9th,Hernandez High School,68,90
7757,Felicia Jones,F,11th,Hernandez High School,96,99
7758,Tyler Franklin,M,11th,Hernandez High School,84,72
7759,Sabrina Rhodes,F,9th,Hernandez High School,92,80
7760,Connor Adams,M,11th,Hernandez High School,91,86
7761,Laurie Johnson,F,11th,Hernandez High School,67,99
7762,Jamie Hart,F,12th,Hernandez High School,90,94
7763,Michelle Vasquez,F,9th,Hernandez High School,67,59
7764,Jeffery Nguyen,M,9th,Hernandez High School,68,75
7765,Amy Wright,F,11th,Hernandez High School,93,97
7766,Cathy Jones,F,10th,Hernandez High School,70,92
7767,Jerome Spencer,M,9th,Hernandez High School,69,67
7768,Matthew Stark,M,10th,Hernandez High School,68,77
7769,Alexandra Jones,F,10th,Hernandez High School,67,79
7770,Adam Ochoa,M,10th,Hernandez High School,63,64
7771,Andrew Garrett,M,9th,Hernandez High School,96,99
7772,Matthew Scott,M,9th,Hernandez High School,84,61
7773,Nancy Carpenter,F,9th,Hernandez High School,80,69
7774,Alyssa Cummings,F,9th,Hernandez High School,86,87
7775,Kirsten Brock,F,9th,Hernandez High School,71,86
7776,Kevin Santos,M,12th,Hernandez High School,81,69
7777,Sarah Carlson,F,10th,Hernandez High School,86,57
7778,Erin Steele,F,9th,Hernandez High School,73,94
7779,Denise Jones,F,11th,Hernandez High School,75,62
7780,Edwin Thornton,M,10th,Hernandez High School,81,82
7781,Tammy Dodson,F,10th,Hernandez High School,82,72
7782,Adam Kirby,M,9th,Hernandez High School,80,77
7783,Kathleen Valdez,F,12th,Hernandez High School,69,62
7784,Jordan Cox,M,11th,Hernandez High School,74,99
7785,Paul Gilbert,M,11th,Hernandez High School,66,59
7786,Jeremy Mcdonald,M,9th,Hernandez High School,75,64
7787,Heather Ferguson,F,9th,Hernandez High School,83,62
7788,Victoria Burgess,F,10th,Hernandez High School,77,61
7789,Steve Burke,M,9th,Hernandez High School,82,62
7790,Ashley Williams,F,9th,Hernandez High School,70,82
7791,Maureen Pennington,F,12th,Hernandez High School,87,56
7792,Heather Morales,F,11th,Hernandez High School,99,64
7793,Dwayne Vazquez,M,11th,Hernandez High School,63,74
7794,Michael Brown,M,9th,Hernandez High School,70,90
7795,Thomas Powell,M,10th,Hernandez High School,95,98
7796,Denise Mason,F,12th,Hernandez High School,96,82
7797,Yvonne Williams,F,10th,Hernandez High School,92,55
7798,Kellie Harrington,F,10th,Hernandez High School,83,80
7799,Kristin Oconnell,F,9th,Hernandez High School,92,96
7800,James Knight,M,10th,Hernandez High School,84,79
7801,Samantha Carter,F,10th,Hernandez High School,85,76
7802,Lori Cooper,F,12th,Hernandez High School,71,95
7803,Derek Sanchez,M,10th,Hernandez High School,95,98
7804,Barry Edwards,M,9th,Hernandez High School,68,63
7805,Elizabeth Ruiz,F,10th,Hernandez High School,69,72
7806,Elaine House,F,10th,Hernandez High School,89,58
7807,Daniel Johnson,M,9th,Hernandez High School,64,85
7808,Nicole Banks,F,11th,Hernandez High School,99,80
7809,Kevin Thompson,M,9th,Hernandez High School,68,77
7810,Alyssa Reynolds,F,11th,Hernandez High School,69,57
7811,Joanna Reynolds,F,10th,Hernandez High School,86,90
7812,Monique Ortiz,F,11th,Hernandez High School,89,91
7813,Dustin Elliott,M,10th,Hernandez High School,69,96
7814,Joseph Anderson,M,9th,Hernandez High School,93,77
7815,Melissa Freeman,F,9th,Hernandez High School,64,55
7816,Brittany Browning,F,11th,Hernandez High School,84,99
7817,Rebecca Torres,F,11th,Hernandez High School,96,68
7818,Robert Casey,M,11th,Hernandez High School,92,67
7819,Melissa Bowers,F,12th,Hernandez High School,84,97
7820,Ann Ball,F,11th,Hernandez High School,86,99
7821,James Anderson,M,11th,Hernandez High School,84,78
7822,Michael Brooks,M,9th,Hernandez High School,81,56
7823,Alejandro Schmidt,M,9th,Hernandez High School,97,95
7824,Jennifer Blackwell,F,11th,Hernandez High School,88,82
7825,William Bowman,M,12th,Hernandez High School,90,85
7826,Brooke Mcfarland,F,9th,Hernandez High School,82,72
7827,Jennifer Ford,F,9th,Hernandez High School,88,62
7828,James Williams,M,11th,Hernandez High School,64,95
7829,Kara Hicks,F,9th,Hernandez High School,87,66
7830,Allison Barker,F,9th,Hernandez High School,70,91
7831,Sonya Davis,F,12th,Hernandez High School,76,90
7832,Thomas Watson,M,9th,Hernandez High School,84,57
7833,Kyle Chan,M,10th,Hernandez High School,73,82
7834,Tammy Kelly,F,10th,Hernandez High School,69,78
7835,Shannon Griffin,F,9th,Hernandez High School,89,82
7836,Brian Anderson,M,10th,Hernandez High School,91,73
7837,Chad Frank,M,12th,Hernandez High School,65,97
7838,Bradley Brown,M,11th,Hernandez High School,99,59
7839,Leah Pierce,F,9th,Hernandez High School,76,75
7840,Brittany Stephens,F,11th,Hernandez High School,69,79
7841,Matthew Cunningham,M,9th,Hernandez High School,90,96
7842,Travis Ruiz,M,9th,Hernandez High School,71,81
7843,Anna Mitchell,F,10th,Hernandez High School,79,73
7844,Joel Cortez,M,9th,Hernandez High School,65,58
7845,Nathan Nelson,M,9th,Hernandez High School,87,87
7846,Samuel Leblanc,M,10th,Hernandez High School,76,92
7847,Rhonda Turner,F,9th,Hernandez High School,82,84
7848,Mary Perez,F,9th,Hernandez High School,88,65
7849,Sarah Stevens,F,11th,Hernandez High School,99,74
7850,Sarah Moore,F,12th,Hernandez High School,92,87
7851,Tricia Taylor,F,10th,Hernandez High School,89,85
7852,Laura Tucker,F,12th,Hernandez High School,82,99
7853,Amanda Graham,F,11th,Hernandez High School,71,57
7854,Leslie Fox,F,12th,Hernandez High School,85,73
7855,Samuel Mathis,M,9th,Hernandez High School,98,87
7856,Cameron Baker,M,10th,Hernandez High School,87,74
7857,Patrick Pierce,M,10th,Hernandez High School,87,89
7858,Raymond Gomez,M,10th,Hernandez High School,98,92
7859,Anthony Owens,M,9th,Hernandez High School,73,76
7860,Laura Daniel,F,10th,Hernandez High School,91,90
7861,Kimberly Chavez,F,9th,Hernandez High School,90,87
7862,Daniel Davis,M,10th,Hernandez High School,95,70
7863,Jesus Ross,M,12th,Hernandez High School,63,68
7864,Adrian Payne,M,10th,Hernandez High School,90,89
7865,Michael Chapman ,M,10th,Hernandez High School,86,72
7866,Logan Cummings,M,10th,Hernandez High School,87,77
7867,Margaret Stafford,F,9th,Hernandez High School,93,63
7868,Sheila Jones,F,9th,Hernandez High School,77,78
7869,Joseph Fernandez,M,10th,Hernandez High School,70,95
7870,Larry Barron,M,11th,Hernandez High School,86,56
7871,Jason Crawford,M,9th,Hernandez High School,79,69
7872,Sharon Cook,F,9th,Hernandez High School,63,66
7873,Jennifer Acevedo,F,9th,Hernandez High School,72,67
7874,Jason Bradshaw,M,9th,Hernandez High School,96,67
7875,Steve Strong,M,10th,Hernandez High School,97,60
7876,Daniel Braun,M,12th,Hernandez High School,63,96
7877,Jacob Wright,M,11th,Hernandez High School,88,91
7878,Amber Hill,F,11th,Hernandez High School,65,84
7879,Samuel Hernandez,M,10th,Hernandez High School,82,67
7880,David Reid,M,11th,Hernandez High School,70,58
7881,Anthony Stark,M,10th,Hernandez High School,86,87
7882,Craig Phillips,M,10th,Hernandez High School,71,65
7883,Edward Edwards,M,9th,Hernandez High School,64,71
7884,Stephanie Coleman,F,12th,Hernandez High School,99,62
7885,Kenneth Harris,M,9th,Hernandez High School,63,57
7886,Anthony Butler,M,11th,Hernandez High School,70,66
7887,Courtney Soto,F,12th,Hernandez High School,81,62
7888,Steven Castillo,M,9th,Hernandez High School,96,95
7889,Eric Smith,M,12th,Hernandez High School,91,94
7890,April Hodges,F,11th,Hernandez High School,88,99
7891,Cheryl Torres,F,9th,Hernandez High School,76,60
7892,Rita Webb,F,12th,Hernandez High School,82,81
7893,Wendy Lowery,F,10th,Hernandez High School,96,59
7894,Brian Townsend,M,9th,Hernandez High School,86,68
7895,Jessica Webster,F,11th,Hernandez High School,97,87
7896,April Lambert,F,9th,Hernandez High School,65,74
7897,Shannon Sanchez,F,11th,Hernandez High School,64,76
7898,Michelle Simpson,F,9th,Hernandez High School,70,90
7899,Terry Rodriguez,M,11th,Hernandez High School,82,57
7900,Timothy Webb,M,10th,Hernandez High School,70,65
7901,Marie Morris,F,9th,Hernandez High School,65,96
7902,Hayley King,F,11th,Hernandez High School,69,72
7903,Benjamin Sanchez,M,9th,Hernandez High School,81,68
7904,Christina Peters,F,9th,Hernandez High School,89,69
7905,Jack Smith,M,10th,Hernandez High School,82,60
7906,Kimberly Craig,F,11th,Hernandez High School,74,57
7907,Tamara Jones,F,9th,Hernandez High School,71,92
7908,Patricia Berger,F,9th,Hernandez High School,65,82
7909,Ronald Johnson,M,11th,Hernandez High School,88,98
7910,Kristen Franklin,F,12th,Hernandez High School,87,91
7911,Eric Ray,M,9th,Hernandez High School,89,73
7912,Aaron Sherman,M,9th,Hernandez High School,76,82
7913,Andrew Hawkins,M,11th,Hernandez High School,91,56
7914,Gregory Collins,M,9th,Hernandez High School,81,85
7915,Joshua Alvarado,M,9th,Hernandez High School,95,59
7916,Renee Wu,F,12th,Hernandez High School,90,59
7917,Timothy Day,M,9th,Hernandez High School,76,67
7918,Mitchell Nelson,M,10th,Hernandez High School,92,58
7919,Charlene Wells,F,10th,Hernandez High School,77,56
7920,Sydney Williams,F,10th,Hernandez High School,79,88
7921,Susan Holt,F,12th,Hernandez High School,67,92
7922,Tammy Rojas,F,9th,Hernandez High School,78,64
7923,Sarah Martin,F,10th,Hernandez High School,77,76
7924,Amanda Carr,F,9th,Hernandez High School,78,80
7925,Sarah Rose,F,10th,Hernandez High School,71,74
7926,Mike Vaughn,M,9th,Hernandez High School,68,70
7927,Bruce Ward,M,10th,Hernandez High School,67,72
7928,Julie Krueger,F,11th,Hernandez High School,75,95
7929,Kevin Robertson,M,10th,Hernandez High School,68,96
7930,Albert Bishop,M,10th,Hernandez High School,70,98
7931,Patricia Robinson,F,9th,Hernandez High School,66,71
7932,Sabrina Jordan,F,12th,Hernandez High School,64,91
7933,Tiffany Cohen,F,10th,Hernandez High School,88,94
7934,Jason Reilly,M,9th,Hernandez High School,89,71
7935,Jennifer Jones,F,9th,Hernandez High School,63,68
7936,Amanda Shelton,F,12th,Hernandez High School,80,80
7937,Mackenzie Weber,F,11th,Hernandez High School,83,56
7938,Debra Wilson,F,10th,Hernandez High School,86,75
7939,Mary Russell,F,12th,Hernandez High School,83,60
7940,Patricia Baldwin,F,12th,Hernandez High School,75,67
7941,Rachel Perez,F,10th,Hernandez High School,90,91
7942,Jacob Johnson,M,10th,Hernandez High School,76,97
7943,Crystal Foster,F,9th,Hernandez High School,93,78
7944,Julia Harris,F,12th,Hernandez High School,97,76
7945,Matthew Vasquez,M,12th,Hernandez High School,85,97
7946,Casey Morris,M,12th,Hernandez High School,79,89
7947,Peter Cox,M,9th,Hernandez High School,95,62
7948,Michael Silva,M,12th,Hernandez High School,86,56
7949,Courtney Francis,F,11th,Hernandez High School,85,68
7950,Joseph Waters,M,10th,Hernandez High School,97,86
7951,Marissa Burns,F,11th,Hernandez High School,93,71
7952,Susan Johnston,F,10th,Hernandez High School,73,73
7953,Morgan Rodriguez,F,11th,Hernandez High School,70,60
7954,Susan Schultz,F,9th,Hernandez High School,87,89
7955,Jennifer Morris,F,9th,Hernandez High School,99,99
7956,Aaron Eaton,M,10th,Hernandez High School,81,61
7957,Nathan Graham,M,10th,Hernandez High School,91,71
7958,Jason Kidd,M,9th,Hernandez High School,74,74
7959,Kristopher Schaefer,M,10th,Hernandez High School,81,82
7960,Ronnie Martinez,M,11th,Hernandez High School,84,58
7961,Jaime Cook,F,10th,Hernandez High School,88,82
7962,Mark Adams,M,9th,Hernandez High School,78,63
7963,Nicole Bruce,F,11th,Hernandez High School,98,97
7964,Scott Holmes,M,9th,Hernandez High School,92,92
7965,Tracey Stevens,F,9th,Hernandez High School,71,84
7966,Jessica Reed,F,9th,Hernandez High School,85,99
7967,Michael Johnson,M,9th,Hernandez High School,88,79
7968,Frank Mcconnell,M,11th,Hernandez High School,82,66
7969,Gerald Dunlap,M,12th,Hernandez High School,90,77
7970,Kenneth Jackson,M,9th,Hernandez High School,72,67
7971,Emily Peterson,F,12th,Hernandez High School,64,69
7972,Traci Ortega,F,9th,Hernandez High School,69,57
7973,Tanya Herrera,F,10th,Hernandez High School,82,73
7974,Todd Lopez,M,11th,Hernandez High School,68,99
7975,Michael Williams,M,11th,Hernandez High School,77,70
7976,Rachel Blankenship,F,12th,Hernandez High School,99,78
7977,James Douglas,M,12th,Hernandez High School,78,69
7978,Jennifer Long PhD,F,10th,Hernandez High School,90,70
7979,Steven Johnson,M,11th,Hernandez High School,75,84
7980,Lisa Bryant,F,9th,Hernandez High School,81,96
7981,Adam Harris,M,9th,Hernandez High School,67,95
7982,Tiffany Erickson,F,9th,Hernandez High School,78,90
7983,Nicole Williams,F,10th,Hernandez High School,81,78
7984,Laurie James,F,11th,Hernandez High School,72,82
7985,Kyle Bennett,M,9th,Hernandez High School,99,59
7986,Nathan Fitzpatrick,M,10th,Hernandez High School,76,79
7987,Matthew Anthony ,M,11th,Hernandez High School,99,73
7988,Heather Harris,F,12th,Hernandez High School,74,82
7989,Michael Lopez,M,11th,Hernandez High School,77,72
7990,Jenna Roberts,F,12th,Hernandez High School,73,97
7991,Sharon Cole,F,9th,Hernandez High School,91,67
7992,Joshua Roberts,M,9th,Hernandez High School,86,87
7993,Jennifer Brown,F,10th,Hernandez High School,91,96
7994,Kimberly Lutz,F,10th,Hernandez High School,92,58
7995,Sharon Mahoney,F,11th,Hernandez High School,92,74
7996,Joseph Johnson,M,11th,Hernandez High School,77,61
7997,John Sanchez,M,11th,Hernandez High School,75,94
7998,Sarah Hicks,F,9th,Hernandez High School,73,77
7999,Eric Glover,M,12th,Hernandez High School,88,73
8000,Robert Garrison IV,M,10th,Hernandez High School,67,75
8001,Joshua Rice,M,12th,Hernandez High School,72,55
8002,Richard Webb,M,9th,Hernandez High School,92,60
8003,Kenneth Alvarez,M,12th,Hernandez High School,98,61
8004,John Parks,M,11th,Hernandez High School,84,73
8005,Travis Diaz,M,9th,Hernandez High School,64,98
8006,Doris Kane,F,10th,Hernandez High School,67,76
8007,Laurie Rodriguez,F,11th,Hernandez High School,82,60
8008,Laurie Wright,F,10th,Hernandez High School,71,97
8009,Yvette Larson,F,10th,Hernandez High School,91,73
8010,Janet Roberts,F,12th,Hernandez High School,94,70
8011,Elizabeth Dawson,F,11th,Hernandez High School,82,98
8012,Elizabeth Ballard,F,9th,Hernandez High School,78,93
8013,Marvin Johnson,M,9th,Hernandez High School,90,87
8014,Theresa Joseph,F,12th,Hernandez High School,83,60
8015,Rebecca Lee,F,9th,Hernandez High School,93,59
8016,Nancy Costa,F,12th,Hernandez High School,80,66
8017,Pamela Bray,F,11th,Hernandez High School,77,76
8018,George Lamb,M,12th,Hernandez High School,65,72
8019,Jamie Anderson ,F,11th,Hernandez High School,91,89
8020,Gabriel Morgan,M,9th,Hernandez High School,75,64
8021,Douglas Allen,M,12th,Hernandez High School,63,71
8022,Jessica Reed,F,10th,Hernandez High School,79,62
8023,Candace Church,F,11th,Hernandez High School,96,75
8024,Sean Terrell,M,11th,Hernandez High School,93,90
8025,Cassandra Thompson,F,10th,Hernandez High School,90,82
8026,William Gonzalez Jr.,M,12th,Hernandez High School,86,98
8027,Audrey Acosta,F,10th,Hernandez High School,78,72
8028,David Stark,M,12th,Hernandez High School,93,98
8029,Robin Collins,F,12th,Hernandez High School,82,80
8030,Andrew Smith,M,9th,Hernandez High School,91,75
8031,Christopher Mathews,M,9th,Hernandez High School,82,80
8032,Alexis Lewis,F,12th,Hernandez High School,93,58
8033,Jennifer Weiss,F,12th,Hernandez High School,76,58
8034,Jason Pittman,M,10th,Hernandez High School,63,68
8035,Christy Jacobson,F,11th,Hernandez High School,88,73
8036,Adam Berg,M,12th,Hernandez High School,70,89
8037,William Sharp,M,11th,Hernandez High School,67,80
8038,Sarah Gomez,F,12th,Hernandez High School,70,84
8039,Lisa Snyder,F,12th,Hernandez High School,68,83
8040,Austin Nelson,M,11th,Hernandez High School,67,74
8041,Anita Williams,F,11th,Hernandez High School,66,63
8042,Carla Parsons,F,10th,Hernandez High School,82,91
8043,Ronnie Johnson,M,10th,Hernandez High School,90,82
8044,Evan Clark,M,11th,Hernandez High School,74,57
8045,Michael Barber,M,10th,Hernandez High School,92,62
8046,Richard Ward,M,10th,Hernandez High School,97,63
8047,Isaiah Moreno,M,12th,Hernandez High School,98,88
8048,Kyle Young,M,12th,Hernandez High School,75,98
8049,Drew Moore,M,9th,Hernandez High School,88,93
8050,Christopher Richmond,M,10th,Hernandez High School,94,90
8051,Hector Rogers,M,9th,Hernandez High School,64,59
8052,Ethan Smith,M,9th,Hernandez High School,80,83
8053,Cheryl Rodriguez,F,11th,Hernandez High School,78,65
8054,Martin Oneal,M,12th,Hernandez High School,65,94
8055,Christopher James,M,9th,Hernandez High School,96,92
8056,Abigail Rich,F,9th,Hernandez High School,93,94
8057,Glenn Schmitt,M,12th,Hernandez High School,95,79
8058,Robin Mckinney,F,12th,Hernandez High School,77,59
8059,Cody Franco,M,12th,Hernandez High School,88,65
8060,Sabrina Shepard,F,9th,Hernandez High School,74,99
8061,Ryan Diaz,M,10th,Hernandez High School,96,83
8062,Michael Whitney,M,12th,Hernandez High School,63,56
8063,Lisa Martin,F,12th,Hernandez High School,90,55
8064,David West,M,10th,Hernandez High School,64,73
8065,Ronald Pierce,M,10th,Hernandez High School,69,63
8066,Lisa Wilson,F,11th,Hernandez High School,79,74
8067,Lindsay Williams,F,12th,Hernandez High School,89,61
8068,Cynthia Torres,F,11th,Hernandez High School,89,75
8069,Barbara Allen,F,11th,Hernandez High School,67,99
8070,Christian Perry,M,11th,Hernandez High School,72,67
8071,Erika Griffith,F,9th,Hernandez High School,68,78
8072,Stacy Ramsey,F,12th,Hernandez High School,81,67
8073,Robert Wilson,M,12th,Hernandez High School,93,98
8074,Ralph Evans,M,9th,Hernandez High School,84,72
8075,Aaron Jacobs,M,9th,Hernandez High School,91,63
8076,Theresa Chase,F,11th,Hernandez High School,78,85
8077,Matthew Torres,M,12th,Hernandez High School,73,79
8078,Gregory Craig,M,11th,Hernandez High School,73,65
8079,Scott Bowers,M,10th,Hernandez High School,74,72
8080,Adam Jones,M,10th,Hernandez High School,70,63
8081,Amanda Brewer,F,9th,Hernandez High School,90,57
8082,Amanda Price,F,9th,Hernandez High School,65,87
8083,Erin Ortega,F,9th,Hernandez High School,72,61
8084,Ashley Wood,F,10th,Hernandez High School,74,86
8085,Lisa Jones,F,10th,Hernandez High School,96,93
8086,Juan Gallegos,M,12th,Hernandez High School,99,73
8087,Sean Day,M,12th,Hernandez High School,94,70
8088,Alexandra Nguyen,F,12th,Hernandez High School,88,71
8089,Victor Campos,M,9th,Hernandez High School,81,89
8090,Kevin King,M,10th,Hernandez High School,71,71
8091,Heather Collins,F,9th,Hernandez High School,65,63
8092,Tina Bates,F,9th,Hernandez High School,88,83
8093,Steven Moss,M,12th,Hernandez High School,75,67
8094,William Brown,M,10th,Hernandez High School,91,70
8095,Katie Duncan,F,11th,Hernandez High School,84,87
8096,Michael Brown,M,12th,Hernandez High School,80,94
8097,Jennifer Fletcher,F,10th,Hernandez High School,89,99
8098,Samuel Cisneros,M,12th,Hernandez High School,65,86
8099,John Miranda ,M,10th,Hernandez High School,73,84
8100,Levi Glover,M,12th,Hernandez High School,85,55
8101,Amanda Fitzgerald,F,12th,Hernandez High School,82,70
8102,Brian Matthews Jr.,M,9th,Hernandez High School,93,57
8103,Vanessa Garcia,F,9th,Hernandez High School,99,61
8104,Billy Martin,M,11th,Hernandez High School,77,81
8105,Richard Bradley,M,11th,Hernandez High School,95,80
8106,Elizabeth Calderon,F,12th,Hernandez High School,77,65
8107,Angela Mccormick,F,11th,Hernandez High School,83,56
8108,Eduardo Mccormick,M,10th,Hernandez High School,94,68
8109,Scott Bailey,M,9th,Hernandez High School,92,65
8110,Katie Williams,F,12th,Hernandez High School,64,70
8111,Ronald King,M,9th,Hernandez High School,67,95
8112,Misty Mitchell,F,10th,Hernandez High School,65,75
8113,Stephanie Randall,F,11th,Hernandez High School,90,60
8114,Jason Rivera,M,12th,Hernandez High School,85,76
8115,Peter George,M,12th,Hernandez High School,86,84
8116,Stephanie Adams,F,9th,Hernandez High School,81,63
8117,Rebecca Pham,F,12th,Hernandez High School,78,97
8118,Brenda Ritter,F,11th,Hernandez High School,80,86
8119,Manuel Shepherd,M,10th,Hernandez High School,94,87
8120,Patrick Wilson,M,10th,Hernandez High School,89,66
8121,Derek Mitchell,M,9th,Hernandez High School,74,82
8122,Jill Tanner,F,11th,Hernandez High School,81,91
8123,Matthew Davis,M,10th,Hernandez High School,82,60
8124,Jessica Bailey,F,10th,Hernandez High School,77,62
8125,Peter Foster,M,9th,Hernandez High School,75,65
8126,Jane Shaw,F,12th,Hernandez High School,84,79
8127,George Ruiz,M,11th,Hernandez High School,66,69
8128,Tamara Bell,F,11th,Hernandez High School,65,97
8129,Christopher Quinn,M,10th,Hernandez High School,80,57
8130,Mrs. Jacqueline Rose,F,10th,Hernandez High School,98,89
8131,James Phillips,M,10th,Hernandez High School,91,91
8132,Paul Beard,M,10th,Hernandez High School,77,59
8133,Katherine Fitzgerald,F,11th,Hernandez High School,68,70
8134,Dana Bolton,F,10th,Hernandez High School,93,60
8135,Sarah Ruiz,F,10th,Hernandez High School,89,92
8136,Alexander Moore,M,11th,Hernandez High School,93,70
8137,Bethany White,F,12th,Hernandez High School,69,77
8138,Christopher Evans,M,12th,Hernandez High School,72,68
8139,Andrew Tran,M,11th,Hernandez High School,79,96
8140,Mrs. Angela Gray,F,12th,Hernandez High School,87,72
8141,Mrs. Tara Carpenter,F,11th,Hernandez High School,94,70
8142,Carl Johnson,M,10th,Hernandez High School,63,87
8143,Dan Williams,M,9th,Hernandez High School,94,90
8144,Nancy Clark,F,9th,Hernandez High School,83,82
8145,Kari Bradford,F,11th,Hernandez High School,67,67
8146,Amanda Stewart,F,11th,Hernandez High School,89,72
8147,Jane Roberts,F,9th,Hernandez High School,93,75
8148,Randy Holt,M,11th,Hernandez High School,75,87
8149,Sean Daniels,M,12th,Hernandez High School,73,87
8150,Karen Clark,F,12th,Hernandez High School,72,67
8151,Nicholas Munoz,M,9th,Hernandez High School,82,58
8152,Sarah Reed,F,12th,Hernandez High School,99,74
8153,Tammy Jackson,F,11th,Hernandez High School,75,61
8154,Theresa Suarez,F,11th,Hernandez High School,86,71
8155,Nathan Campbell,M,9th,Hernandez High School,66,74
8156,Lori Bruce,F,12th,Hernandez High School,68,99
8157,Jessica Fernandez,F,12th,Hernandez High School,80,95
8158,Ronald Gray,M,12th,Hernandez High School,70,88
8159,Lisa Whitney,F,10th,Hernandez High School,64,73
8160,Amy Johnson,F,9th,Hernandez High School,78,77
8161,William Rich,M,12th,Hernandez High School,87,73
8162,Jim Garcia,M,11th,Hernandez High School,93,69
8163,Samantha Smith,F,11th,Hernandez High School,85,82
8164,Ashley Fernandez,F,9th,Hernandez High School,63,94
8165,John Preston,M,10th,Hernandez High School,70,75
8166,Sherry Davis,F,9th,Hernandez High School,70,62
8167,Jordan Hernandez,F,12th,Hernandez High School,65,68
8168,Steven Wright,M,11th,Hernandez High School,71,56
8169,Jason Hatfield,M,11th,Hernandez High School,90,84
8170,Beth Joseph,F,12th,Hernandez High School,83,57
8171,Jennifer Perry,F,10th,Hernandez High School,76,65
8172,Arthur Browning,M,12th,Hernandez High School,69,85
8173,Angela Moore,F,10th,Hernandez High School,64,81
8174,Joy Gardner,F,9th,Hernandez High School,65,92
8175,Erin Mason,F,11th,Hernandez High School,94,64
8176,John Reyes,M,10th,Hernandez High School,98,95
8177,Zachary Davis,M,12th,Hernandez High School,79,68
8178,Rebecca Jones,F,10th,Hernandez High School,78,58
8179,Thomas Johnson,M,9th,Hernandez High School,72,89
8180,Christopher Leonard,M,10th,Hernandez High School,65,78
8181,Jennifer Hernandez,F,9th,Hernandez High School,70,56
8182,Robert Gonzales,M,9th,Hernandez High School,63,65
8183,Raymond Mullins,M,9th,Hernandez High School,76,89
8184,Robert White,M,9th,Hernandez High School,69,93
8185,Alyssa Velasquez,F,11th,Hernandez High School,76,56
8186,Shannon Stevenson ,F,9th,Hernandez High School,89,80
8187,Judith Sandoval,F,12th,Hernandez High School,64,57
8188,Mariah Riley,F,10th,Hernandez High School,83,65
8189,Garrett Henderson,M,11th,Hernandez High School,83,91
8190,Tim White,M,12th,Hernandez High School,81,67
8191,Amy Adams,F,9th,Hernandez High School,82,59
8192,Michael Russell,M,12th,Hernandez High School,83,98
8193,Victoria Richards,F,9th,Hernandez High School,77,79
8194,Jose Harrell,M,9th,Hernandez High School,87,60
8195,Linda Cardenas,F,10th,Hernandez High School,94,64
8196,Jeffrey Hughes,M,12th,Hernandez High School,79,97
8197,Stacy Williams,F,11th,Hernandez High School,92,70
8198,Ashley Gonzalez,F,10th,Hernandez High School,96,63
8199,Renee Torres,F,10th,Hernandez High School,82,71
8200,Brian Knight,M,11th,Hernandez High School,88,81
8201,Jeffrey Chapman,M,10th,Hernandez High School,70,55
8202,Andrea Baker,F,9th,Hernandez High School,82,98
8203,Michael Marsh,M,9th,Hernandez High School,78,57
8204,Melissa Ryan,F,9th,Hernandez High School,66,80
8205,Gilbert Robinson,M,10th,Hernandez High School,81,91
8206,Karen Nunez,F,9th,Hernandez High School,64,77
8207,Kevin Scott,M,12th,Hernandez High School,67,86
8208,Glenda Mills,F,12th,Hernandez High School,75,73
8209,Susan Lee,F,9th,Hernandez High School,68,63
8210,Carolyn Garcia,F,11th,Hernandez High School,93,55
8211,Maria Gonzales,F,11th,Hernandez High School,66,96
8212,Andrew Baker,M,9th,Hernandez High School,73,79
8213,Brandy Carter,F,10th,Hernandez High School,74,88
8214,Kaitlin Warner ,F,12th,Hernandez High School,91,80
8215,Melissa Ortiz,F,10th,Hernandez High School,94,61
8216,Megan Fowler,F,12th,Hernandez High School,63,83
8217,Eric Gardner,M,10th,Hernandez High School,71,62
8218,Theresa Reed,F,10th,Hernandez High School,91,74
8219,Richard Jones,M,12th,Hernandez High School,65,65
8220,David Walker,M,11th,Hernandez High School,74,91
8221,Christopher Gibson,M,9th,Hernandez High School,76,73
8222,Thomas Carter,M,11th,Hernandez High School,70,95
8223,Kiara Johnson,F,9th,Hernandez High School,86,72
8224,Robin Williams,F,11th,Hernandez High School,97,72
8225,Jason Myers,M,12th,Hernandez High School,70,84
8226,Richard Ruiz,M,12th,Hernandez High School,88,90
8227,Anthony Carter,M,9th,Hernandez High School,96,61
8228,Sara Oliver,F,9th,Hernandez High School,80,81
8229,Phillip Lopez,M,9th,Hernandez High School,83,93
8230,Katherine Turner,F,9th,Hernandez High School,71,95
8231,Keith Garcia,M,9th,Hernandez High School,84,91
8232,James Paul,M,9th,Hernandez High School,82,81
8233,Sean Hines,M,12th,Hernandez High School,94,90
8234,Nicole Shelton,F,10th,Hernandez High School,92,83
8235,Emily White,F,12th,Hernandez High School,84,84
8236,Lauren Rodriguez,F,11th,Hernandez High School,80,73
8237,Tyrone Porter,M,11th,Hernandez High School,74,99
8238,Katherine Lopez,F,10th,Hernandez High School,97,84
8239,Betty Cox,F,10th,Hernandez High School,93,82
8240,Wendy Johnson,F,10th,Hernandez High School,87,83
8241,Dalton Wiggins,M,12th,Hernandez High School,99,59
8242,Matthew Scott,M,11th,Hernandez High School,67,69
8243,Desiree Manning,F,11th,Hernandez High School,73,75
8244,Rachel Lee,F,12th,Hernandez High School,84,71
8245,Gloria Nguyen,F,10th,Hernandez High School,93,97
8246,Jose Miller,M,9th,Hernandez High School,95,97
8247,Sabrina Perry,F,10th,Hernandez High School,84,81
8248,Charles Randall,M,10th,Hernandez High School,69,92
8249,Jessica Fowler ,F,10th,Hernandez High School,99,87
8250,Stacey Sanders,F,9th,Hernandez High School,68,76
8251,Andrew Roberts,M,11th,Hernandez High School,73,81
8252,John Garcia,M,11th,Hernandez High School,74,57
8253,Matthew Atkinson,M,11th,Hernandez High School,77,89
8254,Amy Garcia,F,9th,Hernandez High School,99,99
8255,Dylan Blake,M,9th,Hernandez High School,89,60
8256,David Acosta,M,11th,Hernandez High School,84,58
8257,Benjamin Brock,M,10th,Hernandez High School,71,93
8258,Thomas Rogers,M,11th,Hernandez High School,85,64
8259,Erin Lee,F,11th,Hernandez High School,72,78
8260,Desiree Proctor,F,9th,Hernandez High School,72,66
8261,Amanda Monroe,F,11th,Hernandez High School,82,58
8262,Richard Jensen,M,12th,Hernandez High School,86,94
8263,Gina Hoffman,F,12th,Hernandez High School,98,88
8264,Steve Moran,M,12th,Hernandez High School,85,85
8265,Mrs. Catherine Armstrong,F,9th,Hernandez High School,85,57
8266,Christopher Austin,M,12th,Hernandez High School,95,85
8267,Mallory Martin,F,10th,Hernandez High School,95,88
8268,Cindy Butler,F,11th,Hernandez High School,69,92
8269,Catherine Nelson,F,9th,Hernandez High School,65,82
8270,Yvonne Foster,F,11th,Hernandez High School,64,84
8271,Eric Flores,M,12th,Hernandez High School,97,61
8272,Caitlin Brown,F,11th,Hernandez High School,71,58
8273,Karen Massey,F,9th,Hernandez High School,89,94
8274,Debra Roberts,F,9th,Hernandez High School,64,66
8275,Elizabeth Smith,F,9th,Hernandez High School,65,62
8276,Cynthia Chapman,F,9th,Hernandez High School,70,82
8277,Nathan Johnson,M,11th,Hernandez High School,67,83
8278,Shannon Burgess,F,12th,Hernandez High School,98,69
8279,Nicole Shaw,F,9th,Hernandez High School,71,89
8280,Carrie Gardner,F,9th,Hernandez High School,70,98
8281,Karen Sanchez,F,12th,Hernandez High School,87,84
8282,Kevin Lucas,M,10th,Hernandez High School,87,56
8283,Julia Solis,F,11th,Hernandez High School,95,95
8284,Curtis Fisher,M,10th,Hernandez High School,71,75
8285,Kathleen Cardenas,F,10th,Hernandez High School,89,78
8286,Christian Moore,M,9th,Hernandez High School,82,68
8287,Kelly Grant,F,10th,Hernandez High School,67,81
8288,Dawn Massey,F,10th,Hernandez High School,91,92
8289,Michelle Barber,F,11th,Hernandez High School,94,73
8290,Stephanie Webb,F,12th,Hernandez High School,84,63
8291,Darren Day,M,12th,Hernandez High School,98,99
8292,Peter Gutierrez,M,10th,Hernandez High School,85,74
8293,Samantha Gardner,F,12th,Hernandez High School,82,68
8294,Sheila Mitchell,F,9th,Hernandez High School,71,58
8295,Robert Hamilton,M,10th,Hernandez High School,92,76
8296,Alexis Jacobs,F,9th,Hernandez High School,95,68
8297,Stephen Johnson,M,11th,Hernandez High School,82,63
8298,Elizabeth Rivers,F,11th,Hernandez High School,81,96
8299,Anna Martinez,F,12th,Hernandez High School,74,76
8300,Joshua Vasquez,M,9th,Hernandez High School,99,59
8301,Christine Parker,F,11th,Hernandez High School,66,94
8302,Christine Foley,F,12th,Hernandez High School,79,62
8303,Holly Hanna,F,9th,Hernandez High School,78,69
8304,Albert Dixon,M,12th,Hernandez High School,63,60
8305,Dana Hart,F,9th,Hernandez High School,98,85
8306,Christopher Wong,M,10th,Hernandez High School,79,77
8307,David Yu,M,10th,Hernandez High School,95,62
8308,George Marsh,M,12th,Hernandez High School,89,70
8309,Karen Schmidt,F,12th,Hernandez High School,66,86
8310,Dennis Howard,M,9th,Hernandez High School,67,98
8311,Lisa Willis,F,10th,Hernandez High School,74,69
8312,Danny Cruz,M,10th,Hernandez High School,96,82
8313,Kristen Ray,F,12th,Hernandez High School,90,62
8314,David Riley,M,9th,Hernandez High School,95,58
8315,Gary Gray,M,10th,Hernandez High School,81,58
8316,Stephanie Rodriguez,F,12th,Hernandez High School,84,83
8317,Crystal Good,F,9th,Hernandez High School,66,61
8318,Rebecca Banks,F,11th,Hernandez High School,82,90
8319,Joshua Dunlap,M,9th,Hernandez High School,69,93
8320,Debbie Chen,F,11th,Hernandez High School,92,74
8321,Scott Howard,M,9th,Hernandez High School,79,95
8322,Evelyn Willis,F,12th,Hernandez High School,81,58
8323,Angela Decker,F,9th,Hernandez High School,66,78
8324,Walter Parker,M,9th,Hernandez High School,87,71
8325,Stuart Bowman,M,9th,Hernandez High School,70,64
8326,Judy Murphy,F,10th,Hernandez High School,73,76
8327,Sarah Cooper,F,10th,Hernandez High School,77,95
8328,John Mullins ,M,9th,Hernandez High School,94,64
8329,Mary Hampton,F,10th,Hernandez High School,90,79
8330,Michael Martinez,M,11th,Hernandez High School,90,77
8331,James Alexander,M,12th,Hernandez High School,82,91
8332,Gregory Chavez,M,9th,Hernandez High School,73,71
8333,Linda Steele,F,11th,Hernandez High School,69,55
8334,Walter Allen,M,10th,Hernandez High School,85,75
8335,Jonathan Cohen,M,10th,Hernandez High School,76,75
8336,Aaron Boyer,M,9th,Hernandez High School,99,83
8337,Jessica Lawrence,F,11th,Hernandez High School,71,83
8338,Lori Morris,F,9th,Hernandez High School,88,58
8339,Claudia West,F,11th,Hernandez High School,91,77
8340,Cynthia Sanchez,F,12th,Hernandez High School,85,55
8341,Alice Miller,F,10th,Hernandez High School,93,91
8342,Jeffrey Shannon,M,10th,Hernandez High School,79,75
8343,Jenna Miller,F,12th,Hernandez High School,70,59
8344,Haley Wright,F,10th,Hernandez High School,93,64
8345,Michael Mendoza,M,10th,Hernandez High School,88,88
8346,Aaron Lawson,M,12th,Hernandez High School,85,63
8347,Sean Ray,M,9th,Hernandez High School,66,77
8348,Tyler Li,M,9th,Hernandez High School,82,69
8349,Sara Rich,F,10th,Hernandez High School,64,96
8350,Dustin Brown,M,11th,Hernandez High School,66,87
8351,Bruce Cooper,M,11th,Hernandez High School,69,55
8352,Leah Haynes,F,9th,Hernandez High School,96,60
8353,Amy Larson,F,11th,Hernandez High School,78,92
8354,Tracey Thomas,F,12th,Hernandez High School,99,68
8355,Carrie Rocha,F,9th,Hernandez High School,64,64
8356,Eduardo Lee,M,12th,Hernandez High School,86,84
8357,Alice Huber,F,12th,Hernandez High School,74,80
8358,Rebecca Arroyo,F,12th,Hernandez High School,68,84
8359,Stephanie Hicks,F,9th,Hernandez High School,68,83
8360,Carrie Brooks,F,9th,Hernandez High School,82,61
8361,Eric Dennis,M,10th,Hernandez High School,77,73
8362,Tracey Hall,F,9th,Hernandez High School,74,65
8363,Jason James,M,11th,Hernandez High School,89,84
8364,James Reese,M,10th,Hernandez High School,82,66
8365,Lindsey Rangel,F,10th,Hernandez High School,63,73
8366,Patrick Barnes,M,10th,Hernandez High School,68,89
8367,Kyle Brown,M,10th,Hernandez High School,65,71
8368,David Guzman,M,10th,Hernandez High School,67,58
8369,Christopher Lowery,M,10th,Hernandez High School,83,95
8370,Tasha Obrien,F,9th,Hernandez High School,96,73
8371,Emily Smith,F,11th,Hernandez High School,67,79
8372,Laura Jimenez,F,9th,Hernandez High School,70,78
8373,Kristen Martin,F,10th,Hernandez High School,93,60
8374,Benjamin Ortiz,M,10th,Hernandez High School,95,74
8375,Melissa Mitchell,F,11th,Hernandez High School,64,79
8376,Laura Rodriguez,F,11th,Hernandez High School,73,89
8377,Brian Conley,M,9th,Hernandez High School,74,80
8378,Cesar Harrison,M,11th,Hernandez High School,86,84
8379,Courtney Winters,F,10th,Hernandez High School,87,88
8380,Monica Gonzales,F,10th,Hernandez High School,98,86
8381,Meredith Gomez,F,11th,Hernandez High School,87,99
8382,Jose Ritter,M,12th,Hernandez High School,98,60
8383,Kelly Hanson,F,10th,Hernandez High School,63,55
8384,Maria Anderson,F,12th,Hernandez High School,85,70
8385,Brenda Williams,F,11th,Hernandez High School,87,78
8386,Yvonne Byrd,F,12th,Hernandez High School,71,71
8387,Teresa Fuentes,F,10th,Hernandez High School,98,68
8388,Jeffrey Griffin,M,10th,Hernandez High School,96,71
8389,Michael Stewart,M,11th,Hernandez High School,71,61
8390,Amber Henderson,F,10th,Hernandez High School,89,74
8391,Victoria Cobb,F,11th,Hernandez High School,64,76
8392,Krista Howard,F,9th,Hernandez High School,73,62
8393,Amanda Phillips,F,11th,Hernandez High School,95,95
8394,Peter Ali,M,10th,Hernandez High School,98,94
8395,Andrew Thomas,M,10th,Hernandez High School,77,56
8396,Austin Curtis,M,11th,Hernandez High School,76,93
8397,Jamie Rodriguez,F,10th,Hernandez High School,83,88
8398,Lori Kane,F,11th,Hernandez High School,77,98
8399,Elizabeth Mora,F,11th,Hernandez High School,75,94
8400,Alicia Moore,F,9th,Hernandez High School,97,73
8401,Stephen Roy,M,10th,Hernandez High School,71,92
8402,Christina Benson ,F,10th,Hernandez High School,95,97
8403,James Hale,M,10th,Hernandez High School,72,75
8404,Travis Hatfield,M,10th,Hernandez High School,79,69
8405,Jacob Turner,M,11th,Hernandez High School,80,67
8406,Stephen Williams,M,11th,Hernandez High School,70,86
8407,Madeline Perkins,F,10th,Hernandez High School,93,63
8408,Sandra Price,F,10th,Hernandez High School,73,89
8409,Victoria Guerra,F,10th,Hernandez High School,87,64
8410,Michael Barnett,M,10th,Hernandez High School,95,55
8411,Amy Morton,F,10th,Hernandez High School,96,99
8412,Ruth Mccann,F,11th,Hernandez High School,67,66
8413,Jason Perry,M,10th,Hernandez High School,98,65
8414,Barbara Jimenez,F,10th,Hernandez High School,97,86
8415,Joanne Farmer,F,10th,Hernandez High School,97,95
8416,Robert Taylor,M,9th,Hernandez High School,86,57
8417,Andre Mason,M,10th,Hernandez High School,73,65
8418,Christopher Swanson,M,10th,Hernandez High School,72,98
8419,Erica Guzman,F,10th,Hernandez High School,65,83
8420,Jose Guerrero,M,12th,Hernandez High School,71,85
8421,David Robinson,M,12th,Hernandez High School,83,66
8422,Elizabeth Miranda,F,11th,Hernandez High School,63,71
8423,Kathleen Raymond,F,10th,Hernandez High School,86,55
8424,Ashley Daniels,F,11th,Hernandez High School,97,89
8425,Richard Castillo,M,9th,Hernandez High School,88,61
8426,Amy Hamilton,F,12th,Hernandez High School,77,89
8427,Jamie Walls,F,10th,Hernandez High School,79,59
8428,Tammy Smith,F,11th,Hernandez High School,91,83
8429,Gloria Watson,F,10th,Hernandez High School,92,96
8430,Carmen Waller,F,10th,Hernandez High School,92,57
8431,Michelle Krueger,F,12th,Hernandez High School,69,63
8432,Melanie Hernandez,F,11th,Hernandez High School,91,79
8433,Jennifer Simmons,F,10th,Hernandez High School,78,68
8434,David Arias,M,10th,Hernandez High School,82,79
8435,Joshua Schroeder,M,9th,Hernandez High School,82,92
8436,Melissa Wilson,F,10th,Hernandez High School,91,93
8437,Samantha Lara,F,9th,Hernandez High School,99,61
8438,Ryan Gutierrez,M,11th,Hernandez High School,71,99
8439,Alexis Hill,F,9th,Hernandez High School,74,60
8440,Kimberly Mclaughlin,F,10th,Hernandez High School,72,62
8441,Jo Collins,F,9th,Hernandez High School,77,81
8442,Amanda Kirby,F,9th,Hernandez High School,64,77
8443,Hunter Schmidt,M,11th,Hernandez High School,78,72
8444,Donald Potter,M,12th,Hernandez High School,63,56
8445,Carol Anderson,F,11th,Hernandez High School,67,82
8446,David Wiley,M,12th,Hernandez High School,97,96
8447,Charles Miller,M,10th,Hernandez High School,68,83
8448,Lindsey Tyler,F,10th,Hernandez High School,72,89
8449,Bryan Carr,M,11th,Hernandez High School,77,75
8450,Robyn Hicks,F,10th,Hernandez High School,93,55
8451,Amy Martinez ,F,10th,Hernandez High School,93,65
8452,Joseph Mccullough,M,10th,Hernandez High School,73,60
8453,Clarence Olsen,M,12th,Hernandez High School,68,74
8454,Abigail Rogers,F,10th,Hernandez High School,84,90
8455,Ashley Edwards ,F,9th,Hernandez High School,84,65
8456,Matthew Herman,M,11th,Hernandez High School,89,74
8457,Mark Harris,M,9th,Hernandez High School,79,94
8458,Christopher Fleming,M,9th,Hernandez High School,86,88
8459,Debra Long,F,9th,Hernandez High School,92,56
8460,Justin York,M,9th,Hernandez High School,66,61
8461,Christine Reyes,F,9th,Hernandez High School,92,72
8462,Ann Wade,F,11th,Hernandez High School,97,75
8463,Adrienne Martin,F,11th,Hernandez High School,78,73
8464,Ralph Allen,M,10th,Hernandez High School,70,59
8465,Kelly Baker,F,11th,Hernandez High School,92,56
8466,Suzanne Henry,F,11th,Hernandez High School,65,70
8467,Jennifer Fox,F,12th,Hernandez High School,76,84
8468,Marcia Carter,F,10th,Hernandez High School,74,63
8469,Donald Brown,M,9th,Hernandez High School,99,82
8470,Kristy Huynh,F,11th,Hernandez High School,76,79
8471,Marc Baker,M,11th,Hernandez High School,74,79
8472,Melissa Herrera ,F,9th,Hernandez High School,77,57
8473,Dwayne Warren,M,10th,Hernandez High School,86,70
8474,Adam Arroyo ,M,10th,Hernandez High School,78,77
8475,Jeffrey Lewis,M,10th,Hernandez High School,89,93
8476,Adam Parker,M,11th,Hernandez High School,95,95
8477,Kimberly Hanson,F,9th,Hernandez High School,69,90
8478,Peter Barnes,M,11th,Hernandez High School,72,61
8479,Bryan Reynolds,M,11th,Hernandez High School,79,69
8480,Brittany Hamilton,F,10th,Hernandez High School,97,74
8481,Richard Rogers,M,11th,Hernandez High School,95,72
8482,Edwin Howard,M,10th,Hernandez High School,70,78
8483,Mary Rogers,F,11th,Hernandez High School,88,70
8484,Scott Spencer,M,11th,Hernandez High School,64,68
8485,Casey West,F,10th,Hernandez High School,79,91
8486,Phillip Hernandez,M,9th,Hernandez High School,64,70
8487,Christopher Jones,M,12th,Hernandez High School,89,95
8488,Stacie Hamilton,F,12th,Hernandez High School,94,63
8489,Danielle May,F,11th,Hernandez High School,65,91
8490,Adam Terry,M,9th,Hernandez High School,64,60
8491,Robin Bowers,F,9th,Hernandez High School,74,71
8492,Howard Steele,M,9th,Hernandez High School,72,99
8493,Amanda Brown,F,10th,Hernandez High School,65,92
8494,Andrea Smith,F,10th,Hernandez High School,79,85
8495,Thomas Estrada,M,9th,Hernandez High School,65,71
8496,Lisa Cook,F,11th,Hernandez High School,69,64
8497,Karen Anderson,F,10th,Hernandez High School,89,96
8498,David Robinson,M,9th,Hernandez High School,67,81
8499,Tamara Lambert,F,9th,Hernandez High School,63,79
8500,Joseph English,M,9th,Hernandez High School,72,55
8501,Jason Williams,M,10th,Hernandez High School,79,82
8502,John Ochoa,M,9th,Hernandez High School,75,57
8503,Matthew Dawson,M,9th,Hernandez High School,89,82
8504,Carmen Williams,F,11th,Hernandez High School,93,80
8505,Nancy Gonzales,F,11th,Hernandez High School,68,68
8506,Maria Blanchard,F,10th,Hernandez High School,71,62
8507,Zachary Mcmahon,M,12th,Hernandez High School,80,69
8508,Jessica Schroeder,F,12th,Hernandez High School,72,80
8509,Virginia Brown,F,9th,Hernandez High School,83,84
8510,Anthony Garrison,M,12th,Hernandez High School,66,66
8511,Nathaniel Bonilla,M,9th,Hernandez High School,81,87
8512,Susan Baker,F,10th,Hernandez High School,77,92
8513,Tammy Hart,F,9th,Hernandez High School,96,86
8514,Martin Ford,M,10th,Hernandez High School,67,65
8515,Charles Robertson,M,9th,Hernandez High School,87,78
8516,James Flores,M,10th,Hernandez High School,98,86
8517,Valerie Frank,F,12th,Hernandez High School,92,61
8518,Elizabeth Hunter,F,9th,Hernandez High School,68,89
8519,Jeremy Wu,M,12th,Hernandez High School,93,66
8520,Anna Reed,F,9th,Hernandez High School,76,66
8521,Michael Martinez,M,9th,Hernandez High School,93,55
8522,Diane Bryant,F,9th,Hernandez High School,81,94
8523,Michael Martinez,M,10th,Hernandez High School,85,61
8524,Heather Gordon,F,10th,Hernandez High School,92,65
8525,Larry Bailey,M,10th,Hernandez High School,78,85
8526,Mario Hansen,M,12th,Hernandez High School,77,98
8527,Catherine Colon,F,10th,Hernandez High School,71,86
8528,Amanda Cochran,F,9th,Hernandez High School,86,57
8529,Debra Noble,F,12th,Hernandez High School,93,90
8530,Austin Sanchez,M,12th,Hernandez High School,85,90
8531,Angela Adams,F,10th,Hernandez High School,93,95
8532,John Camacho,M,10th,Hernandez High School,76,57
8533,Ronald Powell,M,9th,Hernandez High School,93,72
8534,Isabella Stout,F,11th,Hernandez High School,79,88
8535,Jennifer Jones,F,12th,Hernandez High School,83,94
8536,Ashley Fox,F,10th,Hernandez High School,99,66
8537,Joanne Clark,F,12th,Hernandez High School,98,57
8538,Jacob Jones,M,12th,Hernandez High School,92,58
8539,Lori Randolph,F,10th,Hernandez High School,76,80
8540,Andrea Hardy,F,10th,Hernandez High School,76,76
8541,Jamie Luna,F,9th,Hernandez High School,65,92
8542,Mitchell Fletcher,M,12th,Hernandez High School,80,80
8543,Martha Oliver,F,11th,Hernandez High School,65,74
8544,Jesse Moran,M,9th,Hernandez High School,79,83
8545,Anthony Russell,M,11th,Hernandez High School,85,72
8546,Tammy Salas,F,9th,Hernandez High School,99,63
8547,Christopher Dawson,M,11th,Hernandez High School,87,83
8548,Patricia George,F,10th,Hernandez High School,65,99
8549,Carolyn Banks,F,11th,Hernandez High School,67,89
8550,Craig Young,M,9th,Hernandez High School,92,95
8551,Amy Newton,F,11th,Hernandez High School,70,73
8552,Justin Simpson,M,9th,Hernandez High School,99,97
8553,Rebecca Flores,F,9th,Hernandez High School,84,63
8554,Christopher Bradford,M,12th,Hernandez High School,89,64
8555,Hayley Garza,F,10th,Hernandez High School,97,57
8556,Alvin Hill,M,10th,Hernandez High School,80,69
8557,Cory Alvarez,M,10th,Hernandez High School,87,95
8558,Phillip Howe,M,10th,Hernandez High School,99,69
8559,Jill Adkins,F,10th,Hernandez High School,64,68
8560,Dustin Mcmillan,M,10th,Hernandez High School,83,91
8561,Dawn Patton,F,11th,Hernandez High School,84,88
8562,Sherry Aguirre,F,9th,Hernandez High School,95,99
8563,Laura Taylor,F,11th,Hernandez High School,74,97
8564,Amy Baxter,F,11th,Hernandez High School,90,65
8565,Miranda Levy,F,9th,Hernandez High School,71,96
8566,Brett Ramos,M,11th,Hernandez High School,94,62
8567,Charles Matthews,M,11th,Hernandez High School,82,98
8568,Michael Welch,M,11th,Hernandez High School,78,55
8569,Brian Thompson,M,9th,Hernandez High School,96,64
8570,Jennifer Nguyen,F,11th,Hernandez High School,71,63
8571,Christine Moore,F,9th,Hernandez High School,83,82
8572,Zachary Aguirre,M,11th,Hernandez High School,67,69
8573,Gregory Ward,M,12th,Hernandez High School,90,64
8574,Christina Robinson,F,12th,Hernandez High School,94,98
8575,Barbara Petersen,F,9th,Hernandez High School,74,68
8576,Eric Richards Jr.,M,12th,Hernandez High School,70,61
8577,Barbara Miller,F,12th,Hernandez High School,70,55
8578,Anna Smith,F,11th,Hernandez High School,82,92
8579,Nicholas Freeman,M,12th,Hernandez High School,71,86
8580,Mrs. Angela Martinez,F,10th,Hernandez High School,98,79
8581,Bonnie Chavez,F,12th,Hernandez High School,89,83
8582,Wendy Stewart,F,9th,Hernandez High School,80,70
8583,Lori Williams,F,10th,Hernandez High School,96,87
8584,April Jenkins,F,12th,Hernandez High School,68,56
8585,Ellen Richmond,F,9th,Hernandez High School,95,71
8586,Paul Martin,M,9th,Hernandez High School,68,81
8587,William Alexander,M,11th,Hernandez High School,90,87
8588,Natalie Garcia ,F,10th,Hernandez High School,94,98
8589,Sarah Strickland,F,12th,Hernandez High School,97,80
8590,Jonathan Crane,M,11th,Hernandez High School,94,60
8591,Erik Miller,M,9th,Hernandez High School,79,79
8592,Shane Lopez,M,10th,Hernandez High School,92,81
8593,Kathryn Johnson,F,9th,Hernandez High School,97,58
8594,Benjamin Morris,M,10th,Hernandez High School,80,87
8595,Sierra Garcia,F,10th,Hernandez High School,87,56
8596,Erica Collier,F,12th,Hernandez High School,97,73
8597,Lauren Smith,F,12th,Hernandez High School,67,90
8598,Anthony Johnson,M,9th,Hernandez High School,78,84
8599,Michelle Ruiz,F,11th,Hernandez High School,79,82
8600,Carolyn White,F,9th,Hernandez High School,90,64
8601,Terry Smith,M,12th,Hernandez High School,64,72
8602,Michael Pineda,M,10th,Hernandez High School,99,76
8603,Christopher Sanchez,M,12th,Hernandez High School,75,86
8604,Anthony Curtis,M,9th,Hernandez High School,99,70
8605,Nicholas Nguyen,M,11th,Hernandez High School,95,55
8606,Michelle Dixon,F,9th,Hernandez High School,83,97
8607,Robert Garcia,M,9th,Hernandez High School,97,89
8608,Kevin Morgan,M,10th,Hernandez High School,80,77
8609,Jane Castaneda,F,11th,Hernandez High School,74,55
8610,John Young,M,9th,Hernandez High School,77,88
8611,Mark Le,M,9th,Hernandez High School,99,92
8612,Justin Williamson,M,11th,Hernandez High School,81,77
8613,Shane Johnson,M,11th,Hernandez High School,92,95
8614,Nicholas Miller,M,12th,Hernandez High School,84,65
8615,Brittany Hobbs,F,10th,Hernandez High School,84,99
8616,Peter Nichols,M,9th,Hernandez High School,84,74
8617,Lisa Stevens,F,10th,Hernandez High School,93,66
8618,Justin Orr,M,9th,Hernandez High School,88,79
8619,Tamara Rodriguez,F,12th,Hernandez High School,71,59
8620,Rickey Oconnor,M,12th,Hernandez High School,64,96
8621,Elizabeth Rodriguez,F,11th,Hernandez High School,99,65
8622,Rachel Osborne,F,12th,Hernandez High School,67,68
8623,Jonathan Jones,M,10th,Hernandez High School,75,83
8624,Anna Davis,F,11th,Hernandez High School,84,70
8625,William Henry,M,10th,Hernandez High School,77,84
8626,Martha White,F,10th,Hernandez High School,72,63
8627,Debbie Schmitt,F,9th,Hernandez High School,71,87
8628,Audrey Velez,F,9th,Hernandez High School,87,69
8629,Mathew Moore,M,11th,Hernandez High School,97,92
8630,Roy Arnold,M,10th,Hernandez High School,68,98
8631,Lisa Baker,F,9th,Hernandez High School,96,57
8632,Jaime Santana,F,9th,Hernandez High School,92,79
8633,Aaron Crawford,M,10th,Hernandez High School,87,62
8634,Chad Simpson,M,12th,Hernandez High School,93,76
8635,Daniel Baxter,M,10th,Hernandez High School,79,72
8636,Tyler Galloway,M,11th,Hernandez High School,96,93
8637,Michelle Patterson,F,9th,Hernandez High School,95,74
8638,Casey Castro,F,11th,Hernandez High School,68,83
8639,Jeffrey Jensen,M,12th,Hernandez High School,89,88
8640,Craig Aguirre,M,10th,Hernandez High School,71,64
8641,Tracy Paul,M,10th,Hernandez High School,98,85
8642,Antonio Grant,M,9th,Hernandez High School,78,74
8643,Angela Murray,F,9th,Hernandez High School,98,82
8644,Samantha Baker,F,12th,Hernandez High School,90,76
8645,Casey Kelley,M,9th,Hernandez High School,76,64
8646,Erin Spencer,F,11th,Hernandez High School,75,98
8647,Mark Davidson,M,10th,Hernandez High School,77,58
8648,Allison Robles,F,10th,Hernandez High School,64,56
8649,Olivia Chan,F,9th,Hernandez High School,75,73
8650,Aaron Weaver,M,10th,Hernandez High School,93,93
8651,David Roth,M,9th,Hernandez High School,99,99
8652,Frank Hamilton,M,10th,Hernandez High School,65,73
8653,Dennis Duke,M,11th,Hernandez High School,85,95
8654,Sarah Conrad,F,9th,Hernandez High School,95,86
8655,Rebecca Myers,F,11th,Hernandez High School,73,95
8656,Devon Garcia,M,9th,Hernandez High School,93,71
8657,Thomas Silva,M,10th,Hernandez High School,76,92
8658,Brandy Jackson,F,9th,Hernandez High School,69,76
8659,Victoria Ramirez,F,10th,Hernandez High School,77,67
8660,Leslie Turner,F,10th,Hernandez High School,79,60
8661,Cindy Phillips,F,9th,Hernandez High School,68,57
8662,Sherry Benson,F,9th,Hernandez High School,90,73
8663,Garrett Lynch,M,9th,Hernandez High School,79,66
8664,John Elliott,M,12th,Hernandez High School,88,74
8665,Caleb Crane,M,10th,Hernandez High School,79,60
8666,Patrick Robinson,M,12th,Hernandez High School,74,79
8667,April Horton,F,12th,Hernandez High School,86,82
8668,Amber Leon,F,12th,Hernandez High School,65,76
8669,Kelsey Cole,F,9th,Hernandez High School,99,68
8670,Richard Brewer,M,12th,Hernandez High School,80,57
8671,Alexander Davis,M,10th,Hernandez High School,74,78
8672,Daniel Hughes,M,12th,Hernandez High School,76,84
8673,Jose Murray,M,12th,Hernandez High School,94,72
8674,Becky Hernandez,F,9th,Hernandez High School,93,80
8675,Morgan Rush,F,11th,Hernandez High School,82,99
8676,Michelle Sanchez,F,11th,Hernandez High School,70,94
8677,Heather Grant,F,9th,Hernandez High School,98,99
8678,Antonio Santos,M,9th,Hernandez High School,68,63
8679,Jessica Mcconnell,F,10th,Hernandez High School,99,96
8680,Timothy Murphy,M,12th,Hernandez High School,96,74
8681,Jonathan Salazar,M,12th,Hernandez High School,74,93
8682,Jason Pacheco,M,12th,Hernandez High School,87,99
8683,Robert Gonzalez,M,12th,Hernandez High School,78,93
8684,Brian Trujillo,M,9th,Hernandez High School,87,73
8685,Megan Conner,F,10th,Hernandez High School,95,79
8686,Sean Rose,M,9th,Hernandez High School,86,76
8687,Cassandra Brown,F,10th,Hernandez High School,91,90
8688,Adam Thomas,M,10th,Hernandez High School,77,65
8689,Connie David,F,10th,Hernandez High School,91,80
8690,Austin Pena,M,11th,Hernandez High School,64,84
8691,Joseph Mendoza,M,10th,Hernandez High School,70,55
8692,David Whitehead,M,10th,Hernandez High School,65,96
8693,David Gross,M,9th,Hernandez High School,85,75
8694,Terry Ellis,M,12th,Hernandez High School,68,62
8695,Brianna Logan,F,11th,Hernandez High School,86,95
8696,Nicolas Ryan,M,9th,Hernandez High School,75,74
8697,Keith Young,M,9th,Hernandez High School,74,66
8698,Anthony Marshall,M,11th,Hernandez High School,99,81
8699,John Nguyen,M,11th,Hernandez High School,71,87
8700,Jessica Jacobs,F,12th,Hernandez High School,75,76
8701,Michele Wise,F,11th,Hernandez High School,80,68
8702,Timothy Black,M,10th,Hernandez High School,68,63
8703,Margaret Ferrell,F,9th,Hernandez High School,94,58
8704,Tiffany Pearson,F,10th,Hernandez High School,84,91
8705,Kimberly Price,F,9th,Hernandez High School,75,92
8706,Brandon Taylor,M,9th,Hernandez High School,85,78
8707,Ivan Scott,M,12th,Hernandez High School,69,93
8708,Terry Taylor,M,9th,Hernandez High School,90,67
8709,Jason Sparks,M,12th,Hernandez High School,84,56
8710,Kimberly Jackson,F,10th,Hernandez High School,64,58
8711,Shelby Greer,F,10th,Hernandez High School,98,70
8712,Joseph Mcgee,M,9th,Hernandez High School,97,59
8713,Justin Schmidt,M,10th,Hernandez High School,91,93
8714,Melissa Munoz,F,11th,Hernandez High School,72,99
8715,James Burns,M,11th,Hernandez High School,76,85
8716,Joshua Scott,M,12th,Hernandez High School,64,73
8717,Jesus Sullivan,M,12th,Hernandez High School,66,86
8718,Benjamin Austin,M,11th,Hernandez High School,83,80
8719,Sonya Knapp,F,10th,Hernandez High School,63,80
8720,Natasha Garrett,F,9th,Hernandez High School,82,99
8721,Gregory Johnson,M,12th,Hernandez High School,93,77
8722,Ashley Smith,F,9th,Hernandez High School,63,87
8723,William Jenkins,M,10th,Hernandez High School,73,60
8724,Danielle Marsh,F,12th,Hernandez High School,63,94
8725,Christopher Fleming ,M,9th,Hernandez High School,92,84
8726,Kelsey Mora,F,12th,Hernandez High School,80,66
8727,Larry Jones,M,11th,Hernandez High School,90,74
8728,Jose Clark,M,9th,Hernandez High School,72,87
8729,Claire Wilson,F,11th,Hernandez High School,84,56
8730,Kim Gonzalez,F,11th,Hernandez High School,69,64
8731,Warren Brown,M,10th,Hernandez High School,78,89
8732,Nathan Cooper,M,12th,Hernandez High School,69,64
8733,Heather Jackson,F,11th,Hernandez High School,93,82
8734,Tony Smith,M,9th,Hernandez High School,81,93
8735,Brittany Myers,F,9th,Hernandez High School,64,61
8736,Jessica Fleming,F,10th,Hernandez High School,99,76
8737,Charles Cummings,M,11th,Hernandez High School,86,71
8738,Lisa Cole,F,10th,Hernandez High School,86,73
8739,Kirk Murray,M,10th,Hernandez High School,70,60
8740,James Robinson,M,10th,Hernandez High School,67,74
8741,Ariel Robbins,F,9th,Hernandez High School,69,96
8742,Linda Warren,F,11th,Hernandez High School,85,66
8743,Sarah Dillon,F,12th,Hernandez High School,75,75
8744,Misty Beck ,F,11th,Hernandez High School,97,61
8745,Rick Caldwell,M,11th,Hernandez High School,94,70
8746,Sabrina Martinez,F,10th,Hernandez High School,70,81
8747,Robert Perry,M,10th,Hernandez High School,65,80
8748,Amanda Kerr,F,11th,Hernandez High School,88,98
8749,Jordan Ramirez,M,11th,Hernandez High School,92,73
8750,Sarah Woodard,F,12th,Hernandez High School,80,89
8751,William Wilkinson,M,9th,Hernandez High School,82,76
8752,Emily Clark,F,11th,Hernandez High School,72,93
8753,Jeremy Oconnor,M,11th,Hernandez High School,88,72
8754,Alexis Arnold,F,12th,Hernandez High School,71,82
8755,Jody Lloyd,F,9th,Hernandez High School,72,76
8756,William Duffy,M,9th,Hernandez High School,83,75
8757,Annette Odonnell,F,11th,Hernandez High School,91,77
8758,Kelly Duke,F,11th,Hernandez High School,69,76
8759,Amanda Lutz,F,12th,Hernandez High School,97,57
8760,Kristina Lee,F,11th,Hernandez High School,63,56
8761,Joseph Obrien,M,10th,Hernandez High School,82,81
8762,Joshua Hall,M,9th,Hernandez High School,92,86
8763,Taylor Ayala,F,11th,Hernandez High School,94,82
8764,Renee Pierce,F,12th,Hernandez High School,99,63
8765,Shannon Barnes,F,11th,Hernandez High School,91,65
8766,Joshua Miller,M,9th,Hernandez High School,82,64
8767,Christopher Mora,M,10th,Hernandez High School,63,62
8768,Victor Davis,M,10th,Hernandez High School,82,98
8769,Trevor Martinez,M,9th,Hernandez High School,81,58
8770,Matthew Benjamin,M,11th,Hernandez High School,66,96
8771,Sharon Lloyd ,F,11th,Hernandez High School,84,94
8772,Charlotte Jones,F,10th,Hernandez High School,81,78
8773,Marcus Jackson,M,10th,Hernandez High School,81,94
8774,Debra Taylor,F,9th,Hernandez High School,79,87
8775,Matthew Davis,M,9th,Hernandez High School,92,64
8776,Benjamin Bates,M,11th,Hernandez High School,97,57
8777,Daniel Morales,M,9th,Hernandez High School,79,99
8778,William Meyer,M,11th,Hernandez High School,89,90
8779,Anthony Reyes,M,10th,Hernandez High School,74,67
8780,Brittany Smith,F,10th,Hernandez High School,70,57
8781,Michael Smith,M,11th,Hernandez High School,76,58
8782,Mrs. Laura Malone ,F,11th,Hernandez High School,84,93
8783,Kyle Turner,M,12th,Hernandez High School,97,64
8784,Derek Gibbs,M,11th,Hernandez High School,96,88
8785,Leah Lee,F,10th,Hernandez High School,81,80
8786,Deborah Lloyd,F,11th,Hernandez High School,84,64
8787,Michael Owens,M,10th,Hernandez High School,95,85
8788,Mary Lutz,F,10th,Hernandez High School,90,70
8789,Joseph King,M,11th,Hernandez High School,83,80
8790,Cynthia Allison,F,12th,Hernandez High School,68,87
8791,Denise Reed,F,9th,Hernandez High School,97,68
8792,Allison Rodriguez,F,12th,Hernandez High School,92,71
8793,Joyce Harper,F,11th,Hernandez High School,66,57
8794,Raymond Franklin,M,11th,Hernandez High School,72,74
8795,Patricia Potter,F,9th,Hernandez High School,91,66
8796,Shane Decker,M,11th,Hernandez High School,84,80
8797,Pamela Baker,F,11th,Hernandez High School,95,94
8798,Keith Brown,M,10th,Hernandez High School,72,81
8799,Eric Martinez,M,11th,Hernandez High School,72,90
8800,Donna Ward,F,9th,Hernandez High School,73,64
8801,Charles Smith,M,9th,Hernandez High School,87,78
8802,Peter Manning,M,10th,Hernandez High School,96,60
8803,Jason Clay,M,9th,Hernandez High School,67,57
8804,Alexis Brown,F,12th,Hernandez High School,89,81
8805,Monica Dixon,F,9th,Hernandez High School,97,62
8806,Catherine Ross,F,10th,Hernandez High School,81,87
8807,John Garcia,M,12th,Hernandez High School,81,91
8808,Kerry Evans,F,10th,Hernandez High School,95,99
8809,Albert Smith,M,11th,Hernandez High School,75,78
8810,Tina Holden,F,9th,Hernandez High School,78,90
8811,Russell Parker,M,11th,Hernandez High School,96,86
8812,Tamara Martinez,F,10th,Hernandez High School,70,79
8813,Stacy Murray,F,11th,Hernandez High School,74,67
8814,Walter Johnson,M,10th,Hernandez High School,87,68
8815,Omar Walker,M,11th,Hernandez High School,66,73
8816,Christopher Bell,M,11th,Hernandez High School,89,96
8817,Erin Stephenson,F,11th,Hernandez High School,64,66
8818,Joseph Gray,M,12th,Hernandez High School,97,80
8819,Taylor Cochran,F,11th,Hernandez High School,68,58
8820,John Martinez,M,10th,Hernandez High School,93,78
8821,Julie Estrada,F,12th,Hernandez High School,93,60
8822,Kathy Gross,F,12th,Hernandez High School,65,88
8823,Christina Pruitt,F,9th,Hernandez High School,81,99
8824,Daniel Martinez,M,12th,Hernandez High School,71,59
8825,Desiree Moore,F,9th,Hernandez High School,90,78
8826,Alicia Gray,F,9th,Hernandez High School,65,84
8827,Joshua Jordan,M,10th,Hernandez High School,93,66
8828,Julia Gutierrez,F,9th,Hernandez High School,84,89
8829,Helen Cross,F,12th,Hernandez High School,66,63
8830,Leslie Rodriguez,F,10th,Hernandez High School,91,82
8831,Jamie Williams,M,9th,Hernandez High School,95,74
8832,Erica Stephenson,F,10th,Hernandez High School,74,95
8833,Stephanie Taylor,F,9th,Hernandez High School,78,95
8834,Matthew Ford,M,10th,Hernandez High School,71,90
8835,Jack Serrano,M,9th,Hernandez High School,95,56
8836,James Garcia,M,10th,Hernandez High School,82,83
8837,Kerry Mahoney,F,9th,Hernandez High School,77,93
8838,Patricia Stein,F,12th,Hernandez High School,80,96
8839,Michael Jones,M,10th,Hernandez High School,69,56
8840,Shawn Ramirez,M,9th,Hernandez High School,85,59
8841,Lindsey Russell,F,12th,Hernandez High School,96,81
8842,Joanna Mcmahon,F,9th,Hernandez High School,77,90
8843,Jessica Black,F,11th,Hernandez High School,67,65
8844,Samuel Beck,M,10th,Hernandez High School,91,91
8845,Jessica Green,F,9th,Hernandez High School,93,99
8846,Frederick Hines,M,9th,Hernandez High School,94,91
8847,Anthony Olson,M,10th,Hernandez High School,82,78
8848,Stephanie Figueroa,F,9th,Hernandez High School,84,65
8849,Sheila Shepherd,F,12th,Hernandez High School,68,68
8850,Michelle Rhodes,F,9th,Hernandez High School,95,94
8851,Joseph Hunter,M,9th,Hernandez High School,78,87
8852,Anthony Phillips,M,9th,Hernandez High School,90,96
8853,Jessica Bentley,F,12th,Hernandez High School,79,95
8854,Matthew Bruce,M,12th,Hernandez High School,96,82
8855,John Rogers,M,11th,Hernandez High School,66,67
8856,Sean Moore,M,9th,Hernandez High School,69,56
8857,Stephanie Payne,F,11th,Hernandez High School,86,91
8858,Vanessa Smith,F,10th,Hernandez High School,73,96
8859,Gabriel Flores ,M,11th,Hernandez High School,95,55
8860,Matthew Chen,M,12th,Hernandez High School,66,83
8861,Seth Davis,M,11th,Hernandez High School,83,62
8862,Samantha Williams,F,10th,Hernandez High School,94,70
8863,James Parks,M,9th,Hernandez High School,92,97
8864,Kelli Ramos,F,10th,Hernandez High School,65,91
8865,Gabriela Carey,F,9th,Hernandez High School,66,95
8866,Victor Clark,M,12th,Hernandez High School,67,55
8867,Mark Green,M,12th,Hernandez High School,70,70
8868,Sarah Lawson,F,10th,Hernandez High School,99,71
8869,Wesley Higgins,M,11th,Hernandez High School,65,68
8870,Christina Woods,F,11th,Hernandez High School,97,60
8871,Sandra Jenkins,F,10th,Hernandez High School,74,62
8872,Stacey Walker,F,11th,Hernandez High School,73,79
8873,Anthony Wright,M,11th,Hernandez High School,92,80
8874,Ashley Hall,F,12th,Hernandez High School,85,82
8875,Kevin Thomas,M,10th,Hernandez High School,97,86
8876,Nathaniel Martinez,M,11th,Hernandez High School,98,91
8877,Rachel Newman,F,12th,Hernandez High School,65,57
8878,Danielle Smith,F,12th,Hernandez High School,91,95
8879,Christine Vaughn,F,12th,Hernandez High School,63,67
8880,Sean Levine,M,11th,Hernandez High School,63,78
8881,James Snyder,M,11th,Hernandez High School,88,91
8882,Jessica Rogers,F,9th,Hernandez High School,72,61
8883,Julia Romero,F,12th,Hernandez High School,75,63
8884,Scott Beard,M,9th,Hernandez High School,91,69
8885,Matthew Williams,M,11th,Hernandez High School,99,62
8886,Jennifer Mathews,F,9th,Hernandez High School,84,57
8887,Kristin Collins,F,9th,Hernandez High School,65,95
8888,Juan Cole,M,11th,Hernandez High School,75,66
8889,George Martin,M,10th,Hernandez High School,71,65
8890,Catherine Norris,F,9th,Hernandez High School,91,88
8891,Kelly Holt,F,9th,Hernandez High School,77,67
8892,Jack Kelly,M,9th,Hernandez High School,80,63
8893,Wayne Davis,M,11th,Hernandez High School,90,56
8894,Stephanie Campos,F,10th,Hernandez High School,80,85
8895,Gabrielle Burns,F,11th,Hernandez High School,72,84
8896,Michael Watts,M,9th,Hernandez High School,80,98
8897,Michael Clark,M,12th,Hernandez High School,69,75
8898,Claudia Juarez,F,9th,Hernandez High School,76,79
8899,Evan Floyd,M,9th,Hernandez High School,84,73
8900,Michael Gibbs,M,10th,Hernandez High School,96,87
8901,Jesse Sandoval,M,9th,Hernandez High School,67,96
8902,Jennifer Gray,F,9th,Hernandez High School,98,61
8903,Alicia Suarez,F,11th,Hernandez High School,64,72
8904,Cynthia Burke,F,9th,Hernandez High School,74,82
8905,John Thomas,M,9th,Hernandez High School,80,56
8906,Jennifer Hayes,F,9th,Hernandez High School,82,72
8907,David Hardy,M,10th,Hernandez High School,90,79
8908,Ralph Krueger,M,9th,Hernandez High School,67,88
8909,Alex Mayer,M,10th,Hernandez High School,93,83
8910,Brian Lee,M,11th,Hernandez High School,87,83
8911,Matthew Alvarado,M,11th,Hernandez High School,66,85
8912,Taylor Combs,F,12th,Hernandez High School,78,71
8913,Brooke Mahoney,F,12th,Hernandez High School,67,93
8914,Kevin Ramos,M,9th,Hernandez High School,99,80
8915,Kelly Rodriguez,F,11th,Hernandez High School,92,84
8916,Dylan Hoffman,M,12th,Hernandez High School,65,81
8917,Deborah Harrison,F,11th,Hernandez High School,91,57
8918,John Moses,M,10th,Hernandez High School,83,81
8919,Brandon Mack,M,11th,Hernandez High School,80,62
8920,Tonya Wood,F,11th,Hernandez High School,82,62
8921,Jeffrey Ellison,M,11th,Hernandez High School,90,70
8922,Charles Bailey,M,10th,Hernandez High School,81,71
8923,Kathryn Hughes,F,10th,Hernandez High School,86,91
8924,Justin Nguyen,M,12th,Hernandez High School,98,77
8925,Robert Larson,M,9th,Hernandez High School,77,67
8926,Derek Moore,M,10th,Hernandez High School,70,97
8927,Kimberly Gilmore,F,9th,Hernandez High School,89,99
8928,Bruce Mendez,M,9th,Hernandez High School,70,59
8929,James Morris,M,9th,Hernandez High School,94,71
8930,Donna Johnson,F,12th,Hernandez High School,98,73
8931,Andrew Sherman,M,11th,Hernandez High School,93,68
8932,Laura Berry,F,9th,Hernandez High School,88,80
8933,Lauren Reed,F,12th,Hernandez High School,74,65
8934,Shannon Leon,F,9th,Hernandez High School,99,57
8935,Alexander Farrell,M,11th,Hernandez High School,79,61
8936,Kenneth Young,M,9th,Hernandez High School,77,84
8937,Russell Gallegos,M,10th,Hernandez High School,99,92
8938,John Miller,M,10th,Hernandez High School,72,79
8939,Jerry Hanson,M,9th,Hernandez High School,67,85
8940,Allison Gonzalez,F,11th,Hernandez High School,77,70
8941,Jacqueline Ryan,F,12th,Hernandez High School,86,92
8942,Donna Berry,F,10th,Hernandez High School,80,74
8943,Marie Mason,F,9th,Hernandez High School,73,92
8944,Melissa Humphrey,F,11th,Hernandez High School,76,77
8945,Martin Hanna,M,12th,Hernandez High School,64,75
8946,Anthony Kline,M,10th,Hernandez High School,99,82
8947,Debbie Harper,F,11th,Hernandez High School,83,94
8948,Andrea Davenport,F,11th,Hernandez High School,99,74
8949,Julie Gonzalez,F,11th,Hernandez High School,67,97
8950,Anthony Weaver,M,11th,Hernandez High School,82,98
8951,Ashley Macias,F,11th,Hernandez High School,92,94
8952,Sarah Hill,F,11th,Hernandez High School,85,99
8953,Christopher Jimenez,M,10th,Hernandez High School,73,69
8954,Dennis White,M,11th,Hernandez High School,85,57
8955,Angelica Wilcox,F,10th,Hernandez High School,80,90
8956,Kayla Bryan,F,9th,Hernandez High School,88,72
8957,Jeffery Gomez,M,10th,Hernandez High School,92,94
8958,Angela Andersen,F,9th,Hernandez High School,84,86
8959,Judy Smith,F,11th,Hernandez High School,81,98
8960,Peter Sanchez,M,11th,Hernandez High School,69,85
8961,Shelby Roberts,F,12th,Hernandez High School,77,55
8962,Lisa Patel,F,10th,Hernandez High School,68,76
8963,Ann Donaldson,F,10th,Hernandez High School,82,87
8964,Brooke Nguyen,F,12th,Hernandez High School,89,96
8965,Samuel Chase,M,12th,Hernandez High School,96,88
8966,Johnny Mercado,M,10th,Hernandez High School,81,93
8967,Linda Rowland,F,11th,Hernandez High School,86,67
8968,Justin Garcia,M,9th,Hernandez High School,89,70
8969,James Lucas,M,11th,Hernandez High School,78,86
8970,Laurie Hoffman,F,10th,Hernandez High School,72,59
8971,Ashley Roberts,F,9th,Hernandez High School,67,73
8972,Jennifer Houston,F,9th,Hernandez High School,69,67
8973,Daniel Hanson,M,10th,Hernandez High School,87,97
8974,Chad Romero,M,11th,Hernandez High School,70,60
8975,Jacqueline Escobar,F,10th,Hernandez High School,64,89
8976,Cynthia Cortez,F,11th,Hernandez High School,80,58
8977,Michael Williams,M,12th,Hernandez High School,88,59
8978,Amy Hill,F,11th,Hernandez High School,94,82
8979,Russell Bennett,M,12th,Hernandez High School,76,70
8980,Pamela Lee,F,11th,Hernandez High School,88,58
8981,Jessica Richardson,F,12th,Hernandez High School,82,71
8982,Shannon Butler,F,9th,Hernandez High School,98,99
8983,Mark Gallegos,M,9th,Hernandez High School,78,86
8984,Victoria Kelly,F,11th,Hernandez High School,98,79
8985,Amanda Allison,F,9th,Hernandez High School,63,71
8986,Sheila Matthews,F,10th,Hernandez High School,72,73
8987,Clifford Goodman,M,12th,Hernandez High School,85,58
8988,Jessica Herrera,F,10th,Hernandez High School,94,72
8989,Peggy Mcclain,F,10th,Hernandez High School,87,90
8990,Deborah Cameron,F,10th,Hernandez High School,96,91
8991,James Smith,M,12th,Hernandez High School,74,84
8992,Sara Mitchell,F,11th,Hernandez High School,64,82
8993,Rachel Sparks,F,9th,Hernandez High School,75,79
8994,Kaitlyn Patel,F,9th,Hernandez High School,92,74
8995,Jacob Davis,M,9th,Hernandez High School,95,60
8996,William Schaefer,M,12th,Hernandez High School,96,56
8997,Lee Mcclure,M,11th,Hernandez High School,80,79
8998,Ronald Barry,M,9th,Hernandez High School,68,68
8999,Allison Sanford,F,9th,Hernandez High School,92,68
9000,Diana Guzman,F,9th,Hernandez High School,74,79
9001,Kyle Walker ,M,10th,Hernandez High School,98,56
9002,Daniel Owens,M,9th,Hernandez High School,72,87
9003,Nicole Anderson,F,9th,Hernandez High School,82,82
9004,Brandon Bailey,M,12th,Hernandez High School,94,79
9005,Brian Chase,M,9th,Hernandez High School,95,97
9006,Mary Martin,F,10th,Hernandez High School,85,89
9007,Christian Mcknight,M,11th,Hernandez High School,74,75
9008,Leslie Burgess,F,12th,Hernandez High School,92,78
9009,Michelle Lee,F,9th,Hernandez High School,70,76
9010,Melinda Moore,F,12th,Hernandez High School,79,96
9011,Stephanie Wilson,F,9th,Hernandez High School,98,91
9012,Katherine Jackson,F,9th,Hernandez High School,92,91
9013,John Moore,M,11th,Hernandez High School,79,64
9014,Jennifer Cobb,F,12th,Hernandez High School,90,80
9015,Joel Richardson,M,11th,Hernandez High School,99,64
9016,Adrian Richardson,M,9th,Hernandez High School,95,55
9017,Marisa Kent,F,12th,Hernandez High School,90,65
9018,Thomas Munoz,M,10th,Hernandez High School,93,96
9019,Fred Rollins,M,9th,Hernandez High School,79,79
9020,Jennifer Barton,F,9th,Hernandez High School,92,92
9021,Tracy Bishop,F,10th,Hernandez High School,79,78
9022,Lisa Thompson,F,9th,Hernandez High School,93,99
9023,Jason Norris,M,10th,Hernandez High School,69,73
9024,Paula Martinez,F,11th,Hernandez High School,63,66
9025,Laura Henry,F,9th,Hernandez High School,97,69
9026,Mark Holland,M,9th,Hernandez High School,94,79
9027,Caleb Oliver ,M,12th,Hernandez High School,65,75
9028,Patrick Johnson,M,11th,Hernandez High School,78,91
9029,Zachary Torres,M,10th,Hernandez High School,73,88
9030,Timothy Hill,M,12th,Hernandez High School,82,68
9031,Jennifer Li,F,11th,Hernandez High School,97,66
9032,Martha Rojas,F,9th,Hernandez High School,74,63
9033,Blake Black,M,9th,Hernandez High School,84,75
9034,Mark Hood,M,12th,Hernandez High School,99,79
9035,Charles Thomas,M,10th,Hernandez High School,95,56
9036,Lorraine Mclaughlin,F,9th,Hernandez High School,70,99
9037,Kendra Butler,F,11th,Hernandez High School,65,89
9038,Roy Huber,M,9th,Hernandez High School,77,77
9039,Yvette Reyes,F,10th,Hernandez High School,83,59
9040,Colton Wade,M,9th,Hernandez High School,74,66
9041,Kimberly Garcia,F,10th,Hernandez High School,85,96
9042,Edward Owens,M,12th,Hernandez High School,74,64
9043,Connor Underwood,M,11th,Hernandez High School,88,75
9044,Tina Vargas,F,9th,Hernandez High School,77,97
9045,Matthew Underwood,M,11th,Hernandez High School,65,98
9046,Alexander Clark,M,10th,Hernandez High School,63,68
9047,Daniel Manning,M,12th,Hernandez High School,83,66
9048,Roy Jones,M,10th,Hernandez High School,67,76
9049,Michael Watson,M,10th,Hernandez High School,94,60
9050,Alexander Cannon,M,11th,Hernandez High School,98,77
9051,James Thompson,M,9th,Hernandez High School,72,63
9052,Kimberly Meza,F,11th,Hernandez High School,72,92
9053,Adam Smith,M,12th,Hernandez High School,98,88
9054,Steve Wright,M,11th,Hernandez High School,70,72
9055,Sally Carroll,F,9th,Hernandez High School,87,80
9056,Scott Cook,M,9th,Hernandez High School,65,85
9057,Kerry Singh,M,9th,Hernandez High School,99,64
9058,Vanessa Pearson,F,10th,Hernandez High School,94,80
9059,Shannon Vaughn,F,9th,Hernandez High School,88,91
9060,Austin Garcia,M,9th,Hernandez High School,88,94
9061,Christopher Smith,M,10th,Hernandez High School,83,56
9062,John Armstrong,M,10th,Hernandez High School,76,69
9063,Ashley Nichols,F,12th,Hernandez High School,78,85
9064,Shelly Thompson,F,12th,Hernandez High School,83,92
9065,John Rodriguez,M,12th,Hernandez High School,63,82
9066,Cameron Erickson,M,11th,Hernandez High School,72,61
9067,David King,M,9th,Hernandez High School,83,77
9068,Ryan Daniel,M,10th,Hernandez High School,85,59
9069,Angela Colon,F,9th,Hernandez High School,76,76
9070,Eric Taylor,M,10th,Hernandez High School,89,85
9071,Denise Barnes,F,9th,Hernandez High School,89,99
9072,Jessica Nicholson,F,9th,Hernandez High School,70,88
9073,Emily Savage,F,11th,Hernandez High School,74,71
9074,Alexander Henry,M,11th,Hernandez High School,71,78
9075,Pamela Oliver ,F,9th,Hernandez High School,86,84
9076,Jerry Armstrong,M,9th,Hernandez High School,68,94
9077,April Coleman,F,9th,Hernandez High School,89,62
9078,Bill Butler,M,11th,Hernandez High School,92,93
9079,Brittany Yates,F,10th,Hernandez High School,80,83
9080,Andrea French,F,11th,Hernandez High School,84,64
9081,David Christensen,M,9th,Hernandez High School,86,93
9082,Kimberly Campbell,F,10th,Hernandez High School,74,76
9083,Mariah Russell ,F,12th,Hernandez High School,89,72
9084,Jeremy Mcguire,M,11th,Hernandez High School,82,93
9085,Monica Brown,F,10th,Hernandez High School,68,71
9086,Alexander Avery,M,9th,Hernandez High School,93,72
9087,Denise Vasquez,F,11th,Hernandez High School,94,57
9088,Brooke Henry,F,11th,Hernandez High School,72,96
9089,Samantha Mueller,F,9th,Hernandez High School,98,57
9090,Michael Davis,M,10th,Hernandez High School,79,71
9091,Jonathan Fisher ,M,11th,Hernandez High School,74,58
9092,Robert Waters,M,11th,Hernandez High School,89,81
9093,Rachel Brown,F,9th,Hernandez High School,66,62
9094,Patricia Kim,F,10th,Hernandez High School,96,91
9095,Daniel Dean,M,9th,Hernandez High School,89,78
9096,Rita Ortiz,F,10th,Hernandez High School,67,85
9097,Derrick Kim,M,9th,Hernandez High School,98,96
9098,Randy Mcneil,M,9th,Hernandez High School,81,92
9099,John Martinez,M,10th,Hernandez High School,64,69
9100,Nicole Joyce,F,9th,Hernandez High School,89,90
9101,Julie Sanchez,F,10th,Hernandez High School,75,56
9102,Megan Miranda,F,9th,Hernandez High School,63,91
9103,Jane Murphy,F,12th,Hernandez High School,92,86
9104,Scott Schneider,M,11th,Hernandez High School,85,69
9105,Donna Richardson,F,10th,Hernandez High School,69,61
9106,Jason Nelson,M,10th,Hernandez High School,71,68
9107,Daniel Horn,M,12th,Hernandez High School,77,94
9108,Rodney Joseph,M,9th,Hernandez High School,77,56
9109,Linda Cruz,F,10th,Hernandez High School,66,85
9110,Stephen Moran,M,12th,Hernandez High School,83,89
9111,Tony White,M,9th,Hernandez High School,91,76
9112,Jesus Nguyen,M,10th,Hernandez High School,84,93
9113,Matthew Rivera,M,11th,Hernandez High School,78,84
9114,Thomas Johnson,M,10th,Hernandez High School,94,95
9115,John Smith,M,11th,Hernandez High School,79,57
9116,Brianna Chandler,F,11th,Hernandez High School,82,62
9117,Brian Murray,M,9th,Hernandez High School,84,68
9118,Scott Santiago,M,10th,Hernandez High School,63,62
9119,Andrew Taylor,M,9th,Hernandez High School,90,90
9120,Morgan Simpson,F,10th,Hernandez High School,91,66
9121,Christopher Lee,M,12th,Hernandez High School,66,77
9122,Nicole Russell,F,10th,Hernandez High School,69,98
9123,Samuel Smith,M,12th,Hernandez High School,65,81
9124,Richard Clark,M,9th,Hernandez High School,65,93
9125,Jacob Graves,M,11th,Hernandez High School,69,62
9126,Allison Hubbard,F,12th,Hernandez High School,82,94
9127,Jason Young,M,11th,Hernandez High School,80,64
9128,Robin Riley,F,10th,Hernandez High School,96,95
9129,Christopher Schultz,M,12th,Hernandez High School,82,59
9130,Joan Lee,F,10th,Hernandez High School,77,65
9131,Mary Maxwell,F,12th,Hernandez High School,87,56
9132,Justin Barker,M,9th,Hernandez High School,64,88
9133,Aaron Aguilar,M,9th,Hernandez High School,90,60
9134,Cory Nielsen,M,9th,Hernandez High School,63,86
9135,Amanda Barry,F,10th,Hernandez High School,67,89
9136,Kevin Faulkner,M,10th,Hernandez High School,99,80
9137,Jessica Williams,F,12th,Hernandez High School,91,96
9138,Stephanie Santana,F,9th,Hernandez High School,94,94
9139,Robin Jones,F,10th,Hernandez High School,73,56
9140,Lisa Gomez,F,11th,Hernandez High School,73,76
9141,Phillip Rhodes,M,10th,Hernandez High School,69,65
9142,Marvin Lee,M,10th,Hernandez High School,76,61
9143,Sarah Mcintosh ,F,9th,Hernandez High School,74,89
9144,Casey Pratt,F,11th,Hernandez High School,78,88
9145,Julia Velazquez,F,11th,Hernandez High School,91,57
9146,Karen Williams,F,12th,Hernandez High School,76,61
9147,Crystal George,F,12th,Hernandez High School,96,96
9148,Shaun Mitchell,M,12th,Hernandez High School,96,87
9149,Manuel Rice,M,12th,Hernandez High School,81,69
9150,David Nelson,M,9th,Hernandez High School,94,76
9151,Thomas Contreras,M,9th,Hernandez High School,63,90
9152,Jennifer Wu,F,9th,Hernandez High School,83,86
9153,Amanda Wells,F,11th,Hernandez High School,69,91
9154,Dominique Elliott,F,9th,Hernandez High School,66,61
9155,Christopher Cortez,M,11th,Hernandez High School,99,94
9156,Lisa Collier,F,9th,Hernandez High School,81,97
9157,Alan Walters,M,11th,Hernandez High School,81,87
9158,Mark Robertson,M,9th,Hernandez High School,88,91
9159,Melissa Huang,F,12th,Hernandez High School,78,97
9160,Jennifer Parker,F,9th,Hernandez High School,83,84
9161,James Kelly,M,10th,Hernandez High School,82,98
9162,Stacy Baker,F,9th,Hernandez High School,97,86
9163,Martha Lopez,F,10th,Hernandez High School,63,78
9164,William Ochoa,M,12th,Hernandez High School,69,70
9165,Jose Taylor,M,9th,Hernandez High School,94,76
9166,Natasha Benson,F,9th,Hernandez High School,77,87
9167,Bruce Barr,M,9th,Hernandez High School,90,81
9168,Brian Li,M,9th,Hernandez High School,79,95
9169,Joseph Norman,M,11th,Hernandez High School,99,93
9170,Ryan Mueller,M,11th,Hernandez High School,68,90
9171,Adam Anderson,M,11th,Hernandez High School,76,60
9172,Brian Perry,M,11th,Hernandez High School,70,68
9173,Sylvia Jackson,F,12th,Hernandez High School,90,78
9174,Peggy Farmer,F,9th,Hernandez High School,78,87
9175,Michael Smith,M,9th,Hernandez High School,73,82
9176,Bianca Arnold,F,11th,Hernandez High School,66,67
9177,Michael Lester,M,12th,Hernandez High School,89,77
9178,Andrea Wilson,F,10th,Hernandez High School,92,90
9179,Brian Conner,M,10th,Hernandez High School,89,57
9180,Mary Holland,F,9th,Hernandez High School,72,70
9181,Lynn Jones ,F,12th,Hernandez High School,97,87
9182,Angela Sanders,F,12th,Hernandez High School,74,98
9183,Jack Tapia,M,12th,Hernandez High School,74,60
9184,Allison Martinez ,F,12th,Hernandez High School,86,68
9185,Robert Thompson,M,11th,Hernandez High School,75,59
9186,Stephanie Fisher,F,9th,Hernandez High School,81,86
9187,Briana Stevens,F,9th,Hernandez High School,82,60
9188,Natalie Stephenson,F,10th,Hernandez High School,72,62
9189,Miranda Ross,F,12th,Hernandez High School,63,96
9190,Sean Mora,M,11th,Hernandez High School,89,74
9191,Anita Cunningham,F,9th,Hernandez High School,89,81
9192,Jessica Kim,F,10th,Hernandez High School,79,86
9193,John Willis,M,11th,Hernandez High School,67,77
9194,Glenda Reyes,F,9th,Hernandez High School,82,64
9195,Kristen Deleon,F,12th,Hernandez High School,99,69
9196,Mark Williams,M,9th,Hernandez High School,88,82
9197,Sarah Rice,F,11th,Hernandez High School,63,95
9198,Charles Davis,M,10th,Hernandez High School,78,66
9199,Angelica Williams,F,10th,Hernandez High School,83,99
9200,Mark Dunlap,M,12th,Hernandez High School,83,57
9201,Joseph Blanchard,M,10th,Hernandez High School,70,77
9202,Renee Conner,F,11th,Hernandez High School,64,60
9203,Michelle Riley,F,9th,Hernandez High School,78,70
9204,Peggy Alvarado,F,12th,Hernandez High School,89,69
9205,Shawn Houston,M,11th,Hernandez High School,81,92
9206,Kayla Cruz,F,9th,Hernandez High School,68,81
9207,Erin Durham,F,12th,Hernandez High School,94,98
9208,Crystal Jones,F,11th,Hernandez High School,82,67
9209,Glenda Foley,F,11th,Hernandez High School,86,76
9210,Amber Reyes,F,12th,Hernandez High School,74,58
9211,Mary Morales,F,10th,Hernandez High School,91,88
9212,Cody Martinez,M,11th,Hernandez High School,71,68
9213,Paul Taylor,M,9th,Hernandez High School,69,65
9214,Jeffrey Zamora ,M,9th,Hernandez High School,93,68
9215,Jillian Gonzalez,F,9th,Hernandez High School,81,95
9216,Christopher Burgess,M,10th,Hernandez High School,75,55
9217,Casey Higgins,M,12th,Hernandez High School,71,68
9218,Teresa Kramer,F,10th,Hernandez High School,94,86
9219,Amy Schneider,F,12th,Hernandez High School,93,95
9220,Diamond Pearson,F,9th,Hernandez High School,66,65
9221,Robert Love,M,12th,Hernandez High School,92,84
9222,Louis Thomas,M,9th,Hernandez High School,89,68
9223,Kelly Nelson,F,11th,Hernandez High School,76,61
9224,Thomas Caldwell,M,9th,Hernandez High School,93,69
9225,Joseph Kim,M,9th,Hernandez High School,70,71
9226,Bobby Adams,M,11th,Hernandez High School,78,61
9227,Francis Farmer,M,12th,Hernandez High School,76,78
9228,Caleb Gonzales,M,10th,Hernandez High School,97,58
9229,Eduardo Wagner,M,11th,Hernandez High School,94,65
9230,Joseph Baker,M,9th,Hernandez High School,63,91
9231,Crystal Nguyen,F,10th,Hernandez High School,93,99
9232,Anna Morris,F,12th,Hernandez High School,72,90
9233,Katherine Huynh,F,10th,Hernandez High School,92,92
9234,Geoffrey Schwartz,M,11th,Hernandez High School,90,91
9235,Teresa Jones,F,12th,Hernandez High School,87,58
9236,Mark Adams,M,10th,Hernandez High School,72,81
9237,Lawrence Doyle,M,10th,Hernandez High School,67,83
9238,Donald Roberts,M,9th,Hernandez High School,76,57
9239,Kathryn Browning,F,9th,Hernandez High School,72,93
9240,Cynthia Robinson,F,9th,Hernandez High School,81,64
9241,Kristy Grant,F,10th,Hernandez High School,77,55
9242,Stephanie Turner,F,10th,Hernandez High School,73,99
9243,David Harrison,M,11th,Hernandez High School,64,99
9244,Elizabeth Doyle,F,10th,Hernandez High School,63,72
9245,Jose Hill,M,9th,Hernandez High School,76,66
9246,Jennifer Brown,F,9th,Hernandez High School,65,77
9247,Brian Boyer,M,12th,Hernandez High School,98,85
9248,Sarah Burton,F,11th,Hernandez High School,97,98
9249,Cynthia Dickerson,F,12th,Hernandez High School,74,66
9250,Lori Schmidt,F,9th,Hernandez High School,84,70
9251,Michael Harris,M,11th,Hernandez High School,86,59
9252,Pamela Martinez,F,10th,Hernandez High School,81,98
9253,Rachel Smith,F,11th,Hernandez High School,66,80
9254,John Braun,M,9th,Hernandez High School,71,93
9255,Tamara Evans,F,10th,Hernandez High School,67,91
9256,Troy Gibson,M,10th,Hernandez High School,90,99
9257,Victor Jenkins,M,10th,Hernandez High School,73,60
9258,Nicholas Holland,M,10th,Hernandez High School,99,68
9259,Megan Pearson,F,9th,Hernandez High School,72,89
9260,James Mitchell,M,11th,Hernandez High School,85,88
9261,Eric Jones,M,10th,Hernandez High School,71,82
9262,David Nunez,M,10th,Hernandez High School,65,73
9263,Kyle Alvarado,M,9th,Hernandez High School,78,63
9264,Katherine Palmer,F,10th,Hernandez High School,78,61
9265,Danielle Middleton,F,9th,Hernandez High School,89,71
9266,Jason Ramirez,M,10th,Hernandez High School,81,90
9267,Adam Marquez,M,9th,Hernandez High School,87,71
9268,Jeremy Hancock,M,12th,Hernandez High School,79,94
9269,Donald Payne,M,9th,Hernandez High School,83,89
9270,Austin Miller,M,12th,Hernandez High School,81,84
9271,Timothy Shelton,M,12th,Hernandez High School,88,58
9272,Maria Keith,F,10th,Hernandez High School,72,63
9273,Philip Thornton,M,9th,Hernandez High School,87,93
9274,Joshua Davis,M,9th,Hernandez High School,95,95
9275,Sarah Nicholson,F,9th,Hernandez High School,92,66
9276,Amy Higgins,F,9th,Hernandez High School,65,90
9277,Alan Garcia,M,10th,Hernandez High School,75,89
9278,Brian Phillips,M,10th,Hernandez High School,66,90
9279,Stephanie Terrell,F,10th,Hernandez High School,68,92
9280,Zachary Smith,M,11th,Hernandez High School,91,94
9281,Tyler Herrera,M,11th,Hernandez High School,96,84
9282,Kenneth Munoz Jr.,M,11th,Hernandez High School,77,90
9283,Teresa Marshall,F,11th,Hernandez High School,84,58
9284,James Wolf,M,11th,Hernandez High School,88,95
9285,Richard Mcdonald,M,12th,Hernandez High School,74,58
9286,William Goodman,M,10th,Hernandez High School,90,76
9287,Nancy Martin,F,12th,Hernandez High School,85,58
9288,Scott Shaw,M,9th,Hernandez High School,79,65
9289,Shannon Khan,F,9th,Hernandez High School,92,98
9290,Eddie Martin,M,11th,Hernandez High School,77,70
9291,Kathy Hernandez,F,12th,Hernandez High School,75,58
9292,David Reese,M,11th,Hernandez High School,87,57
9293,Kimberly Edwards,F,11th,Hernandez High School,63,56
9294,Kathy Spence,F,9th,Hernandez High School,67,83
9295,Richard Michael,M,11th,Hernandez High School,97,91
9296,Laura Summers,F,10th,Hernandez High School,69,93
9297,Sheila Ray,F,11th,Hernandez High School,99,63
9298,Erica Hampton,F,11th,Hernandez High School,75,62
9299,Kathleen Fitzpatrick,F,10th,Hernandez High School,79,62
9300,Ellen Johnson,F,12th,Hernandez High School,69,56
9301,William Mathis,M,9th,Hernandez High School,85,58
9302,Danielle Turner,F,9th,Hernandez High School,89,97
9303,Chad Simon,M,12th,Hernandez High School,87,61
9304,David Andrews,M,10th,Hernandez High School,92,83
9305,Christian Moran,M,9th,Hernandez High School,79,77
9306,Joshua Thompson,M,10th,Hernandez High School,73,76
9307,Alyssa Meza,F,9th,Hernandez High School,70,93
9308,Crystal Chavez,F,9th,Hernandez High School,67,94
9309,Jeremiah Wilson,M,9th,Hernandez High School,91,92
9310,Michele Austin,F,11th,Hernandez High School,77,99
9311,Amber Dickerson,F,11th,Hernandez High School,66,67
9312,Ellen Mcclure ,F,12th,Hernandez High School,98,70
9313,Joseph Hughes,M,11th,Hernandez High School,72,87
9314,Samantha Ballard ,F,9th,Hernandez High School,65,65
9315,Colleen Watson,F,9th,Hernandez High School,92,70
9316,Courtney Holder,F,12th,Hernandez High School,84,92
9317,Hannah Brown,F,10th,Hernandez High School,71,72
9318,Jessica Lindsey,F,9th,Hernandez High School,94,85
9319,Melissa King,F,10th,Hernandez High School,65,60
9320,Jeffery Patterson,M,11th,Hernandez High School,76,92
9321,Steven Perez,M,10th,Hernandez High School,73,87
9322,Ian Gordon,M,10th,Hernandez High School,78,88
9323,Wendy Clay,F,10th,Hernandez High School,69,66
9324,Chris Smith,M,10th,Hernandez High School,65,77
9325,Jesus Morrison,M,11th,Hernandez High School,83,81
9326,Vanessa Chandler,F,9th,Hernandez High School,76,82
9327,Julie Wilson,F,11th,Hernandez High School,86,98
9328,Ross Schmidt,M,11th,Hernandez High School,72,88
9329,Kimberly Johnson,F,9th,Hernandez High School,98,95
9330,Anthony Wolfe,M,9th,Hernandez High School,82,74
9331,Sara Wilson,F,10th,Hernandez High School,69,92
9332,Derek Griffin,M,12th,Hernandez High School,71,57
9333,Stacey Martinez,F,12th,Hernandez High School,88,89
9334,Terry Chen,M,11th,Hernandez High School,89,88
9335,Leonard Reid,M,12th,Hernandez High School,95,75
9336,John Gomez,M,9th,Hernandez High School,81,94
9337,Stephen Thompson,M,9th,Hernandez High School,73,66
9338,Meghan Holmes,F,11th,Hernandez High School,92,88
9339,Kyle Lane,M,9th,Hernandez High School,73,58
9340,Jesse Sanders,M,11th,Hernandez High School,89,69
9341,James Gardner,M,11th,Hernandez High School,76,77
9342,Anna Medina,F,10th,Hernandez High School,66,82
9343,Nicole Warren,F,9th,Hernandez High School,95,98
9344,Douglas Cabrera,M,11th,Hernandez High School,85,61
9345,Stephanie Reed,F,10th,Hernandez High School,92,68
9346,Vicki King,F,12th,Hernandez High School,83,64
9347,Cameron Carter,M,10th,Hernandez High School,78,56
9348,Joshua Crawford,M,10th,Hernandez High School,68,92
9349,Holly Rivera,F,10th,Hernandez High School,67,95
9350,Kenneth Riggs,M,9th,Hernandez High School,91,56
9351,Amanda Yoder,F,11th,Hernandez High School,80,72
9352,Charles Bishop,M,10th,Hernandez High School,63,63
9353,Stephanie Warren,F,12th,Hernandez High School,74,66
9354,Tina Jones,F,10th,Hernandez High School,97,81
9355,Kimberly Payne,F,10th,Hernandez High School,89,83
9356,Sandra Baird,F,10th,Hernandez High School,71,95
9357,Nicholas Ramirez,M,9th,Hernandez High School,87,77
9358,Larry Leonard,M,11th,Hernandez High School,90,88
9359,Christopher Bennett,M,12th,Hernandez High School,94,70
9360,Michelle Hernandez,F,11th,Hernandez High School,64,73
9361,Laura Rogers,F,10th,Hernandez High School,89,76
9362,Jessica Mcgrath,F,9th,Hernandez High School,75,99
9363,Thomas Stanton,M,9th,Hernandez High School,95,79
9364,Vanessa Green,F,9th,Hernandez High School,79,79
9365,Damon Townsend,M,12th,Hernandez High School,97,71
9366,Allen Chen,M,9th,Hernandez High School,71,68
9367,Mariah Franco ,F,11th,Hernandez High School,85,64
9368,Patrick Powers,M,9th,Hernandez High School,83,66
9369,Drew Hines,M,12th,Hernandez High School,78,98
9370,Cameron Brandt,M,11th,Hernandez High School,89,99
9371,Johnny Williamson,M,10th,Hernandez High School,67,98
9372,Brandon Parker,M,11th,Hernandez High School,91,75
9373,Latoya Marquez,F,12th,Hernandez High School,66,98
9374,Rachel Williams,F,9th,Hernandez High School,99,84
9375,Julie Parker,F,10th,Hernandez High School,86,85
9376,Caitlin Taylor,F,9th,Hernandez High School,76,91
9377,Kristine Boone,F,9th,Hernandez High School,87,63
9378,Nicole Pearson,F,9th,Hernandez High School,93,84
9379,Victoria Dillon,F,11th,Hernandez High School,65,84
9380,Carrie Arnold,F,10th,Hernandez High School,90,67
9381,Aaron Hall,M,9th,Hernandez High School,76,89
9382,Frederick Davidson,M,9th,Hernandez High School,94,99
9383,Angela Mcknight,F,11th,Hernandez High School,92,98
9384,Oscar Meyers,M,11th,Hernandez High School,63,58
9385,Louis Reese,M,9th,Hernandez High School,90,75
9386,Heather Hill,F,11th,Hernandez High School,93,68
9387,Randall Brown,M,10th,Hernandez High School,92,74
9388,Michael Murphy,M,9th,Hernandez High School,80,90
9389,David Hall,M,12th,Hernandez High School,95,96
9390,Nicole Ray,F,11th,Hernandez High School,64,82
9391,Janet Hunter,F,11th,Hernandez High School,78,89
9392,Nathan Andrews,M,9th,Hernandez High School,98,75
9393,Lori Parker,F,9th,Hernandez High School,99,81
9394,Alec Heath,M,9th,Hernandez High School,85,56
9395,David Flores,M,12th,Hernandez High School,96,96
9396,Gina Jensen,F,10th,Hernandez High School,91,63
9397,Courtney Morrow,F,10th,Hernandez High School,93,68
9398,Kimberly Garcia,F,12th,Hernandez High School,98,89
9399,Julia Peterson,F,10th,Hernandez High School,89,68
9400,Adam Nelson,M,10th,Hernandez High School,96,91
9401,Paula Pearson,F,11th,Hernandez High School,96,60
9402,Dennis Ballard,M,11th,Hernandez High School,94,72
9403,Taylor Smith,F,9th,Hernandez High School,91,87
9404,Jeffrey Pollard,M,10th,Hernandez High School,79,60
9405,Marcus Dixon,M,9th,Hernandez High School,88,88
9406,Renee Brown,F,12th,Hernandez High School,78,63
9407,Samuel Best,M,10th,Hernandez High School,91,89
9408,Alexander Lee,M,10th,Hernandez High School,82,55
9409,Brett Barker,M,10th,Hernandez High School,96,67
9410,Benjamin Ayala,M,10th,Hernandez High School,86,96
9411,Brian Moore,M,10th,Hernandez High School,80,61
9412,Daniel Smith ,M,9th,Hernandez High School,79,83
9413,Angela Mason,F,10th,Hernandez High School,97,82
9414,Cynthia Ayala,F,10th,Hernandez High School,85,99
9415,Jon Delgado Jr.,M,12th,Hernandez High School,75,90
9416,Melissa King,F,9th,Hernandez High School,90,98
9417,Richard Cummings,M,11th,Hernandez High School,91,98
9418,Tammy Hunter,F,10th,Hernandez High School,71,69
9419,Christina Martin,F,9th,Hernandez High School,90,78
9420,John Morales,M,9th,Hernandez High School,95,60
9421,Chad Mckenzie,M,11th,Hernandez High School,64,84
9422,Clinton Walker,M,10th,Hernandez High School,90,97
9423,Mrs. Anna Dickerson,F,11th,Hernandez High School,93,88
9424,Madison Collier,F,9th,Hernandez High School,71,81
9425,Jessica Shields,F,12th,Hernandez High School,92,62
9426,Rebecca Moore,F,12th,Hernandez High School,64,70
9427,Albert Sanchez,M,10th,Hernandez High School,84,92
9428,Anne Contreras,F,9th,Hernandez High School,64,75
9429,Bradley Davis,M,9th,Hernandez High School,80,55
9430,Gina Miller,F,11th,Hernandez High School,65,84
9431,Amber Johnson,F,10th,Hernandez High School,72,76
9432,Lisa Knight,F,11th,Hernandez High School,95,80
9433,Matthew Rodriguez,M,11th,Hernandez High School,67,97
9434,Angela Garcia,F,10th,Hernandez High School,98,65
9435,Noah Sullivan,M,11th,Hernandez High School,87,93
9436,Jeff Smith,M,11th,Hernandez High School,82,82
9437,Nancy Ramsey,F,9th,Hernandez High School,91,88
9438,Larry Booker,M,12th,Hernandez High School,72,55
9439,Dylan Andrews,M,9th,Hernandez High School,93,88
9440,Catherine Jones,F,10th,Hernandez High School,94,96
9441,Cheryl Maxwell,F,9th,Hernandez High School,81,95
9442,Daniel Carpenter,M,10th,Hernandez High School,86,96
9443,Elizabeth Jensen,F,10th,Hernandez High School,86,65
9444,Paul Rice,M,9th,Hernandez High School,67,96
9445,Sandra Sherman,F,9th,Hernandez High School,96,94
9446,Michael Wilson,M,9th,Hernandez High School,79,70
9447,Melissa Mcintyre,F,10th,Hernandez High School,76,75
9448,Timothy Ramirez,M,10th,Hernandez High School,78,97
9449,Barbara Taylor,F,10th,Hernandez High School,85,65
9450,William Pacheco,M,12th,Hernandez High School,71,83
9451,Jeremiah Webb,M,10th,Hernandez High School,79,89
9452,Kathy Ellis,F,12th,Hernandez High School,72,97
9453,Angela Kim,F,11th,Hernandez High School,86,94
9454,Melanie Price,F,9th,Hernandez High School,63,99
9455,Brandon Rodriguez,M,11th,Hernandez High School,77,87
9456,Karen Curtis,F,12th,Hernandez High School,87,93
9457,Mrs. Cynthia Martinez ,F,12th,Hernandez High School,83,90
9458,Michelle Guerrero,F,11th,Hernandez High School,93,67
9459,Angela Hamilton ,F,10th,Hernandez High School,63,85
9460,William Lang,M,12th,Hernandez High School,91,84
9461,James Levine,M,9th,Hernandez High School,77,94
9462,David Ellis,M,10th,Hernandez High School,88,63
9463,Mark Barker,M,12th,Hernandez High School,86,65
9464,Teresa Murray,F,9th,Hernandez High School,95,84
9465,Adriana Hernandez,F,12th,Hernandez High School,92,72
9466,Juan Becker,M,10th,Hernandez High School,79,90
9467,Robin Anderson,F,9th,Hernandez High School,85,87
9468,Elizabeth Ware,F,11th,Hernandez High School,84,59
9469,Calvin Valencia,M,10th,Hernandez High School,88,57
9470,Ryan Gonzalez,M,12th,Hernandez High School,91,76
9471,Kelly Wells,F,11th,Hernandez High School,90,92
9472,Brandy Torres,F,12th,Hernandez High School,98,83
9473,Wendy Morgan,F,10th,Hernandez High School,84,73
9474,William Shea,M,9th,Hernandez High School,85,85
9475,Travis Austin,M,12th,Hernandez High School,93,96
9476,Charles Beck,M,9th,Hernandez High School,95,60
9477,Katie Mcdonald,F,11th,Hernandez High School,90,70
9478,Carol Kennedy,F,10th,Hernandez High School,97,78
9479,Paige Bird,F,11th,Hernandez High School,86,78
9480,Jesse Haley,M,10th,Hernandez High School,87,60
9481,Vernon Reeves,M,10th,Hernandez High School,86,87
9482,Alexandra Richardson,F,11th,Hernandez High School,97,64
9483,Daniel King,M,10th,Hernandez High School,74,65
9484,Danielle Hayes,F,10th,Hernandez High School,93,68
9485,Lauren Garza,F,12th,Hernandez High School,89,82
9486,Derek Williams,M,12th,Hernandez High School,84,90
9487,Susan Dickson,F,9th,Hernandez High School,91,96
9488,Maria Olson,F,9th,Hernandez High School,66,83
9489,Deborah Weaver,F,9th,Hernandez High School,74,71
9490,Jason Wright,M,9th,Hernandez High School,87,92
9491,Nicholas Howell,M,12th,Hernandez High School,95,61
9492,Jeffrey Ruiz,M,12th,Hernandez High School,93,59
9493,Maria Cummings,F,11th,Hernandez High School,73,63
9494,Carrie Johnson,F,11th,Hernandez High School,65,58
9495,Janet White,F,11th,Hernandez High School,92,62
9496,Samuel Munoz,M,11th,Hernandez High School,91,67
9497,Catherine Gomez,F,12th,Hernandez High School,95,81
9498,Sharon Mitchell,F,11th,Hernandez High School,67,65
9499,Derek Rivera,M,9th,Hernandez High School,71,85
9500,Matthew Brewer,M,10th,Hernandez High School,93,63
9501,Andrew Edwards,M,9th,Hernandez High School,81,85
9502,April Casey,F,9th,Hernandez High School,69,73
9503,Christopher Fletcher,M,11th,Hernandez High School,81,82
9504,Jeremy Sutton,M,10th,Hernandez High School,88,59
9505,Deborah Mitchell,F,9th,Hernandez High School,92,79
9506,Christian Owen,M,12th,Hernandez High School,77,99
9507,Sonya Thomas,F,9th,Hernandez High School,92,85
9508,Gina Johnson,F,10th,Hernandez High School,74,74
9509,Annette Chavez,F,11th,Hernandez High School,68,84
9510,Kathryn Keller,F,10th,Hernandez High School,78,74
9511,Hannah Schultz,F,10th,Hernandez High School,89,73
9512,Jessica Higgins,F,9th,Hernandez High School,87,91
9513,Peter Simon,M,9th,Hernandez High School,88,64
9514,Marco Ramos,M,12th,Hernandez High School,78,70
9515,Heather Mcdowell,F,12th,Hernandez High School,79,87
9516,Kristen Ramsey,F,9th,Hernandez High School,97,57
9517,Mrs. Stephanie Stone,F,10th,Hernandez High School,94,71
9518,Erica Ellis,F,10th,Hernandez High School,76,77
9519,Sara Harris,F,10th,Hernandez High School,65,85
9520,Scott Clayton,M,9th,Hernandez High School,81,55
9521,Matthew Anderson,M,10th,Hernandez High School,84,83
9522,Savannah Espinoza,F,11th,Hernandez High School,83,80
9523,Justin Smith,M,10th,Hernandez High School,63,73
9524,Jillian Sutton,F,11th,Hernandez High School,81,64
9525,Cole Wolf,M,9th,Hernandez High School,80,58
9526,Jennifer Rowe,F,11th,Hernandez High School,63,74
9527,Samuel Stevens,M,9th,Hernandez High School,90,70
9528,Michelle Smith,F,10th,Hernandez High School,89,69
9529,Christopher Valdez,M,11th,Hernandez High School,90,99
9530,Katherine Reilly,F,10th,Hernandez High School,91,56
9531,Michael Gould,M,9th,Hernandez High School,97,76
9532,Jennifer Montgomery,F,10th,Hernandez High School,97,78
9533,Michelle Frazier,F,12th,Hernandez High School,64,87
9534,Andrea Carter,F,12th,Hernandez High School,73,82
9535,Todd Dixon,M,9th,Hernandez High School,95,68
9536,Lisa Wright,F,11th,Hernandez High School,84,94
9537,Anthony Gonzalez,M,12th,Hernandez High School,67,57
9538,Richard Nguyen,M,11th,Hernandez High School,76,83
9539,Marcus Kim ,M,12th,Hernandez High School,95,57
9540,Andrew Hernandez,M,10th,Hernandez High School,65,62
9541,Christina Gallagher,F,11th,Hernandez High School,68,74
9542,Rebecca Price,F,12th,Hernandez High School,95,84
9543,Aaron Perez,M,9th,Hernandez High School,88,73
9544,Michael Espinoza,M,10th,Hernandez High School,88,63
9545,Craig Martinez,M,12th,Hernandez High School,78,90
9546,Sandra Anthony,F,10th,Hernandez High School,81,58
9547,Rodney Reynolds,M,12th,Hernandez High School,81,87
9548,Ann Brock,F,10th,Hernandez High School,95,74
9549,Olivia Stewart,F,12th,Hernandez High School,67,64
9550,Jonathan Ellis,M,9th,Hernandez High School,76,76
9551,Sandra Palmer,F,11th,Hernandez High School,89,93
9552,Samantha Brown,F,12th,Hernandez High School,75,89
9553,James Mitchell,M,11th,Hernandez High School,85,63
9554,Judith Smith,F,9th,Hernandez High School,89,92
9555,Veronica Harmon,F,11th,Hernandez High School,75,58
9556,Monica Murray,F,11th,Hernandez High School,93,83
9557,Linda Hanson,F,9th,Hernandez High School,84,84
9558,John Mack,M,11th,Hernandez High School,89,62
9559,Christina Ramirez,F,11th,Hernandez High School,77,58
9560,Margaret Hernandez,F,10th,Hernandez High School,99,64
9561,Gina Johnson,F,9th,Hernandez High School,92,85
9562,Emily Flores,F,9th,Hernandez High School,77,69
9563,Jeffrey Lopez,M,11th,Hernandez High School,82,67
9564,Cheryl Williams,F,10th,Hernandez High School,63,62
9565,Jill Figueroa,F,11th,Hernandez High School,91,99
9566,Shawna Howard,F,10th,Hernandez High School,83,94
9567,Michael Stevenson,M,12th,Hernandez High School,87,67
9568,Carol Flores,F,10th,Hernandez High School,83,97
9569,Mackenzie Ryan,F,11th,Hernandez High School,78,65
9570,Anthony Gonzalez,M,10th,Hernandez High School,70,55
9571,Brett Carroll,M,9th,Hernandez High School,68,96
9572,Bernard Collins,M,9th,Hernandez High School,91,62
9573,Amanda Gonzales,F,11th,Hernandez High School,65,97
9574,Jamie Anderson,F,12th,Hernandez High School,95,94
9575,Joshua Carter,M,10th,Hernandez High School,90,75
9576,Autumn Johnson,F,10th,Hernandez High School,69,72
9577,Gary Bates,M,11th,Hernandez High School,90,79
9578,Daniel Knight,M,10th,Hernandez High School,96,73
9579,Charlotte Lopez,F,11th,Hernandez High School,88,82
9580,Sheri Griffin,F,10th,Hernandez High School,96,96
9581,Michael Grant,M,9th,Hernandez High School,68,89
9582,Joshua Ruiz,M,12th,Hernandez High School,81,62
9583,Linda Callahan,F,10th,Hernandez High School,84,87
9584,Kristina Smith,F,12th,Hernandez High School,90,84
9585,James Nelson,M,10th,Hernandez High School,76,60
9586,Jason Flowers,M,11th,Hernandez High School,86,85
9587,Jennifer Crawford,F,10th,Hernandez High School,78,69
9588,Tiffany Jones,F,11th,Hernandez High School,87,80
9589,John Higgins,M,11th,Hernandez High School,64,89
9590,Katelyn Russell,F,9th,Hernandez High School,85,88
9591,Jody Lee,F,12th,Hernandez High School,97,83
9592,Juan Garcia,M,10th,Hernandez High School,85,90
9593,Stephen Nelson,M,10th,Hernandez High School,73,89
9594,Christopher Fox,M,10th,Hernandez High School,78,90
9595,Justin Lynn,M,9th,Hernandez High School,97,92
9596,David Miller,M,9th,Hernandez High School,82,83
9597,Maria Marshall,F,11th,Hernandez High School,83,95
9598,Matthew Neal,M,10th,Hernandez High School,66,57
9599,Jennifer Gross,F,12th,Hernandez High School,81,92
9600,Kevin Cowan,M,11th,Hernandez High School,97,89
9601,Kyle Fisher,M,11th,Hernandez High School,94,63
9602,Jordan Brewer PhD,M,10th,Hernandez High School,93,59
9603,Tyler Wright,M,9th,Hernandez High School,75,56
9604,Anne Singh,F,9th,Hernandez High School,66,57
9605,Martin Marshall,M,11th,Hernandez High School,97,92
9606,Marilyn Reese,F,10th,Hernandez High School,85,96
9607,Chad Green,M,10th,Hernandez High School,99,92
9608,Nicole Jimenez,F,9th,Hernandez High School,98,82
9609,Craig Stokes,M,10th,Hernandez High School,64,57
9610,Jessica Werner,F,10th,Hernandez High School,73,89
9611,Eduardo Thomas,M,11th,Hernandez High School,74,60
9612,Stacy Kelly,F,11th,Hernandez High School,79,84
9613,Shawn Nolan,M,9th,Hernandez High School,66,85
9614,Lindsay Reed,F,10th,Hernandez High School,85,85
9615,Cory Taylor,M,10th,Hernandez High School,72,66
9616,Melissa Delacruz,F,10th,Hernandez High School,99,96
9617,Crystal Green,F,12th,Hernandez High School,69,65
9618,Lisa Johnson,F,9th,Hernandez High School,77,61
9619,Regina Perez,F,11th,Hernandez High School,76,81
9620,Jerry Roman,M,12th,Hernandez High School,86,57
9621,Danielle Thornton,F,10th,Hernandez High School,99,94
9622,Taylor May,F,12th,Hernandez High School,99,84
9623,Travis Carter,M,11th,Hernandez High School,98,75
9624,Savannah Perkins,F,11th,Hernandez High School,89,90
9625,Jonathan Estrada,M,11th,Hernandez High School,89,70
9626,Tamara Copeland,F,9th,Hernandez High School,72,88
9627,Craig Macdonald,M,11th,Hernandez High School,72,85
9628,Eric Gibson,M,9th,Hernandez High School,98,97
9629,Robert Barker,M,11th,Hernandez High School,82,76
9630,Edwin Hale,M,11th,Hernandez High School,95,82
9631,Brianna Brown,F,11th,Hernandez High School,83,88
9632,Cameron Steele,M,12th,Hernandez High School,95,63
9633,Steven Wright,M,9th,Hernandez High School,75,80
9634,Frederick Gregory,M,11th,Hernandez High School,73,75
9635,Sean Gilbert,M,12th,Hernandez High School,66,75
9636,Dawn Lee,F,10th,Hernandez High School,95,72
9637,Mary Smith,F,9th,Hernandez High School,96,80
9638,Stephanie Good,F,9th,Hernandez High School,68,93
9639,Donna Carr,F,11th,Hernandez High School,71,97
9640,Sarah Roberson,F,11th,Hernandez High School,82,81
9641,Angela Moore,F,11th,Hernandez High School,97,98
9642,Robert Guerra,M,11th,Hernandez High School,98,98
9643,Eugene Miller,M,12th,Hernandez High School,70,94
9644,Jill Blackwell,F,10th,Hernandez High School,80,60
9645,Chelsea Wilcox,F,10th,Hernandez High School,64,97
9646,Jason Taylor,M,11th,Hernandez High School,66,72
9647,Beverly Richard,F,9th,Hernandez High School,81,69
9648,Todd Smith,M,9th,Hernandez High School,92,62
9649,Sherry Powell,F,11th,Hernandez High School,94,77
9650,Kelsey Thompson,F,9th,Hernandez High School,89,94
9651,Samuel Murphy,M,10th,Hernandez High School,69,77
9652,Eric Beck,M,10th,Hernandez High School,91,77
9653,Jorge Lawrence,M,12th,Hernandez High School,77,94
9654,Robert Clarke,M,12th,Hernandez High School,92,69
9655,Julia Horton,F,10th,Hernandez High School,72,56
9656,Savannah Murphy,F,11th,Hernandez High School,83,77
9657,Johnathan Wallace,M,12th,Hernandez High School,94,97
9658,Mrs. Veronica Neal,F,12th,Hernandez High School,91,90
9659,Jonathan Hill,M,10th,Hernandez High School,63,86
9660,Lisa Griffin,F,9th,Hernandez High School,77,92
9661,Jason Murray,M,12th,Hernandez High School,87,67
9662,Mike Alvarez,M,9th,Hernandez High School,64,75
9663,Kenneth Hansen,M,10th,Hernandez High School,74,63
9664,Holly Thompson,F,10th,Hernandez High School,98,56
9665,Preston Mooney,M,10th,Hernandez High School,76,95
9666,Patricia Lee ,F,10th,Hernandez High School,70,65
9667,Michael Reese,M,9th,Hernandez High School,71,57
9668,Bryan Santiago,M,12th,Hernandez High School,99,79
9669,Jeremy Lowe,M,10th,Hernandez High School,91,93
9670,Carl Brown,M,10th,Hernandez High School,84,90
9671,Kimberly Thomas,F,11th,Hernandez High School,96,81
9672,Grant Green,M,9th,Hernandez High School,79,81
9673,Robin Suarez,F,10th,Hernandez High School,80,60
9674,Rebecca Lang,F,10th,Hernandez High School,71,66
9675,Andrew Taylor,M,11th,Hernandez High School,69,81
9676,Susan Henderson,F,11th,Hernandez High School,94,68
9677,Lauren Davis,F,12th,Hernandez High School,94,65
9678,Katherine Wright,F,11th,Hernandez High School,71,85
9679,Michael Lambert,M,11th,Hernandez High School,83,55
9680,Steven Arnold,M,11th,Hernandez High School,72,71
9681,Daniel Brown,M,9th,Hernandez High School,68,91
9682,Amanda Lee,F,10th,Hernandez High School,71,73
9683,Danielle Mcintyre,F,9th,Hernandez High School,98,76
9684,Melissa Herrera,F,10th,Hernandez High School,82,56
9685,Michael Reeves,M,12th,Hernandez High School,63,84
9686,Jessica Riley,F,9th,Hernandez High School,94,80
9687,Nicholas Mccullough,M,9th,Hernandez High School,85,62
9688,Lori Mitchell,F,10th,Hernandez High School,84,56
9689,Ana Gonzalez,F,12th,Hernandez High School,92,93
9690,Amy Nelson,F,11th,Hernandez High School,70,96
9691,Gary Waters,M,12th,Hernandez High School,69,76
9692,Adrienne Jimenez,F,10th,Hernandez High School,99,56
9693,Renee Gates,F,12th,Hernandez High School,76,90
9694,Michael Mendoza,M,9th,Hernandez High School,84,75
9695,Andre Santos,M,11th,Hernandez High School,83,79
9696,Joe Hodges,M,11th,Hernandez High School,91,97
9697,Linda Martinez,F,11th,Hernandez High School,88,61
9698,Kristine Schultz,F,9th,Hernandez High School,95,62
9699,Crystal Oconnor,F,11th,Hernandez High School,74,73
9700,Andrew English Jr.,M,11th,Hernandez High School,86,76
9701,Charles Hernandez,M,9th,Hernandez High School,66,82
9702,Randy Simpson,M,10th,Hernandez High School,81,67
9703,Christy Parker,F,9th,Hernandez High School,70,69
9704,Cindy Fernandez,F,9th,Hernandez High School,71,77
9705,Brandon Proctor,M,9th,Hernandez High School,87,94
9706,Mitchell Walters,M,11th,Hernandez High School,76,80
9707,Robert Hutchinson,M,12th,Hernandez High School,85,58
9708,Jimmy Olson,M,12th,Hernandez High School,98,64
9709,Tiffany James,F,10th,Hernandez High School,98,95
9710,Jennifer Martinez ,F,12th,Hernandez High School,86,78
9711,Ashley Sanders,F,9th,Hernandez High School,74,71
9712,Jessica Le,F,12th,Hernandez High School,86,72
9713,Thomas Martin,M,12th,Hernandez High School,83,58
9714,Jessica Cole,F,9th,Hernandez High School,86,81
9715,Patrick Middleton,M,11th,Hernandez High School,64,92
9716,Jason Cook,M,10th,Hernandez High School,88,95
9717,Jessica Thompson,F,11th,Hernandez High School,86,99
9718,Kendra Lee,F,10th,Hernandez High School,68,86
9719,Luke Ochoa,M,10th,Hernandez High School,92,59
9720,Jennifer Roth,F,12th,Hernandez High School,70,90
9721,Thomas King,M,10th,Hernandez High School,85,75
9722,Ricky Hernandez,M,11th,Hernandez High School,78,91
9723,Valerie Trevino,F,9th,Hernandez High School,89,89
9724,Ivan Cooper,M,9th,Hernandez High School,86,90
9725,Daniel Mccormick,M,9th,Hernandez High School,66,97
9726,Jodi Lewis,F,10th,Hernandez High School,88,55
9727,Debra Martin,F,9th,Hernandez High School,72,67
9728,Melissa Garcia,F,9th,Hernandez High School,94,63
9729,Kimberly Harris,F,11th,Hernandez High School,64,89
9730,John Reyes,M,12th,Hernandez High School,64,95
9731,James Bruce,M,9th,Hernandez High School,97,65
9732,Kristen Robinson,F,11th,Hernandez High School,93,87
9733,Jonathan Alvarez,M,9th,Hernandez High School,71,76
9734,Raymond Rivers,M,11th,Hernandez High School,66,64
9735,Melissa Santos,F,10th,Hernandez High School,81,58
9736,Yolanda Lopez,F,12th,Hernandez High School,71,99
9737,Jennifer Morris,F,11th,Hernandez High School,89,83
9738,Charles Collins,M,10th,Hernandez High School,65,86
9739,Victoria Tucker,F,12th,Hernandez High School,79,89
9740,Angelica Gray,F,12th,Hernandez High School,91,69
9741,Shannon Parsons,F,12th,Hernandez High School,76,99
9742,Martha Walker,F,12th,Hernandez High School,87,89
9743,Elizabeth Krause,F,12th,Hernandez High School,89,93
9744,David Smith,M,11th,Hernandez High School,79,91
9745,Christopher Smith,M,9th,Hernandez High School,66,58
9746,Jorge Stephens,M,9th,Hernandez High School,67,99
9747,Michael Howard,M,12th,Hernandez High School,82,96
9748,Lisa Hughes,F,10th,Hernandez High School,83,91
9749,Amber Simpson,F,9th,Hernandez High School,92,79
9750,Cheryl Kennedy,F,10th,Hernandez High School,77,96
9751,Rachel Sutton,F,12th,Hernandez High School,85,89
9752,Tony Rogers,M,12th,Hernandez High School,77,66
9753,Eric Taylor,M,9th,Hernandez High School,85,97
9754,Jane Mason,F,11th,Hernandez High School,92,83
9755,Donna Humphrey,F,10th,Hernandez High School,65,96
9756,Teresa Riley,F,12th,Hernandez High School,70,56
9757,Haley Mcdaniel,F,9th,Hernandez High School,78,71
9758,Morgan Quinn,F,9th,Hernandez High School,93,55
9759,Sean Mason,M,11th,Hernandez High School,96,92
9760,Alexis Foster,F,11th,Hernandez High School,74,59
9761,Kevin Duncan,M,10th,Hernandez High School,71,89
9762,James Mooney,M,10th,Hernandez High School,84,97
9763,Kim Goodman,F,10th,Hernandez High School,68,73
9764,Danny Moore,M,9th,Hernandez High School,98,82
9765,Michael Fletcher,M,9th,Hernandez High School,92,58
9766,Kelsey Foster,F,9th,Hernandez High School,86,70
9767,Pamela Adkins,F,11th,Hernandez High School,75,66
9768,Michael Henry,M,12th,Hernandez High School,63,94
9769,Caroline Berry,F,10th,Hernandez High School,96,87
9770,Jessica Brown,F,11th,Hernandez High School,78,78
9771,Brian Johnson,M,10th,Hernandez High School,63,55
9772,Nicole Murray,F,10th,Hernandez High School,98,77
9773,Dana Hatfield,F,10th,Hernandez High School,65,92
9774,Robert Douglas,M,10th,Hernandez High School,68,97
9775,Nathaniel Campbell,M,11th,Hernandez High School,63,77
9776,Dylan Blair,M,10th,Hernandez High School,80,81
9777,Colleen Chavez,F,12th,Hernandez High School,99,78
9778,Richard Fleming,M,11th,Hernandez High School,77,93
9779,Gregory Sullivan,M,10th,Hernandez High School,67,95
9780,Juan Thomas,M,10th,Hernandez High School,92,69
9781,Mrs. Jennifer Tucker ,F,12th,Hernandez High School,65,65
9782,Molly Clark,F,10th,Hernandez High School,68,62
9783,Joshua Gonzalez,M,9th,Hernandez High School,73,83
9784,Andre Long,M,10th,Hernandez High School,89,57
9785,Richard Cruz,M,10th,Hernandez High School,73,93
9786,Timothy Meyer,M,11th,Hernandez High School,71,64
9787,Stacy Harrison,F,12th,Hernandez High School,81,73
9788,Devin Williams,M,9th,Hernandez High School,95,60
9789,Jesse Harris,M,11th,Hernandez High School,98,82
9790,Stephanie Smith,F,11th,Hernandez High School,87,92
9791,Sharon Nelson,F,12th,Hernandez High School,68,58
9792,Antonio Reynolds,M,12th,Hernandez High School,88,87
9793,Kristine Harrison,F,10th,Hernandez High School,95,74
9794,Donna Wood,F,9th,Hernandez High School,76,71
9795,Sheila Fernandez,F,9th,Hernandez High School,77,70
9796,Elizabeth Ramirez,F,10th,Hernandez High School,95,79
9797,Amy Chapman,F,9th,Hernandez High School,81,75
9798,Timothy Williams,M,10th,Hernandez High School,78,76
9799,Yesenia Owens,F,9th,Hernandez High School,88,66
9800,Daniel Brown,M,12th,Hernandez High School,75,55
9801,Jordan Brewer,M,10th,Hernandez High School,73,78
9802,Michael Benson,M,11th,Hernandez High School,91,76
9803,Sarah Forbes,F,12th,Hernandez High School,83,68
9804,Kevin Woods,M,9th,Hernandez High School,80,74
9805,Christina Hill,F,12th,Hernandez High School,96,94
9806,Gregory Thornton,M,9th,Hernandez High School,69,79
9807,David Henderson,M,12th,Hernandez High School,90,96
9808,Michelle Sims,F,12th,Hernandez High School,89,87
9809,Ralph Johnson,M,9th,Hernandez High School,75,66
9810,Clifford Thomas,M,9th,Hernandez High School,86,69
9811,Tamara Campbell,F,11th,Hernandez High School,94,58
9812,Valerie Walker,F,10th,Hernandez High School,97,72
9813,Alexandra Johnson,F,10th,Hernandez High School,65,70
9814,Sarah Greer,F,10th,Hernandez High School,95,68
9815,Tara Phillips,F,9th,Hernandez High School,88,98
9816,Grace Love,F,11th,Hernandez High School,94,73
9817,Louis Taylor,M,9th,Hernandez High School,63,59
9818,Katherine Nelson,F,12th,Hernandez High School,66,77
9819,Samantha Austin,F,9th,Hernandez High School,66,94
9820,Sheena Smith,F,10th,Hernandez High School,92,61
9821,Lori Brown,F,9th,Hernandez High School,89,93
9822,Anthony Carter,M,11th,Hernandez High School,92,85
9823,Matthew Smith,M,10th,Hernandez High School,94,92
9824,Marco Drake,M,10th,Hernandez High School,72,85
9825,Brittney Rose,F,10th,Hernandez High School,91,96
9826,Monique Berry,F,10th,Hernandez High School,79,63
9827,Tyler Delgado,M,10th,Hernandez High School,94,60
9828,James Gonzalez,M,9th,Hernandez High School,75,57
9829,Matthew Hull,M,11th,Hernandez High School,84,80
9830,Jack Murphy,M,10th,Hernandez High School,86,85
9831,Austin Valenzuela,M,9th,Hernandez High School,94,94
9832,Willie Horne,M,11th,Hernandez High School,98,87
9833,Denise Chaney,F,9th,Hernandez High School,78,64
9834,Bobby Gutierrez,M,9th,Hernandez High School,79,96
9835,Susan Becker,F,11th,Hernandez High School,71,98
9836,Richard Kirby,M,10th,Hernandez High School,94,99
9837,Jesse Vasquez,M,11th,Hernandez High School,84,68
9838,Carolyn Shaw,F,11th,Hernandez High School,63,70
9839,Connor Johnson,M,11th,Hernandez High School,74,99
9840,Michael Dunn,M,12th,Hernandez High School,65,93
9841,Cassandra Miller,F,12th,Hernandez High School,71,79
9842,Karen Lopez,F,10th,Hernandez High School,89,61
9843,Alec Martinez,M,9th,Hernandez High School,85,61
9844,Debra Andrade,F,11th,Hernandez High School,89,74
9845,Kari Romero,F,11th,Hernandez High School,65,55
9846,Katrina Riley,F,9th,Hernandez High School,94,68
9847,Sheri Sampson,F,10th,Hernandez High School,81,57
9848,Kenneth Garrett,M,9th,Hernandez High School,96,62
9849,Hayden Bishop,M,11th,Hernandez High School,89,67
9850,Bruce Patterson,M,11th,Hernandez High School,65,57
9851,Daniel Martinez,M,10th,Hernandez High School,74,56
9852,Ryan Kelley,M,11th,Hernandez High School,83,61
9853,Timothy Palmer,M,9th,Hernandez High School,78,97
9854,Christopher Harris,M,12th,Hernandez High School,63,85
9855,Justin Caldwell,M,9th,Hernandez High School,80,88
9856,Stephanie Holland,F,9th,Hernandez High School,64,65
9857,Tamara Gray,F,9th,Hernandez High School,94,94
9858,Julia Carter,F,11th,Hernandez High School,72,61
9859,Sheila Gilbert,F,12th,Hernandez High School,69,73
9860,Catherine Perkins,F,10th,Hernandez High School,77,91
9861,Caleb Williams,M,10th,Hernandez High School,74,92
9862,Anne Baker,F,12th,Hernandez High School,78,75
9863,Tyler Wilson,M,9th,Hernandez High School,95,82
9864,David Olson,M,9th,Hernandez High School,63,76
9865,Jenny West,F,9th,Hernandez High School,97,64
9866,Hannah Matthews,F,9th,Hernandez High School,79,56
9867,Robert Kim,M,12th,Hernandez High School,97,97
9868,Lisa Hoover,F,9th,Hernandez High School,80,70
9869,Rachel Martinez,F,10th,Hernandez High School,72,79
9870,Danielle Sparks,F,9th,Hernandez High School,66,97
9871,Steven Curry,M,11th,Hernandez High School,93,74
9872,Kathy Lambert,F,11th,Hernandez High School,92,60
9873,Alicia Knight,F,9th,Hernandez High School,79,74
9874,Jennifer Wheeler,F,11th,Hernandez High School,91,78
9875,Sean Morgan,M,9th,Hernandez High School,96,78
9876,Linda Jones,F,9th,Hernandez High School,96,62
9877,Courtney Black,F,11th,Hernandez High School,78,78
9878,Vincent Garza,M,10th,Hernandez High School,70,60
9879,Lauren Haynes,F,10th,Hernandez High School,72,98
9880,Mrs. Jamie Bond,F,12th,Hernandez High School,77,57
9881,Tammy Davis,F,12th,Hernandez High School,71,64
9882,Christine Davis,F,9th,Hernandez High School,88,69
9883,Samantha Watts,F,10th,Hernandez High School,91,85
9884,Susan Martinez,F,9th,Hernandez High School,65,71
9885,Judy Mills ,F,12th,Hernandez High School,71,86
9886,Melissa Roberts,F,10th,Hernandez High School,92,60
9887,Megan Henson,F,11th,Hernandez High School,83,76
9888,Christina Jackson ,F,11th,Hernandez High School,80,56
9889,Michael Taylor,M,10th,Hernandez High School,77,56
9890,Kylie Mahoney,F,12th,Hernandez High School,95,63
9891,Heather Martinez,F,11th,Hernandez High School,89,74
9892,Susan Henry,F,10th,Hernandez High School,93,91
9893,Michelle Thompson,F,11th,Hernandez High School,92,74
9894,Cynthia Haney,F,11th,Hernandez High School,97,70
9895,Julie Boyd,F,10th,Hernandez High School,99,69
9896,Jonathan Meza,M,11th,Hernandez High School,71,88
9897,Jordan Smith,M,12th,Hernandez High School,96,73
9898,Gregory Hoffman,M,9th,Hernandez High School,86,67
9899,Rose Tanner,F,9th,Hernandez High School,65,61
9900,Audrey Deleon,F,11th,Hernandez High School,72,62
9901,Dustin Harrison,M,10th,Hernandez High School,89,71
9902,Raymond Haas,M,9th,Hernandez High School,94,98
9903,William Vincent,M,10th,Hernandez High School,72,71
9904,Pamela Rodriguez,F,12th,Hernandez High School,87,77
9905,Erin Tran,F,11th,Hernandez High School,83,61
9906,Derrick Bauer,M,9th,Hernandez High School,68,82
9907,Victoria Russo,F,10th,Hernandez High School,69,71
9908,Michael Hernandez,M,9th,Hernandez High School,80,82
9909,Larry Allen,M,12th,Hernandez High School,69,96
9910,Kaitlyn Frederick,F,10th,Hernandez High School,85,78
9911,Rebecca Wright,F,11th,Hernandez High School,94,95
9912,Stacy Barnes,F,9th,Hernandez High School,89,71
9913,Cynthia Martinez,F,11th,Hernandez High School,68,79
9914,Mark Keller,M,10th,Hernandez High School,76,72
9915,Taylor Nelson,M,9th,Hernandez High School,90,96
9916,Shannon Harris,F,10th,Hernandez High School,97,56
9917,Jill Clark,F,12th,Hernandez High School,99,72
9918,Alexander Proctor,M,12th,Hernandez High School,65,59
9919,Jordan Ortiz,M,9th,Hernandez High School,81,66
9920,Reginald Barber,M,9th,Hernandez High School,80,91
9921,Joshua Deleon,M,9th,Hernandez High School,73,78
9922,Timothy Johnson,M,9th,Hernandez High School,76,91
9923,Michael Boyle,M,11th,Hernandez High School,96,64
9924,Amber Elliott,F,10th,Hernandez High School,93,59
9925,Joshua Smith,M,12th,Hernandez High School,86,78
9926,Deanna Bailey,F,9th,Hernandez High School,74,72
9927,James Estrada,M,9th,Hernandez High School,82,97
9928,Michelle Alexander,F,11th,Hernandez High School,69,60
9929,Johnny Golden,M,9th,Hernandez High School,63,60
9930,Michael Thompson,M,10th,Hernandez High School,77,78
9931,Christopher Bates,M,9th,Hernandez High School,85,91
9932,Russell Diaz,M,12th,Hernandez High School,83,88
9933,Raymond Cox Jr.,M,9th,Hernandez High School,65,71
9934,Sara Brown,F,10th,Hernandez High School,67,77
9935,Monica Hernandez,F,10th,Hernandez High School,65,98
9936,Danielle Mitchell,F,12th,Hernandez High School,65,72
9937,Mary Simmons,F,11th,Hernandez High School,96,77
9938,Christina Prince,F,9th,Hernandez High School,96,96
9939,Gene Estrada,M,9th,Hernandez High School,83,69
9940,Lisa Villanueva,F,12th,Hernandez High School,66,75
9941,Michael Jenkins,M,9th,Hernandez High School,94,87
9942,David Allen,M,10th,Hernandez High School,80,95
9943,Donna Cooper,F,12th,Hernandez High School,91,75
9944,Jennifer Williams,F,10th,Hernandez High School,89,78
9945,Jennifer Martinez,F,12th,Hernandez High School,86,87
9946,Jason Jackson,M,10th,Hernandez High School,89,77
9947,Dennis Willis,M,10th,Hernandez High School,63,80
9948,Jonathan Nelson,M,9th,Hernandez High School,92,80
9949,Eric Jackson,M,11th,Hernandez High School,91,91
9950,John Good,M,10th,Hernandez High School,94,68
9951,Karen Miller,F,10th,Hernandez High School,84,66
9952,Jessica Brown,F,10th,Hernandez High School,74,72
9953,Robert Scott,M,11th,Hernandez High School,94,82
9954,John Hendricks,M,10th,Hernandez High School,70,69
9955,Christina Davis,F,10th,Hernandez High School,91,89
9956,Sarah Williams,F,9th,Hernandez High School,75,77
9957,Maria Hickman,F,12th,Hernandez High School,93,77
9958,Luis Patterson,M,11th,Hernandez High School,75,89
9959,Charles Christensen,M,9th,Hernandez High School,95,82
9960,Jennifer Torres,F,12th,Hernandez High School,98,64
9961,Lisa Smith,F,10th,Hernandez High School,99,83
9962,Mia White,F,12th,Hernandez High School,81,55
9963,Katrina Valentine,F,10th,Hernandez High School,88,73
9964,Jenna Adams,F,12th,Hernandez High School,66,83
9965,Rebecca Glenn,F,12th,Hernandez High School,68,72
9966,Gina Carrillo,F,12th,Hernandez High School,72,60
9967,Jodi Turner,F,10th,Hernandez High School,72,93
9968,Thomas Santiago,M,9th,Hernandez High School,94,91
9969,Jerry Herring,M,10th,Hernandez High School,92,85
9970,Jason Carr,M,10th,Hernandez High School,80,83
9971,Jordan Alvarado,M,9th,Hernandez High School,90,83
9972,Matthew Hernandez,M,11th,Hernandez High School,84,97
9973,Autumn Morris,F,9th,Hernandez High School,83,97
9974,Sandy Rodriguez,F,10th,Hernandez High School,99,91
9975,Jason Allen,M,12th,Hernandez High School,85,85
9976,Darlene Robinson,F,10th,Hernandez High School,77,67
9977,Alexandra Atkinson,F,10th,Hernandez High School,78,67
9978,Manuel Mcbride,M,10th,Hernandez High School,81,76
9979,Whitney Parker,F,12th,Hernandez High School,97,60
9980,Richard Webb,M,12th,Hernandez High School,70,70
9981,Lance Bennett,M,11th,Hernandez High School,88,84
9982,David Stephenson,M,12th,Hernandez High School,90,90
9983,Jeffrey Mcclain Jr.,M,11th,Hernandez High School,67,59
9984,Victor Garcia,M,10th,Hernandez High School,68,97
9985,Kimberly Velazquez,F,11th,Hernandez High School,94,61
9986,Rebecca Rogers,F,11th,Hernandez High School,80,72
9987,Christy Brooks,F,11th,Hernandez High School,74,69
9988,David Jackson,M,12th,Hernandez High School,63,76
9989,Rebecca Rodgers,F,9th,Hernandez High School,84,59
9990,David Anderson,M,11th,Hernandez High School,64,74
9991,Barbara Wolfe,F,10th,Hernandez High School,63,89
9992,Deborah Guzman,F,10th,Hernandez High School,77,65
9993,Jane Liu,F,12th,Hernandez High School,69,93
9994,Albert Douglas,M,9th,Hernandez High School,97,62
9995,Patrick Campbell,M,12th,Hernandez High School,65,83
9996,Kristen Barrera,F,11th,Hernandez High School,69,73
9997,Eric Hill,M,11th,Hernandez High School,72,85
9998,Steven Fox,M,9th,Hernandez High School,85,67
9999,Patrick Thompson,M,12th,Hernandez High School,68,88
10000,Melissa Hernandez,F,12th,Hernandez High School,98,94
10001,Sharon Oneal,F,11th,Hernandez High School,65,99
10002,Karen Patton,F,10th,Hernandez High School,67,91
10003,Carol Adams,F,12th,Hernandez High School,89,85
10004,Joseph Hill,M,9th,Hernandez High School,66,96
10005,Richard Gardner,M,10th,Hernandez High School,72,65
10006,Melissa Robinson,F,10th,Hernandez High School,96,84
10007,Kenneth White,M,9th,Hernandez High School,81,57
10008,Bryan Shaffer ,M,11th,Hernandez High School,76,81
10009,Jamie Gomez,F,10th,Hernandez High School,76,86
10010,Barbara Howell,F,9th,Hernandez High School,80,79
10011,Kelly Hammond,F,11th,Hernandez High School,70,75
10012,Kimberly Johnson,F,9th,Hernandez High School,64,83
10013,Mariah Smith,F,12th,Hernandez High School,98,86
10014,Elizabeth Pham,F,9th,Hernandez High School,72,86
10015,Colton Lee,M,10th,Hernandez High School,90,69
10016,Scott Peterson,M,10th,Hernandez High School,81,95
10017,Shannon Burton,M,9th,Hernandez High School,77,57
10018,Cynthia Morales,F,10th,Hernandez High School,97,69
10019,Denise Rodriguez,F,9th,Hernandez High School,71,86
10020,Thomas Cox,M,11th,Hernandez High School,88,69
10021,Monica Wilson,F,12th,Hernandez High School,63,61
10022,Jesse Wall,M,10th,Hernandez High School,72,64
10023,Michael Bowers,M,9th,Hernandez High School,72,57
10024,Jacob Hawkins,M,10th,Hernandez High School,95,57
10025,Ronald Rice,M,9th,Hernandez High School,80,83
10026,John Oliver,M,10th,Hernandez High School,90,79
10027,Joseph Mitchell,M,12th,Hernandez High School,70,57
10028,Brittany Martinez,F,12th,Hernandez High School,65,75
10029,Nicole Shaw,F,10th,Hernandez High School,95,88
10030,Sarah Rivera,F,11th,Hernandez High School,76,78
10031,Kristin Davis,F,11th,Hernandez High School,86,72
10032,Mary Fleming,F,11th,Hernandez High School,91,88
10033,Christina Lester,F,11th,Hernandez High School,95,57
10034,Wendy Shields,F,9th,Hernandez High School,97,77
10035,Samuel Cox,M,11th,Hernandez High School,96,58
10036,Matthew Tyler,M,10th,Hernandez High School,74,88
10037,Jason Montes,M,11th,Hernandez High School,94,95
10038,David Bauer,M,10th,Hernandez High School,72,95
10039,Travis Massey,M,11th,Hernandez High School,81,62
10040,Julie Bond ,F,11th,Hernandez High School,74,72
10041,Anita Moss,F,9th,Hernandez High School,74,73
10042,Bill Perez,M,11th,Hernandez High School,68,87
10043,Vanessa Miller,F,10th,Hernandez High School,80,88
10044,Spencer Pittman,M,9th,Hernandez High School,74,91
10045,Tanya Lopez,F,11th,Hernandez High School,81,82
10046,Erika Rodgers,F,11th,Hernandez High School,79,78
10047,Michael Thompson,M,11th,Hernandez High School,93,75
10048,Anthony Patrick,M,11th,Hernandez High School,87,66
10049,Joseph Clayton,M,10th,Hernandez High School,88,61
10050,Ryan Scott,M,9th,Hernandez High School,77,56
10051,Melanie Reyes,F,9th,Hernandez High School,98,67
10052,Brian Colon,M,10th,Hernandez High School,76,55
10053,Trevor Duke,M,11th,Hernandez High School,81,67
10054,Erika Daniel,F,10th,Hernandez High School,65,72
10055,John Wallace,M,9th,Hernandez High School,70,89
10056,Martha Ford,F,9th,Hernandez High School,89,93
10057,Patrick Green,M,9th,Hernandez High School,91,88
10058,James Thomas,M,11th,Hernandez High School,64,73
10059,Richard Williams,M,12th,Hernandez High School,91,56
10060,Nancy Hayes,F,11th,Hernandez High School,99,81
10061,Alyssa Parker,F,9th,Hernandez High School,97,93
10062,Lindsey Adams,F,10th,Hernandez High School,74,95
10063,Kevin Kemp,M,9th,Hernandez High School,65,79
10064,Ryan Hernandez,M,10th,Hernandez High School,71,80
10065,Thomas Nolan,M,9th,Hernandez High School,83,65
10066,Melinda Perez,F,12th,Hernandez High School,88,80
10067,Tina Reid,F,9th,Hernandez High School,77,63
10068,Eric Moody,M,9th,Hernandez High School,82,61
10069,Jessica Greene,F,11th,Hernandez High School,94,75
10070,Craig Mitchell,M,10th,Hernandez High School,69,63
10071,Stephanie Campbell,F,11th,Hernandez High School,97,86
10072,Barbara Hendrix,F,10th,Hernandez High School,91,92
10073,John Williams,M,10th,Hernandez High School,98,98
10074,Melvin Nelson,M,10th,Hernandez High School,85,60
10075,Anne Martin,F,10th,Hernandez High School,66,96
10076,Kevin Torres,M,12th,Hernandez High School,90,55
10077,Bradley Jackson,M,10th,Hernandez High School,68,78
10078,Sheila Bryan,F,9th,Hernandez High School,71,64
10079,Carmen Hall,F,12th,Hernandez High School,89,90
10080,Victoria Maldonado,F,10th,Hernandez High School,94,89
10081,Kelsey Franco,F,11th,Hernandez High School,75,89
10082,Amy Jones,F,10th,Hernandez High School,63,56
10083,Nicole Stanley,F,9th,Hernandez High School,68,67
10084,Kendra Meyer,F,9th,Hernandez High School,70,65
10085,Lauren Hardy,F,10th,Hernandez High School,65,85
10086,Matthew Randolph,M,12th,Hernandez High School,63,65
10087,Michael Owens,M,10th,Hernandez High School,77,94
10088,Robert White,M,11th,Hernandez High School,74,59
10089,Ryan Cooley,M,12th,Hernandez High School,88,57
10090,Jonathan Foster,M,9th,Hernandez High School,74,79
10091,Steven Rivera,M,10th,Hernandez High School,79,84
10092,Donna Taylor,F,9th,Hernandez High School,71,80
10093,Anna Wells,F,12th,Hernandez High School,69,88
10094,Jordan Leon,M,10th,Hernandez High School,89,82
10095,Steven Lewis,M,9th,Hernandez High School,99,75
10096,Mary Arnold,F,9th,Hernandez High School,73,65
10097,Elizabeth Smith,F,11th,Hernandez High School,84,82
10098,Walter Clark,M,11th,Hernandez High School,90,59
10099,Katrina Edwards,F,10th,Hernandez High School,87,82
10100,Dawn Hunter,F,11th,Hernandez High School,95,56
10101,Valerie Sherman,F,11th,Hernandez High School,79,81
10102,Elizabeth Garcia,F,9th,Hernandez High School,68,68
10103,Theresa Wallace,F,10th,Hernandez High School,77,74
10104,Jennifer Anderson,F,11th,Hernandez High School,96,97
10105,Natalie Price,F,10th,Hernandez High School,66,79
10106,Grant Hughes,M,11th,Hernandez High School,85,87
10107,Lisa Kerr,F,9th,Hernandez High School,90,71
10108,Nathaniel Vega,M,12th,Hernandez High School,81,56
10109,Jared Garcia,M,10th,Hernandez High School,80,80
10110,Benjamin Vazquez,M,10th,Hernandez High School,77,59
10111,Lauren Miller,F,9th,Hernandez High School,76,57
10112,Miguel Gibson,M,10th,Hernandez High School,78,55
10113,Leslie Parker,F,11th,Hernandez High School,84,58
10114,Mary Robinson,F,12th,Hernandez High School,91,79
10115,Mark Knight,M,9th,Hernandez High School,90,98
10116,Edwin Roy,M,9th,Hernandez High School,76,74
10117,Christopher Everett,M,12th,Hernandez High School,65,79
10118,Julie Evans,F,10th,Hernandez High School,63,79
10119,Margaret Weber,F,11th,Hernandez High School,63,71
10120,Ronnie Freeman,M,11th,Hernandez High School,74,74
10121,Rebecca Jennings,F,12th,Hernandez High School,73,99
10122,Thomas Moore,M,11th,Hernandez High School,95,95
10123,Christopher Bryant,M,11th,Hernandez High School,66,85
10124,Mark Johnson,M,10th,Hernandez High School,89,62
10125,Carol Perez,F,12th,Hernandez High School,99,78
10126,Luis Schmidt,M,9th,Hernandez High School,76,85
10127,Kim Gray,F,11th,Hernandez High School,71,99
10128,Michael Hunter ,M,10th,Hernandez High School,65,57
10129,Helen Sherman,F,10th,Hernandez High School,93,86
10130,Samuel Olson,M,11th,Hernandez High School,90,73
10131,Alexis Massey,F,9th,Hernandez High School,65,74
10132,Alexandra Hernandez,F,10th,Hernandez High School,96,56
10133,Bryan Frederick,M,10th,Hernandez High School,66,63
10134,Lindsey Ruiz,F,9th,Hernandez High School,69,76
10135,Melissa Rodriguez PhD,F,11th,Hernandez High School,84,93
10136,Deborah Rodriguez ,F,10th,Hernandez High School,84,78
10137,Anthony Duncan,M,10th,Hernandez High School,86,84
10138,Emily Allen,F,10th,Hernandez High School,72,66
10139,Christine Johnson,F,9th,Hernandez High School,74,95
10140,Darlene Baker,F,10th,Hernandez High School,71,94
10141,Tony Jacobson,M,10th,Hernandez High School,71,83
10142,William Carrillo,M,10th,Hernandez High School,66,93
10143,Charles Johnson,M,12th,Hernandez High School,83,87
10144,Olivia Barnett,F,9th,Hernandez High School,75,57
10145,Timothy Torres,M,12th,Hernandez High School,66,81
10146,Jennifer Jackson,F,9th,Hernandez High School,96,68
10147,Sonya Diaz,F,10th,Hernandez High School,75,81
10148,Paula Montes,F,9th,Hernandez High School,87,80
10149,Jason Jones,M,9th,Hernandez High School,83,85
10150,Travis Scott,M,9th,Hernandez High School,84,56
10151,James Romero,M,9th,Hernandez High School,70,58
10152,Matthew Yates,M,12th,Hernandez High School,94,99
10153,Jeffrey Richardson,M,12th,Hernandez High School,75,57
10154,Anthony Trujillo,M,10th,Hernandez High School,76,83
10155,Kevin Davis,M,9th,Hernandez High School,78,63
10156,Christina Nguyen,F,10th,Hernandez High School,93,63
10157,Martha Allen,F,10th,Hernandez High School,63,73
10158,Steven Macdonald,M,10th,Hernandez High School,72,87
10159,Brandi Campos,F,9th,Hernandez High School,86,77
10160,Michelle Duncan,F,9th,Hernandez High School,87,59
10161,Martha Lee,F,10th,Hernandez High School,73,61
10162,Grant Gardner,M,12th,Hernandez High School,79,87
10163,John Mcconnell,M,12th,Hernandez High School,72,83
10164,Melissa Chaney,F,9th,Hernandez High School,97,63
10165,Mrs. Andrea Wilson,F,11th,Hernandez High School,94,66
10166,Jonathan Woods PhD,M,10th,Hernandez High School,65,89
10167,Jacob Dickerson,M,11th,Hernandez High School,90,70
10168,Jacob Ballard ,M,11th,Hernandez High School,76,69
10169,Natalie Bernard,F,11th,Hernandez High School,83,80
10170,Erin Delacruz,F,9th,Hernandez High School,69,95
10171,Michael Gutierrez,M,12th,Hernandez High School,84,85
10172,Diana Lee,F,10th,Hernandez High School,69,96
10173,Grace Richardson,F,12th,Hernandez High School,80,60
10174,Barbara Peterson,F,12th,Hernandez High School,65,60
10175,Regina Barnes,F,10th,Hernandez High School,88,57
10176,Jamie Rodriguez,M,10th,Hernandez High School,98,82
10177,Timothy Harris,M,11th,Hernandez High School,77,92
10178,David Ballard,M,9th,Hernandez High School,70,95
10179,Gail Craig,F,9th,Hernandez High School,81,91
10180,Maria Bailey,F,11th,Hernandez High School,76,80
10181,Linda Soto,F,10th,Hernandez High School,66,61
10182,Brian Poole V,M,9th,Hernandez High School,92,87
10183,Sara Greene,F,11th,Hernandez High School,75,74
10184,Julia Rojas,F,9th,Hernandez High School,99,98
10185,Jeremy Ryan,M,11th,Hernandez High School,76,92
10186,Amy Perkins,F,10th,Hernandez High School,69,90
10187,Robert Hunt,M,11th,Hernandez High School,75,57
10188,Jennifer Wright,F,12th,Hernandez High School,81,63
10189,Joyce Peck,F,9th,Hernandez High School,97,91
10190,Lawrence Wolfe,M,10th,Hernandez High School,66,81
10191,Sara Martin,F,12th,Hernandez High School,80,87
10192,Denise Gonzalez,F,10th,Hernandez High School,73,91
10193,Arthur Perry,M,11th,Hernandez High School,76,99
10194,Jared Williams,M,10th,Hernandez High School,94,68
10195,Rachel Rivera,F,12th,Hernandez High School,71,69
10196,Jennifer Johnson,F,11th,Hernandez High School,89,71
10197,Margaret Holt,F,11th,Hernandez High School,98,56
10198,Madison Hicks,F,10th,Hernandez High School,94,87
10199,Lance Simmons,M,9th,Hernandez High School,72,69
10200,Alice Zavala,F,11th,Hernandez High School,87,55
10201,Julie Zimmerman,F,9th,Hernandez High School,64,90
10202,Jennifer Davis,F,11th,Hernandez High School,73,64
10203,Kimberly Moreno,F,10th,Hernandez High School,68,83
10204,Thomas Smith,M,9th,Hernandez High School,93,94
10205,Danielle Spencer,F,11th,Hernandez High School,89,85
10206,Kevin Guzman,M,12th,Hernandez High School,99,88
10207,Amanda Nichols,F,12th,Hernandez High School,88,72
10208,Kenneth Smith,M,12th,Hernandez High School,76,57
10209,Nicholas Schaefer,M,12th,Hernandez High School,95,71
10210,Christine Parker,F,12th,Hernandez High School,72,61
10211,Adam Cruz,M,12th,Hernandez High School,80,90
10212,Michael Smith,M,11th,Hernandez High School,94,66
10213,Shelly Stanley,F,12th,Hernandez High School,66,88
10214,David Johnson,M,9th,Hernandez High School,73,97
10215,David Hall,M,12th,Hernandez High School,75,70
10216,Courtney Oliver,F,11th,Hernandez High School,80,63
10217,Robert Ross,M,11th,Hernandez High School,75,91
10218,Joshua Wright,M,11th,Hernandez High School,77,56
10219,Jeffrey Kim II,M,9th,Hernandez High School,63,80
10220,Alexander Sanchez,M,9th,Hernandez High School,87,85
10221,Justin Blackburn,M,11th,Hernandez High School,71,59
10222,David Fry,M,11th,Hernandez High School,63,99
10223,Thomas Gonzales,M,11th,Hernandez High School,94,73
10224,Michael Brown,M,9th,Hernandez High School,76,90
10225,Gordon Randolph,M,9th,Hernandez High School,90,75
10226,Benjamin Peterson,M,12th,Hernandez High School,72,56
10227,Frank Cooper,M,11th,Hernandez High School,95,90
10228,Marilyn Tran,F,9th,Hernandez High School,99,65
10229,Michael Gonzalez,M,12th,Hernandez High School,85,66
10230,Danielle Morse,F,10th,Hernandez High School,69,92
10231,Melinda Smith,F,9th,Hernandez High School,67,57
10232,Michael Benitez,M,9th,Hernandez High School,73,83
10233,Tabitha Foster,F,10th,Hernandez High School,71,94
10234,Charles Ball,M,11th,Hernandez High School,81,74
10235,Tammy Adkins,F,12th,Hernandez High School,65,76
10236,Stacey Sanchez,F,9th,Hernandez High School,72,85
10237,Cindy Olsen,F,11th,Hernandez High School,67,72
10238,Virginia Boyd,F,11th,Hernandez High School,72,81
10239,Curtis Thomas,M,9th,Hernandez High School,83,60
10240,Maria Austin,F,10th,Hernandez High School,72,67
10241,David Kennedy,M,12th,Hernandez High School,70,56
10242,Michael Davis,M,12th,Hernandez High School,78,94
10243,Shannon Dixon,F,12th,Hernandez High School,81,81
10244,Gary Cooper,M,11th,Hernandez High School,99,85
10245,Joshua Chapman,M,12th,Hernandez High School,86,88
10246,Michelle Dean,F,10th,Hernandez High School,77,78
10247,Karen Olson,F,11th,Hernandez High School,94,78
10248,Mercedes Abbott,F,12th,Hernandez High School,90,91
10249,Kevin Brooks ,M,11th,Hernandez High School,93,60
10250,Patricia Moore,F,10th,Hernandez High School,91,58
10251,Stephen Smith,M,12th,Hernandez High School,98,58
10252,Christina Barton,F,9th,Hernandez High School,85,85
10253,Susan Green,F,9th,Hernandez High School,76,74
10254,Timothy Kent,M,11th,Hernandez High School,83,74
10255,Jennifer Paul,F,11th,Hernandez High School,97,92
10256,Charlene Benjamin,F,11th,Hernandez High School,74,72
10257,Jacqueline Horne,F,11th,Hernandez High School,68,90
10258,James Richards,M,9th,Hernandez High School,85,79
10259,Amber Padilla,F,12th,Hernandez High School,63,75
10260,Margaret Ramsey,F,11th,Hernandez High School,97,98
10261,James Maddox,M,11th,Hernandez High School,83,58
10262,Isaiah Carson,M,10th,Hernandez High School,68,81
10263,David Price,M,9th,Hernandez High School,77,61
10264,Robert Cain,M,10th,Hernandez High School,98,92
10265,Janet Olsen,F,10th,Hernandez High School,79,68
10266,John Rodriguez,M,9th,Hernandez High School,89,79
10267,David Hester,M,11th,Hernandez High School,78,71
10268,Charles Castillo,M,10th,Hernandez High School,99,74
10269,Richard Frye,M,9th,Hernandez High School,93,73
10270,Anthony Thornton,M,11th,Hernandez High School,95,69
10271,Jennifer Humphrey,F,12th,Hernandez High School,65,72
10272,Dustin Parks,M,9th,Hernandez High School,96,56
10273,Calvin Rosales,M,9th,Hernandez High School,90,57
10274,Michael Bowers,M,12th,Hernandez High School,94,79
10275,Amy Ramsey,F,11th,Hernandez High School,97,62
10276,Jamie Love,F,11th,Hernandez High School,71,77
10277,Nancy Wilson,F,9th,Hernandez High School,77,65
10278,Mark Fox,M,10th,Hernandez High School,76,61
10279,Jason Casey,M,9th,Hernandez High School,67,58
10280,Dennis Hanna,M,11th,Hernandez High School,92,86
10281,Monica Werner,F,11th,Hernandez High School,77,76
10282,Heather Cunningham,F,11th,Hernandez High School,71,70
10283,David Reyes,M,9th,Hernandez High School,78,84
10284,Jennifer Griffin,F,12th,Hernandez High School,63,71
10285,Deborah Dunn,F,10th,Hernandez High School,63,64
10286,Patrick Boyd,M,9th,Hernandez High School,90,79
10287,April Hansen PhD,F,9th,Hernandez High School,84,67
10288,Paul Hawkins,M,11th,Hernandez High School,78,67
10289,Ralph Carey,M,10th,Hernandez High School,73,55
10290,Sabrina Shaw,F,12th,Hernandez High School,96,92
10291,Elizabeth Fisher,F,10th,Hernandez High School,79,92
10292,Juan Martinez,M,9th,Hernandez High School,76,90
10293,William Morrow,M,11th,Hernandez High School,97,90
10294,Elizabeth Hughes,F,10th,Hernandez High School,79,71
10295,Ryan Gillespie,M,9th,Hernandez High School,98,95
10296,Emily Rice,F,10th,Hernandez High School,75,74
10297,David Hogan,M,9th,Hernandez High School,72,98
10298,Jo Smith,F,12th,Hernandez High School,99,58
10299,Michele Jones,F,11th,Hernandez High School,91,60
10300,Lisa Mendez,F,9th,Hernandez High School,85,68
10301,John Patel,M,12th,Hernandez High School,81,74
10302,Tracy Thomas,F,9th,Hernandez High School,96,99
10303,Tamara Martinez,F,9th,Hernandez High School,75,95
10304,David Wilson,M,10th,Hernandez High School,64,75
10305,Jessica Green,F,10th,Hernandez High School,77,62
10306,Brian Austin,M,10th,Hernandez High School,83,78
10307,Jessica Williams,F,9th,Hernandez High School,78,79
10308,James Phillips,M,9th,Hernandez High School,93,97
10309,Todd Young,M,10th,Hernandez High School,92,85
10310,Sara Cooper ,F,10th,Hernandez High School,71,87
10311,David Peterson,M,10th,Hernandez High School,96,87
10312,Christopher Walker,M,11th,Hernandez High School,73,88
10313,Patrick Paul,M,10th,Hernandez High School,86,83
10314,Patricia Mendez,F,9th,Hernandez High School,88,87
10315,Brenda Ray,F,10th,Hernandez High School,78,69
10316,Kelsey Ellis ,F,12th,Hernandez High School,81,61
10317,Heather Allen,F,10th,Hernandez High School,79,82
10318,Brenda Stewart,F,9th,Hernandez High School,89,64
10319,Jeanette Wallace,F,9th,Hernandez High School,77,86
10320,Shelby Adams,F,11th,Hernandez High School,78,65
10321,Deborah Madden ,F,10th,Hernandez High School,76,57
10322,Eric Graham,M,9th,Hernandez High School,71,84
10323,Tyler Schultz,M,9th,Hernandez High School,81,94
10324,Ryan Mendoza,M,9th,Hernandez High School,91,90
10325,Anthony Schneider,M,12th,Hernandez High School,81,67
10326,Tonya Smith,F,9th,Hernandez High School,66,80
10327,Jacob Wood,M,9th,Hernandez High School,73,66
10328,Gregory Russell,M,11th,Hernandez High School,76,78
10329,Gary Simpson,M,10th,Hernandez High School,70,92
10330,Maria Perez,F,10th,Hernandez High School,74,84
10331,Tara Carroll,F,11th,Hernandez High School,97,73
10332,Tyler Hernandez,M,10th,Hernandez High School,64,56
10333,James Larson,M,9th,Hernandez High School,78,99
10334,Donna Shields,F,10th,Hernandez High School,81,65
10335,Ryan Hobbs,M,12th,Hernandez High School,65,83
10336,Melissa Smith,F,9th,Hernandez High School,77,70
10337,Taylor Rodriguez,F,10th,Hernandez High School,71,92
10338,Justin Preston,M,10th,Hernandez High School,94,90
10339,Amanda Cox,F,10th,Hernandez High School,66,95
10340,Tammy Allen,F,11th,Hernandez High School,96,67
10341,Amanda Thompson,F,12th,Hernandez High School,67,96
10342,Melissa Castro,F,11th,Hernandez High School,98,56
10343,Kelli Horne,F,11th,Hernandez High School,82,67
10344,Jacqueline Williams,F,10th,Hernandez High School,76,60
10345,Tammy Daugherty,F,12th,Hernandez High School,92,81
10346,Roy Maxwell,M,10th,Hernandez High School,88,68
10347,Robert Murphy,M,9th,Hernandez High School,83,98
10348,Jody Gilbert,F,10th,Hernandez High School,84,57
10349,Barry Faulkner,M,9th,Hernandez High School,86,68
10350,Brooke Silva,F,12th,Hernandez High School,85,82
10351,Susan Clark,F,10th,Hernandez High School,64,55
10352,Kenneth Powell,M,12th,Hernandez High School,63,79
10353,William Brown,M,11th,Hernandez High School,94,67
10354,Stephen Fernandez,M,9th,Hernandez High School,79,97
10355,Mary Hunter,F,10th,Hernandez High School,82,74
10356,Evan Ruiz,M,10th,Hernandez High School,68,75
10357,Emily Campbell,F,11th,Hernandez High School,95,84
10358,Christopher Moon,M,11th,Hernandez High School,93,78
10359,Jeffrey Medina,M,9th,Hernandez High School,65,84
10360,Steven Gamble,M,9th,Hernandez High School,96,57
10361,Melissa Allen PhD,F,9th,Hernandez High School,92,95
10362,Douglas White,M,12th,Hernandez High School,66,59
10363,Cheyenne Brown,F,11th,Hernandez High School,90,95
10364,Ralph Ryan,M,9th,Hernandez High School,88,77
10365,Amanda Leach,F,10th,Hernandez High School,85,88
10366,Christine Garza,F,11th,Hernandez High School,68,70
10367,Charles Jones,M,11th,Hernandez High School,98,68
10368,Belinda Wiggins,F,12th,Hernandez High School,70,56
10369,Michael Stark,M,11th,Hernandez High School,90,75
10370,John White,M,9th,Hernandez High School,79,65
10371,Jamie Yates,M,12th,Hernandez High School,99,68
10372,James Williams,M,10th,Hernandez High School,89,62
10373,Jasmine Johnson,F,10th,Hernandez High School,90,73
10374,Beverly Roberson,F,11th,Hernandez High School,68,75
10375,Karen Thomas ,F,11th,Hernandez High School,70,62
10376,Zachary Alexander,M,12th,Hernandez High School,69,98
10377,Mathew Huff,M,9th,Hernandez High School,88,99
10378,Catherine Summers,F,12th,Hernandez High School,65,63
10379,Mrs. Sophia Harper,F,9th,Hernandez High School,90,79
10380,Shannon Casey,F,10th,Hernandez High School,80,69
10381,John Rodriguez,M,11th,Hernandez High School,71,68
10382,Robert Simmons,M,12th,Hernandez High School,75,56
10383,Wendy Adams,F,10th,Hernandez High School,65,84
10384,Daniel Davidson,M,10th,Hernandez High School,71,64
10385,Erika Goodwin,F,9th,Hernandez High School,64,65
10386,Thomas Sanders,M,11th,Hernandez High School,71,87
10387,Kimberly Becker,F,12th,Hernandez High School,64,79
10388,Alexander Sanders,M,11th,Hernandez High School,91,85
10389,Carlos Watkins,M,9th,Hernandez High School,86,93
10390,Omar Gentry,M,12th,Hernandez High School,65,82
10391,Shawn Cruz,M,12th,Hernandez High School,75,97
10392,Jonathan Wright,M,9th,Hernandez High School,66,85
10393,Larry Rodriguez,M,11th,Hernandez High School,78,67
10394,Todd Ochoa,M,9th,Hernandez High School,63,78
10395,Olivia Crawford,F,10th,Hernandez High School,78,91
10396,Jennifer Schmidt,F,12th,Hernandez High School,68,75
10397,Christina Porter,F,10th,Hernandez High School,92,58
10398,Kimberly Miller,F,10th,Hernandez High School,83,93
10399,Mark Watson,M,10th,Hernandez High School,78,60
10400,Kelly Park,F,9th,Hernandez High School,89,56
10401,Nathaniel Lee,M,9th,Hernandez High School,99,71
10402,Joel Huff,M,9th,Hernandez High School,85,70
10403,Miguel Love,M,9th,Hernandez High School,70,86
10404,Vincent Ortiz,M,11th,Hernandez High School,67,59
10405,Casey Espinoza,F,9th,Hernandez High School,92,84
10406,Veronica Ramsey,F,10th,Hernandez High School,90,83
10407,Bethany Anderson,F,11th,Hernandez High School,92,55
10408,Krista Nelson,F,9th,Hernandez High School,71,78
10409,Emily Wiggins,F,10th,Hernandez High School,86,82
10410,Christopher Morgan,M,9th,Hernandez High School,85,84
10411,Sarah Washington,F,9th,Hernandez High School,73,61
10412,Wendy Hanson,F,11th,Hernandez High School,91,94
10413,Deanna Cole,F,9th,Hernandez High School,91,86
10414,Julian Green,M,9th,Hernandez High School,87,76
10415,Samantha Richardson,F,10th,Hernandez High School,67,92
10416,Catherine Gonzalez,F,9th,Hernandez High School,99,86
10417,Olivia Carr,F,12th,Hernandez High School,68,84
10418,Edwin Bates,M,12th,Hernandez High School,83,65
10419,Savannah Wolfe,F,9th,Hernandez High School,96,74
10420,Tracy Rush,F,9th,Hernandez High School,80,56
10421,Michael Dillon,M,9th,Hernandez High School,70,84
10422,Ashley Gordon,F,9th,Hernandez High School,80,75
10423,Erica Bauer,F,11th,Hernandez High School,98,82
10424,Tammy Chandler,F,11th,Hernandez High School,96,82
10425,Rachael Coleman,F,10th,Hernandez High School,67,56
10426,Ashley Weaver,F,11th,Hernandez High School,92,99
10427,Roger Grant,M,11th,Hernandez High School,98,78
10428,Samantha Pearson,F,11th,Hernandez High School,95,74
10429,Richard Thompson,M,11th,Hernandez High School,91,84
10430,Carla Cameron,F,12th,Hernandez High School,89,96
10431,Taylor Petty,F,12th,Hernandez High School,68,94
10432,Jesse Harrington,M,9th,Hernandez High School,71,69
10433,Joseph Roberts,M,11th,Hernandez High School,85,92
10434,Margaret Mclaughlin,F,10th,Hernandez High School,66,77
10435,Ronald Lamb,M,9th,Hernandez High School,63,84
10436,Randall Potter,M,10th,Hernandez High School,74,60
10437,Stephen Pace,M,9th,Hernandez High School,90,90
10438,Tracy Casey,F,12th,Hernandez High School,70,91
10439,Andre Brown,M,9th,Hernandez High School,99,83
10440,Leon Dean,M,12th,Hernandez High School,78,92
10441,Kristy Conway,F,10th,Hernandez High School,64,79
10442,Kimberly Robertson,F,10th,Hernandez High School,71,64
10443,Kristin Leonard,F,11th,Hernandez High School,94,81
10444,Jacob Johnson,M,10th,Hernandez High School,96,95
10445,Michael Green,M,10th,Hernandez High School,70,67
10446,Ryan Sutton,M,9th,Hernandez High School,88,89
10447,Christine Yu,F,9th,Hernandez High School,82,59
10448,Cristian Adams,M,12th,Hernandez High School,65,86
10449,Douglas Brown,M,10th,Hernandez High School,81,64
10450,Tara Singleton ,F,9th,Hernandez High School,67,59
10451,Diane Hanson,F,12th,Hernandez High School,79,66
10452,Marcus Henderson,M,9th,Hernandez High School,85,76
10453,Kenneth Horn,M,10th,Hernandez High School,77,86
10454,Lance Walsh,M,12th,Hernandez High School,87,73
10455,Nicholas Johnson,M,11th,Hernandez High School,80,70
10456,Jennifer Henry,F,12th,Hernandez High School,64,99
10457,Emily Elliott,F,10th,Hernandez High School,89,67
10458,Ryan Douglas,M,9th,Hernandez High School,73,76
10459,Dave Lopez,M,12th,Hernandez High School,87,94
10460,Charles Young,M,10th,Hernandez High School,80,94
10461,Matthew Huffman,M,9th,Hernandez High School,95,55
10462,William Burch,M,10th,Hernandez High School,72,57
10463,Pamela Brown,F,12th,Hernandez High School,63,71
10464,Richard Fernandez,M,9th,Hernandez High School,99,60
10465,Christina Curtis,F,10th,Hernandez High School,85,60
10466,Amber Merritt,F,11th,Hernandez High School,88,91
10467,Dennis Miller,M,10th,Hernandez High School,83,63
10468,Dale Henderson,M,11th,Hernandez High School,92,88
10469,Jill Lee,F,12th,Hernandez High School,80,76
10470,Michael Martin,M,9th,Hernandez High School,73,74
10471,Drew Gross,M,10th,Hernandez High School,72,86
10472,Brenda Green,F,10th,Hernandez High School,81,76
10473,Diane Phillips,F,9th,Hernandez High School,81,59
10474,Anita Harper,F,12th,Hernandez High School,64,72
10475,Jeffrey Wright,M,11th,Hernandez High School,86,91
10476,Russell Swanson,M,9th,Hernandez High School,72,99
10477,Elizabeth Morris,F,12th,Hernandez High School,95,89
10478,Latoya Buchanan,F,10th,Hernandez High School,74,99
10479,Faith Nolan,F,12th,Hernandez High School,84,92
10480,Paul Crawford,M,9th,Hernandez High School,69,92
10481,Corey Smith,M,11th,Hernandez High School,91,77
10482,Christopher Scott,M,10th,Hernandez High School,87,73
10483,Jill Wiggins,F,9th,Hernandez High School,69,94
10484,David Lin,M,9th,Hernandez High School,90,62
10485,Jennifer Williams,F,10th,Hernandez High School,79,61
10486,Tara Barton,F,11th,Hernandez High School,90,93
10487,Alison Flores,F,12th,Hernandez High School,86,76
10488,Lori Mccann,F,10th,Hernandez High School,75,72
10489,Leah Phillips,F,10th,Hernandez High School,76,80
10490,Aaron Williams,M,9th,Hernandez High School,66,84
10491,Jeffrey Thomas,M,11th,Hernandez High School,96,55
10492,Travis Johnson,M,9th,Hernandez High School,84,57
10493,Danielle Ward,F,9th,Hernandez High School,70,91
10494,Megan Spencer,F,9th,Hernandez High School,76,57
10495,Michelle Hood,F,9th,Hernandez High School,79,62
10496,Jason Martinez,M,11th,Hernandez High School,87,91
10497,Beverly Hale,F,9th,Hernandez High School,93,62
10498,Benjamin Watson,M,10th,Hernandez High School,67,88
10499,Jessica Macdonald,F,12th,Hernandez High School,90,93
10500,Robert Smith,M,12th,Hernandez High School,77,59
10501,Robert Tanner,M,9th,Hernandez High School,96,55
10502,David Cole,M,10th,Hernandez High School,95,88
10503,Brittany Freeman,F,10th,Hernandez High School,93,62
10504,Scott Jones,M,10th,Hernandez High School,76,78
10505,Roger Barnes,M,10th,Hernandez High School,98,88
10506,James Branch,M,12th,Hernandez High School,65,96
10507,Wendy Smith,F,10th,Hernandez High School,99,96
10508,Andrea Bailey,F,11th,Hernandez High School,84,55
10509,Kenneth Adams ,M,11th,Hernandez High School,87,72
10510,Madison Brown,F,12th,Hernandez High School,77,93
10511,Nicole Joseph,F,11th,Hernandez High School,66,98
10512,Diane Warner,F,12th,Hernandez High School,86,75
10513,Matthew Strickland,M,9th,Hernandez High School,65,61
10514,Haley Wright,F,12th,Hernandez High School,66,63
10515,Steven Griffin,M,12th,Hernandez High School,88,69
10516,Susan Martin,F,10th,Hernandez High School,93,55
10517,Ronald Smith,M,11th,Hernandez High School,70,83
10518,Tyler Ware,M,10th,Hernandez High School,83,89
10519,Mrs. Natasha White,F,12th,Hernandez High School,94,60
10520,Cassie Anderson,F,9th,Hernandez High School,97,62
10521,Anthony Fritz,M,9th,Hernandez High School,73,78
10522,Abigail Moore,F,9th,Hernandez High School,67,92
10523,Christopher Martinez,M,9th,Hernandez High School,88,64
10524,Felicia York,F,9th,Hernandez High School,90,84
10525,Stephanie Black,F,10th,Hernandez High School,88,96
10526,Laura Rogers,F,12th,Hernandez High School,82,87
10527,Lawrence Ortiz,M,11th,Hernandez High School,71,66
10528,Dominique Morrison,F,9th,Hernandez High School,85,76
10529,Mark Dalton,M,10th,Hernandez High School,86,87
10530,Amanda Jones,F,12th,Hernandez High School,90,62
10531,Daniel Gray,M,12th,Hernandez High School,98,57
10532,Rachel Mcbride,F,10th,Hernandez High School,87,84
10533,Stephanie Porter,F,12th,Hernandez High School,76,81
10534,William Aguilar,M,12th,Hernandez High School,97,96
10535,Gwendolyn Barnett,F,10th,Hernandez High School,92,88
10536,Tiffany Evans,F,10th,Hernandez High School,80,66
10537,Shelly Goodwin,F,9th,Hernandez High School,64,77
10538,Amanda Sanchez ,F,9th,Hernandez High School,93,76
10539,Kevin Medina,M,9th,Hernandez High School,83,77
10540,Jorge Nguyen,M,10th,Hernandez High School,91,55
10541,Jennifer Davis,F,11th,Hernandez High School,97,82
10542,Tiffany Hines,F,9th,Hernandez High School,84,63
10543,Amber Warren,F,12th,Hernandez High School,84,95
10544,Gregory Moore,M,9th,Hernandez High School,95,97
10545,Amanda Carroll,F,10th,Hernandez High School,63,98
10546,Nicole Houston,F,12th,Hernandez High School,86,59
10547,Joseph Waters,M,11th,Hernandez High School,74,80
10548,Jessica Bowman,F,11th,Hernandez High School,84,58
10549,Erica Faulkner,F,11th,Hernandez High School,95,85
10550,Adam Nelson,M,9th,Hernandez High School,79,80
10551,Shawna Murphy,F,9th,Hernandez High School,72,82
10552,Matthew Hayes,M,11th,Hernandez High School,79,68
10553,Timothy Duke,M,10th,Hernandez High School,95,99
10554,Michael Wood,M,10th,Hernandez High School,72,88
10555,Danny Reed,M,9th,Hernandez High School,95,88
10556,Joseph Morales,M,9th,Hernandez High School,71,63
10557,Jason Terrell,M,9th,Hernandez High School,72,68
10558,Bernard Bentley,M,11th,Hernandez High School,76,79
10559,Nicholas Ball,M,11th,Hernandez High School,81,62
10560,Amy Herrera,F,11th,Hernandez High School,92,75
10561,Jenny Lopez,F,9th,Hernandez High School,63,74
10562,Scott Robinson,M,9th,Hernandez High School,82,71
10563,Lisa Johnson,F,9th,Hernandez High School,83,87
10564,Peter Wells,M,12th,Hernandez High School,84,68
10565,Paul Thomas,M,10th,Hernandez High School,88,99
10566,Christy Smith,F,9th,Hernandez High School,90,98
10567,Clayton Tate,M,12th,Hernandez High School,76,75
10568,Cody Santiago,M,12th,Hernandez High School,68,67
10569,Larry Franklin,M,12th,Hernandez High School,76,86
10570,Erin Allen,F,9th,Hernandez High School,98,76
10571,Lori Stewart,F,9th,Hernandez High School,81,89
10572,Robert Rodriguez,M,12th,Hernandez High School,78,78
10573,Christopher Leonard,M,9th,Hernandez High School,82,84
10574,Scott Campbell ,M,9th,Hernandez High School,65,58
10575,Cameron Logan,M,12th,Hernandez High School,78,62
10576,Robert Fuller,M,9th,Hernandez High School,97,90
10577,Erik Hall,M,11th,Hernandez High School,85,79
10578,Pamela Brown,F,11th,Hernandez High School,94,83
10579,Crystal Hawkins,F,10th,Hernandez High School,98,99
10580,Belinda Thomas,F,10th,Hernandez High School,98,98
10581,Timothy Murphy,M,10th,Hernandez High School,70,60
10582,Amanda Morales,F,12th,Hernandez High School,74,72
10583,Austin Parks,M,9th,Hernandez High School,71,90
10584,Gina Williams,F,10th,Hernandez High School,70,76
10585,Kristin Ramirez,F,12th,Hernandez High School,86,73
10586,Veronica Dalton,F,10th,Hernandez High School,95,57
10587,Robert Castro,M,9th,Hernandez High School,73,67
10588,Brandon Yang,M,9th,Hernandez High School,80,65
10589,Kristy White,F,11th,Hernandez High School,90,74
10590,Ronald Reed,M,9th,Hernandez High School,90,65
10591,Stacy Lane,F,12th,Hernandez High School,73,56
10592,Amanda Aguilar,F,9th,Hernandez High School,87,91
10593,Patricia Shepard,F,9th,Hernandez High School,87,81
10594,Carlos Martinez,M,11th,Hernandez High School,77,85
10595,Donald Hall,M,9th,Hernandez High School,85,91
10596,Stephanie Guzman,F,11th,Hernandez High School,64,95
10597,Elizabeth Mendez,F,10th,Hernandez High School,74,66
10598,Travis Hernandez,M,10th,Hernandez High School,68,99
10599,Claudia Davis,F,9th,Hernandez High School,76,74
10600,Gina Jones,F,11th,Hernandez High School,65,60
10601,Tiffany Hickman,F,12th,Hernandez High School,79,71
10602,Donna Cooley,F,11th,Hernandez High School,96,96
10603,Matthew Alexander Jr.,M,9th,Hernandez High School,98,55
10604,Lisa Wright,F,12th,Hernandez High School,79,75
10605,Scott Hughes,M,10th,Hernandez High School,90,59
10606,Stacey Matthews,F,12th,Hernandez High School,85,60
10607,Matthew Torres,M,9th,Hernandez High School,79,94
10608,Connor Dixon,M,9th,Hernandez High School,72,86
10609,Deborah Peterson,F,9th,Hernandez High School,71,83
10610,Lisa Miller,F,9th,Hernandez High School,73,93
10611,Jonathan Hall,M,9th,Hernandez High School,85,90
10612,Lawrence Decker,M,11th,Hernandez High School,91,90
10613,Curtis Hunt,M,11th,Hernandez High School,76,98
10614,Heather Watkins,F,11th,Hernandez High School,84,99
10615,Shane Gilmore ,M,9th,Hernandez High School,68,67
10616,Monique Mitchell,F,9th,Hernandez High School,80,88
10617,Mary Pearson,F,9th,Hernandez High School,64,93
10618,Paul Hall,M,11th,Hernandez High School,63,61
10619,Michael White,M,9th,Hernandez High School,92,69
10620,David Vasquez,M,10th,Hernandez High School,68,91
10621,Kaitlyn Buckley,F,9th,Hernandez High School,92,77
10622,Arthur Johnson,M,9th,Hernandez High School,80,67
10623,Jordan Abbott,F,9th,Hernandez High School,84,57
10624,Anna Hill,F,9th,Hernandez High School,71,96
10625,Samantha Castro,F,9th,Hernandez High School,67,99
10626,Susan Schmidt,F,9th,Hernandez High School,87,92
10627,Tyrone Murphy,M,9th,Hernandez High School,79,95
10628,Charles Frank,M,12th,Hernandez High School,66,64
10629,Debra Bradley,F,11th,Hernandez High School,67,85
10630,Austin Rivera,M,10th,Hernandez High School,68,90
10631,Carolyn Reeves,F,11th,Hernandez High School,91,73
10632,Krista Wallace,F,9th,Hernandez High School,65,95
10633,Debra Dudley,F,9th,Hernandez High School,98,97
10634,Billy Rodriguez,M,10th,Hernandez High School,79,81
10635,Brandon Castillo,M,11th,Hernandez High School,70,79
10636,Jamie Gonzales,F,10th,Hernandez High School,84,95
10637,Jerry Wong,M,12th,Hernandez High School,80,61
10638,Bradley Smith,M,10th,Hernandez High School,82,85
10639,Natalie Lee,F,9th,Hernandez High School,77,81
10640,Melissa Ruiz,F,11th,Hernandez High School,82,83
10641,Jennifer Robinson,F,11th,Hernandez High School,72,87
10642,Carol Robinson,F,12th,Hernandez High School,76,70
10643,Michelle Estrada,F,10th,Hernandez High School,92,88
10644,Christopher Anderson,M,9th,Hernandez High School,83,82
10645,Paula Lawson,F,10th,Hernandez High School,88,79
10646,Zoe Meyer,F,10th,Hernandez High School,85,92
10647,Rodney Warren,M,12th,Hernandez High School,89,93
10648,Zachary Hill,M,12th,Hernandez High School,73,78
10649,Kimberly Porter,F,11th,Hernandez High School,75,65
10650,Carlos Jones,M,10th,Hernandez High School,98,93
10651,David Daugherty,M,10th,Hernandez High School,81,78
10652,Lisa Reynolds,F,10th,Hernandez High School,74,82
10653,Linda Collins,F,11th,Hernandez High School,73,59
10654,Vanessa Sanders,F,10th,Hernandez High School,79,77
10655,George Sherman,M,11th,Hernandez High School,66,57
10656,Daniel Lee,M,11th,Hernandez High School,95,62
10657,Regina Mueller,F,9th,Hernandez High School,98,66
10658,Nicholas Chambers,M,12th,Hernandez High School,70,68
10659,Paul Tran,M,11th,Hernandez High School,80,77
10660,Mrs. Theresa Roberts,F,9th,Hernandez High School,71,93
10661,Tommy Bowers,M,11th,Hernandez High School,90,96
10662,Amber Perry,F,10th,Hernandez High School,94,70
10663,Tina Gonzales,F,9th,Hernandez High School,88,85
10664,Tina Dean,F,10th,Hernandez High School,93,68
10665,Jane Cole,F,12th,Hernandez High School,97,86
10666,Patrick Townsend,M,9th,Hernandez High School,87,57
10667,Christopher Clarke,M,10th,Hernandez High School,66,74
10668,Leonard Diaz,M,9th,Hernandez High School,97,86
10669,Jeremy Franklin,M,11th,Hernandez High School,77,78
10670,Nancy Hernandez,F,9th,Hernandez High School,79,57
10671,David Li,M,12th,Hernandez High School,96,58
10672,Robert Boyle,M,10th,Hernandez High School,71,59
10673,Stephanie Terrell,F,11th,Hernandez High School,97,70
10674,Dylan Garza,M,10th,Hernandez High School,70,98
10675,Diane Cole,F,10th,Hernandez High School,79,97
10676,Kathryn Cruz,F,10th,Hernandez High School,98,60
10677,Reginald Johnson,M,11th,Hernandez High School,96,70
10678,Brandi Hoffman,F,9th,Hernandez High School,70,68
10679,James Cunningham,M,10th,Hernandez High School,77,65
10680,Steven Daniel,M,12th,Hernandez High School,70,81
10681,Nicholas Rogers,M,11th,Hernandez High School,77,83
10682,William Jordan,M,10th,Hernandez High School,83,57
10683,Brenda Rowe,F,9th,Hernandez High School,77,99
10684,Brandi Rodriguez,F,10th,Hernandez High School,67,56
10685,Jennifer Ray,F,9th,Hernandez High School,98,98
10686,Becky Barrera,F,10th,Hernandez High School,80,93
10687,Aaron Pace,M,11th,Hernandez High School,72,97
10688,David White,M,10th,Hernandez High School,96,72
10689,Kelsey Jones,F,10th,Hernandez High School,74,84
10690,Rachel Hodges,F,10th,Hernandez High School,87,73
10691,Melissa Maynard,F,12th,Hernandez High School,97,69
10692,Hannah Smith,F,9th,Hernandez High School,89,68
10693,Jeffery Hughes,M,12th,Hernandez High School,85,67
10694,Michael Ayala,M,12th,Hernandez High School,97,77
10695,Lauren Mullen,F,9th,Hernandez High School,65,78
10696,Denise Johnson,F,9th,Hernandez High School,93,57
10697,Jennifer Jenkins,F,12th,Hernandez High School,83,91
10698,Erin Brown,F,9th,Hernandez High School,77,90
10699,John Wagner,M,9th,Hernandez High School,75,97
10700,Alicia Wilson,F,9th,Hernandez High School,71,57
10701,Richard Hogan,M,11th,Hernandez High School,86,63
10702,Kevin Reynolds Jr.,M,12th,Hernandez High School,86,63
10703,Rose Gonzalez,F,9th,Hernandez High School,77,72
10704,Jackie Anderson,F,10th,Hernandez High School,64,75
10705,Matthew Dawson,M,9th,Hernandez High School,70,63
10706,Sara Ramsey,F,9th,Hernandez High School,75,90
10707,Cynthia Pearson,F,9th,Hernandez High School,64,87
10708,Christopher Malone,M,10th,Hernandez High School,82,94
10709,Wanda Hinton,F,9th,Hernandez High School,99,72
10710,Derek Osborne,M,10th,Hernandez High School,67,66
10711,Michael Parrish,M,9th,Hernandez High School,83,60
10712,Mackenzie Garza,F,10th,Hernandez High School,80,56
10713,Tiffany Cruz,F,11th,Hernandez High School,82,59
10714,David Anderson,M,11th,Hernandez High School,95,98
10715,Victoria Cruz,F,12th,Hernandez High School,73,89
10716,Jennifer Johnson,F,10th,Hernandez High School,98,61
10717,Travis Martinez,M,11th,Hernandez High School,67,60
10718,Jennifer Ramirez,F,9th,Hernandez High School,84,88
10719,Roy Leon,M,11th,Hernandez High School,81,94
10720,Deborah Campbell,F,10th,Hernandez High School,93,57
10721,Anthony Lara,M,9th,Hernandez High School,87,96
10722,Charles Turner,M,10th,Hernandez High School,83,97
10723,William David,M,11th,Hernandez High School,97,67
10724,Matthew Shaffer,M,11th,Hernandez High School,92,89
10725,Philip Hughes,M,9th,Hernandez High School,98,74
10726,James Smith,M,11th,Hernandez High School,63,93
10727,Dawn Holt,F,11th,Hernandez High School,93,84
10728,Michael Hansen,M,10th,Hernandez High School,93,95
10729,Sara Allen,F,12th,Hernandez High School,89,55
10730,Michael Juarez,M,11th,Hernandez High School,85,58
10731,Steven Brown,M,10th,Hernandez High School,69,98
10732,Crystal Pope,F,9th,Hernandez High School,91,87
10733,Wesley Morton,M,11th,Hernandez High School,79,68
10734,Daniel Ramos,M,12th,Hernandez High School,82,79
10735,Lori Mack,F,9th,Hernandez High School,78,83
10736,Alison Leach,F,12th,Hernandez High School,88,90
10737,Matthew Richards,M,10th,Hernandez High School,95,66
10738,Shannon Martinez,F,12th,Hernandez High School,83,72
10739,Henry Webb,M,11th,Hernandez High School,79,65
10740,James Rogers,M,10th,Hernandez High School,99,63
10741,Manuel Parsons,M,11th,Hernandez High School,74,73
10742,Chase Miller,M,9th,Hernandez High School,67,99
10743,Dawn Morgan,F,9th,Hernandez High School,91,66
10744,Anthony Richardson,M,9th,Hernandez High School,71,95
10745,Benjamin Owens,M,9th,Hernandez High School,96,93
10746,Matthew Wood,M,11th,Hernandez High School,87,70
10747,Cheryl Schultz,F,12th,Hernandez High School,72,70
10748,Robert Hogan,M,9th,Hernandez High School,66,88
10749,Mackenzie Scott,F,9th,Hernandez High School,81,62
10750,Patricia Ramsey,F,11th,Hernandez High School,84,93
10751,Benjamin Allen,M,11th,Hernandez High School,82,86
10752,Mary Hammond,F,10th,Hernandez High School,68,97
10753,Jeffery Nichols,M,11th,Hernandez High School,67,70
10754,Scott Tucker,M,12th,Hernandez High School,84,64
10755,Robert Flores,M,9th,Hernandez High School,85,61
10756,Gabrielle Morris,F,9th,Hernandez High School,91,83
10757,Amber Mclaughlin,F,9th,Hernandez High School,91,68
10758,Walter Hernandez,M,12th,Hernandez High School,96,77
10759,Charles Boone,M,9th,Hernandez High School,92,88
10760,Cindy Thompson,F,12th,Hernandez High School,91,75
10761,Daniel Cook,M,9th,Hernandez High School,94,66
10762,Kelli Adams,F,9th,Hernandez High School,79,72
10763,Michael Flores,M,9th,Hernandez High School,93,60
10764,Matthew Lowe,M,11th,Hernandez High School,80,59
10765,Ivan Miller,M,11th,Hernandez High School,97,74
10766,Brett Holt,M,11th,Hernandez High School,70,87
10767,Henry Turner,M,12th,Hernandez High School,72,61
10768,Rachel Erickson,F,11th,Hernandez High School,96,82
10769,Carol Sanchez,F,9th,Hernandez High School,92,97
10770,Matthew Rodriguez,M,12th,Hernandez High School,80,62
10771,Emily Esparza,F,11th,Hernandez High School,73,60
10772,Jacob Skinner Jr.,M,9th,Hernandez High School,96,68
10773,Holly Tucker,F,10th,Hernandez High School,83,69
10774,Rickey Buckley,M,9th,Hernandez High School,63,74
10775,Ann Stevens,F,9th,Hernandez High School,87,96
10776,Shawn Reyes,M,12th,Hernandez High School,92,79
10777,Marie Barrett,F,12th,Hernandez High School,64,58
10778,Jennifer Ball,F,11th,Hernandez High School,99,66
10779,Brandon Young,M,9th,Hernandez High School,74,96
10780,Lori Miller,F,9th,Hernandez High School,81,89
10781,Lisa Kennedy,F,12th,Hernandez High School,68,80
10782,Timothy Byrd ,M,12th,Hernandez High School,73,81
10783,Dylan Stewart,M,10th,Hernandez High School,93,71
10784,Debra Lopez,F,11th,Hernandez High School,83,91
10785,Julie Hawkins,F,10th,Hernandez High School,97,88
10786,Charles Reeves,M,11th,Hernandez High School,70,68
10787,Robert Wilson,M,9th,Hernandez High School,93,75
10788,Denise Silva,F,12th,Hernandez High School,93,70
10789,Haley Jordan PhD,F,12th,Hernandez High School,81,90
10790,Sheila Anderson,F,12th,Hernandez High School,69,63
10791,Brandon Nguyen,M,9th,Hernandez High School,75,58
10792,Deborah Mack ,F,9th,Hernandez High School,72,90
10793,Richard Gates,M,10th,Hernandez High School,79,91
10794,Gregory Sutton,M,12th,Hernandez High School,96,80
10795,Mary Campbell,F,9th,Hernandez High School,91,83
10796,Kathleen Miller,F,11th,Hernandez High School,67,83
10797,Angelica Everett,F,10th,Hernandez High School,85,73
10798,Aaron Sloan,M,9th,Hernandez High School,80,63
10799,Spencer Taylor,M,9th,Hernandez High School,79,87
10800,Kyle Stewart,M,9th,Hernandez High School,86,56
10801,Jonathan Casey,M,11th,Hernandez High School,78,90
10802,Nicole Howard,F,9th,Hernandez High School,96,77
10803,Mckenzie Morris ,F,9th,Hernandez High School,67,96
10804,Roberto Jones,M,10th,Hernandez High School,93,61
10805,Ellen Cooper,F,11th,Hernandez High School,81,98
10806,Melanie Rowland,F,9th,Hernandez High School,97,78
10807,Steven Merritt,M,9th,Hernandez High School,98,89
10808,William Gutierrez,M,10th,Hernandez High School,88,93
10809,Shannon Soto,F,9th,Hernandez High School,80,85
10810,Alex Fischer,M,10th,Hernandez High School,96,56
10811,Charles Clark,M,12th,Hernandez High School,85,93
10812,Maria Gonzalez,F,10th,Hernandez High School,92,74
10813,Danny French,M,10th,Hernandez High School,82,55
10814,Sheila Mathis,F,9th,Hernandez High School,75,94
10815,Jessica Jones,F,12th,Hernandez High School,69,85
10816,Jacob Romero,M,9th,Hernandez High School,97,90
10817,Megan Saunders ,F,9th,Hernandez High School,73,58
10818,Nathan Fernandez,M,9th,Hernandez High School,66,81
10819,Crystal Jacobs,F,10th,Hernandez High School,86,65
10820,Thomas Clarke,M,12th,Hernandez High School,87,80
10821,Joseph Cooper,M,9th,Hernandez High School,67,84
10822,Tina Meyer ,F,9th,Hernandez High School,83,55
10823,Maria Gonzalez,F,9th,Hernandez High School,69,88
10824,Dennis Martinez,M,9th,Hernandez High School,77,97
10825,Casey Davis,F,12th,Hernandez High School,78,67
10826,Melanie Heath,F,11th,Hernandez High School,71,99
10827,Benjamin Lewis,M,12th,Hernandez High School,94,66
10828,Jerry Wallace,M,9th,Hernandez High School,69,87
10829,Shannon Stewart,F,10th,Hernandez High School,76,64
10830,Donna Grant,F,11th,Hernandez High School,71,98
10831,Doris Lopez,F,9th,Hernandez High School,85,74
10832,James Lewis,M,11th,Hernandez High School,78,97
10833,Catherine Moore,F,10th,Hernandez High School,97,95
10834,William Kennedy,M,9th,Hernandez High School,73,71
10835,Melissa Hall,F,12th,Hernandez High School,80,65
10836,Christy Jarvis,F,12th,Hernandez High School,84,62
10837,Scott Garza,M,9th,Hernandez High School,84,84
10838,Terry Evans,M,9th,Hernandez High School,86,61
10839,Jeffrey Mann,M,11th,Hernandez High School,83,68
10840,Harold Sutton ,M,10th,Hernandez High School,64,99
10841,Michelle Roberts,F,9th,Hernandez High School,69,81
10842,Marcus Drake,M,10th,Hernandez High School,90,87
10843,Thomas Matthews,M,11th,Hernandez High School,94,60
10844,Amanda Brady,F,10th,Hernandez High School,75,89
10845,Peggy Henson,F,10th,Hernandez High School,93,77
10846,Jamie Nelson,F,9th,Hernandez High School,86,76
10847,James Allen ,M,9th,Hernandez High School,64,98
10848,Shelly Snyder,F,11th,Hernandez High School,68,73
10849,Joshua Silva,M,9th,Hernandez High School,91,59
10850,Robin Hull,F,11th,Hernandez High School,83,92
10851,Kristin Parks,F,9th,Hernandez High School,71,72
10852,Edward Clarke,M,10th,Hernandez High School,76,96
10853,Samantha Collins,F,10th,Hernandez High School,74,61
10854,Caroline Hanna,F,9th,Hernandez High School,67,65
10855,Anthony Meza,M,10th,Hernandez High School,64,60
10856,Daniel Williams,M,9th,Hernandez High School,83,81
10857,Brittany Wright,F,11th,Hernandez High School,64,90
10858,Timothy Stuart,M,10th,Hernandez High School,83,96
10859,Morgan Dougherty,F,11th,Hernandez High School,83,91
10860,Steven Walker,M,9th,Hernandez High School,82,73
10861,Tracy Charles,F,12th,Hernandez High School,71,86
10862,Jeffery Cook,M,10th,Hernandez High School,87,65
10863,Nancy Davies,F,9th,Hernandez High School,90,90
10864,Amy Thompson,F,12th,Hernandez High School,92,64
10865,Lauren Perry,F,9th,Hernandez High School,95,93
10866,Ashley Anderson,F,9th,Hernandez High School,85,91
10867,Dawn Gonzales,F,12th,Hernandez High School,89,61
10868,Ricardo Valdez,M,12th,Hernandez High School,97,63
10869,Eric Riley ,M,10th,Hernandez High School,70,82
10870,Dylan Cline,M,9th,Hernandez High School,65,95
10871,Tracy Diaz,F,9th,Hernandez High School,99,58
10872,Rodney Jones,M,10th,Hernandez High School,85,95
10873,Samantha Hardin,F,11th,Hernandez High School,90,88
10874,Kayla Rodriguez,F,10th,Hernandez High School,69,85
10875,Joseph Ford,M,12th,Hernandez High School,89,80
10876,Laura Nguyen,F,10th,Hernandez High School,87,79
10877,Ian Smith,M,9th,Hernandez High School,92,81
10878,William Patton,M,12th,Hernandez High School,74,80
10879,Thomas Wagner,M,9th,Hernandez High School,63,81
10880,David Ellis,M,9th,Hernandez High School,85,79
10881,Alan Clark,M,9th,Hernandez High School,78,84
10882,Daniel Dunn,M,12th,Hernandez High School,85,79
10883,Samuel Farley,M,11th,Hernandez High School,98,56
10884,Sean Knight,M,9th,Hernandez High School,64,66
10885,Adam Shaw,M,12th,Hernandez High School,85,60
10886,Lisa Turner,F,10th,Hernandez High School,96,93
10887,Thomas Zhang,M,9th,Hernandez High School,96,64
10888,Leslie Cooper,F,10th,Hernandez High School,76,71
10889,Jamie Rogers ,F,9th,Hernandez High School,76,91
10890,Sara Roberts,F,9th,Hernandez High School,63,99
10891,Natalie Terry,F,10th,Hernandez High School,78,67
10892,Alex Donovan,M,11th,Hernandez High School,99,97
10893,Nicholas Gibson,M,10th,Hernandez High School,78,89
10894,Tracy Cantrell,M,10th,Hernandez High School,94,73
10895,Jessica Taylor,F,12th,Hernandez High School,91,56
10896,Kenneth Savage,M,10th,Hernandez High School,74,83
10897,Gregory Hester,M,12th,Hernandez High School,90,81
10898,Natasha Lee ,F,10th,Hernandez High School,82,98
10899,Dustin Barnett,M,10th,Hernandez High School,81,80
10900,Brian Williams,M,9th,Hernandez High School,74,89
10901,Paula Taylor,F,12th,Hernandez High School,90,76
10902,Miranda Medina,F,11th,Hernandez High School,80,89
10903,Jason Evans,M,12th,Hernandez High School,69,83
10904,Alan Williams,M,9th,Hernandez High School,82,85
10905,Tyler Wilkerson,M,10th,Hernandez High School,88,57
10906,Jimmy Lane,M,9th,Hernandez High School,70,71
10907,Rebecca Richards,F,10th,Hernandez High School,87,92
10908,Max Monroe,M,9th,Hernandez High School,85,80
10909,Adrian Gallagher,M,11th,Hernandez High School,93,86
10910,Sheila Mendez,F,9th,Hernandez High School,66,71
10911,Theodore Mendez ,M,9th,Hernandez High School,97,69
10912,Tyler Bailey,M,10th,Hernandez High School,66,66
10913,Kaitlyn West,F,11th,Hernandez High School,77,71
10914,Kristen Lee,F,9th,Hernandez High School,75,90
10915,Anthony Decker,M,11th,Hernandez High School,70,79
10916,Connie Hess,F,10th,Hernandez High School,81,67
10917,Justin Murray,M,9th,Hernandez High School,74,84
10918,James Cobb,M,10th,Hernandez High School,85,84
10919,Alexandra Mckinney,F,12th,Hernandez High School,95,56
10920,Howard Kennedy,M,12th,Hernandez High School,92,97
10921,Lisa Harper,F,12th,Hernandez High School,72,91
10922,William Carter,M,11th,Hernandez High School,77,66
10923,Paul Martinez,M,10th,Hernandez High School,79,82
10924,Denise Bean,F,9th,Hernandez High School,85,92
10925,Kelly Randall,F,11th,Hernandez High School,87,89
10926,Frank Mason,M,10th,Hernandez High School,95,87
10927,Lisa Fuller,F,12th,Hernandez High School,97,76
10928,Jeremy Anderson,M,10th,Hernandez High School,83,95
10929,Donna Wise,F,10th,Hernandez High School,85,74
10930,Joshua White,M,9th,Hernandez High School,77,81
10931,Victor Olson,M,9th,Hernandez High School,68,88
10932,Jeffrey Peters,M,12th,Hernandez High School,88,76
10933,Donna Giles,F,11th,Hernandez High School,77,86
10934,Christine Jackson,F,11th,Hernandez High School,70,77
10935,Rebecca Johnson,F,10th,Hernandez High School,73,74
10936,Stephanie Klein,F,9th,Hernandez High School,94,56
10937,Krystal Anderson,F,10th,Hernandez High School,89,98
10938,Nicole Thornton,F,12th,Hernandez High School,79,87
10939,Benjamin Abbott,M,9th,Hernandez High School,69,57
10940,Stephanie Ross,F,11th,Hernandez High School,95,69
10941,Gina Watkins,F,11th,Hernandez High School,87,93
10942,Tammy Burke,F,11th,Hernandez High School,95,84
10943,Clifford Gonzalez,M,9th,Hernandez High School,64,69
10944,David Jones,M,10th,Hernandez High School,65,87
10945,Chase Williams,M,12th,Hernandez High School,95,93
10946,Keith Drake,M,11th,Hernandez High School,83,57
10947,Philip Walsh,M,10th,Hernandez High School,89,65
10948,Zachary Campbell,M,10th,Hernandez High School,83,74
10949,Lindsey Campbell,F,9th,Hernandez High School,73,79
10950,Christy Hammond,F,9th,Hernandez High School,96,68
10951,Riley Skinner,M,10th,Hernandez High School,71,78
10952,Michael Webb,M,12th,Hernandez High School,99,77
10953,Matthew Allen,M,10th,Hernandez High School,99,83
10954,Anthony Smith,M,12th,Hernandez High School,89,79
10955,Michael Martinez,M,12th,Hernandez High School,66,91
10956,Joel Hernandez,M,12th,Hernandez High School,99,83
10957,Amy Taylor,F,12th,Hernandez High School,78,64
10958,Maria Maldonado,F,10th,Hernandez High School,67,68
10959,Joan Patel,F,10th,Hernandez High School,79,55
10960,Gabrielle Sanchez,F,9th,Hernandez High School,81,77
10961,Heather Cook,F,10th,Hernandez High School,83,84
10962,Aaron Green,M,11th,Hernandez High School,89,95
10963,Chad Anderson,M,10th,Hernandez High School,69,81
10964,Kelly Bass,F,12th,Hernandez High School,67,95
10965,Lauren Moore,F,9th,Hernandez High School,72,60
10966,Andrew Guerra,M,11th,Hernandez High School,66,92
10967,Vanessa Marquez,F,10th,Hernandez High School,71,68
10968,Lisa Boyer,F,9th,Hernandez High School,80,91
10969,Elizabeth White,F,11th,Hernandez High School,80,77
10970,Benjamin Tucker,M,11th,Hernandez High School,77,65
10971,Janet Wilkinson,F,12th,Hernandez High School,68,55
10972,Charles Ramos,M,9th,Hernandez High School,85,99
10973,Thomas Spencer,M,10th,Hernandez High School,80,68
10974,Tara Mcguire,F,10th,Hernandez High School,75,78
10975,Kimberly Peters,F,10th,Hernandez High School,92,82
10976,Amy Maldonado,F,10th,Hernandez High School,65,98
10977,Debra Adams,F,12th,Hernandez High School,98,84
10978,Alexis Thompson,F,10th,Hernandez High School,75,94
10979,Patrick Ramos,M,11th,Hernandez High School,94,84
10980,Felicia Fischer,F,9th,Hernandez High School,82,69
10981,Jason Gamble,M,11th,Hernandez High School,88,56
10982,Alexander Wallace,M,9th,Hernandez High School,78,97
10983,David Johnson,M,12th,Hernandez High School,79,61
10984,Roger Burns,M,12th,Hernandez High School,75,73
10985,Megan Murray,F,10th,Hernandez High School,74,89
10986,Ann Baker,F,12th,Hernandez High School,72,75
10987,Bobby Gonzalez,M,9th,Hernandez High School,84,82
10988,Stacey Powell,F,10th,Hernandez High School,94,63
10989,Dawn Rush,F,10th,Hernandez High School,99,93
10990,Rebecca Ray,F,12th,Hernandez High School,94,95
10991,Shaun Pace,M,10th,Hernandez High School,77,82
10992,Diane Delgado,F,11th,Hernandez High School,68,71
10993,Melinda Brown,F,12th,Hernandez High School,85,56
10994,Jesse Morris,M,11th,Hernandez High School,89,58
10995,Rick Conrad,M,12th,Hernandez High School,91,62
10996,Kyle Nguyen,M,10th,Hernandez High School,69,73
10997,Alexander Smith,M,11th,Hernandez High School,91,80
10998,Jared Cobb,M,9th,Hernandez High School,65,64
10999,Robert Harvey,M,9th,Hernandez High School,81,69
11000,Jessica Nguyen,F,9th,Hernandez High School,87,57
11001,Philip Stewart,M,11th,Hernandez High School,96,76
11002,Ryan Estes,M,10th,Hernandez High School,67,92
11003,Gregory Woods,M,10th,Hernandez High School,76,60
11004,William Davis,M,11th,Hernandez High School,69,61
11005,Robert Mclean,M,9th,Hernandez High School,77,66
11006,Justin Terry,M,10th,Hernandez High School,88,60
11007,Samuel Parks,M,9th,Hernandez High School,66,57
11008,Lee Wright,M,10th,Hernandez High School,94,94
11009,Tonya Gonzales,F,10th,Hernandez High School,64,75
11010,Lauren Woods,F,10th,Hernandez High School,67,73
11011,Angel Howard,M,12th,Hernandez High School,76,87
11012,Ashley Cooper,F,10th,Hernandez High School,67,63
11013,Derek Waters,M,12th,Hernandez High School,88,84
11014,Ashley Jackson,F,12th,Hernandez High School,78,94
11015,James Vargas,M,12th,Hernandez High School,66,56
11016,Dennis Gibson Jr.,M,9th,Hernandez High School,68,91
11017,Kenneth Adams,M,11th,Hernandez High School,63,57
11018,Connie Martin,F,9th,Hernandez High School,98,67
11019,Sandra Barnes,F,11th,Hernandez High School,98,60
11020,Samantha Carter,F,11th,Hernandez High School,83,89
11021,Pamela Smith,F,9th,Hernandez High School,85,59
11022,Jesse Watkins,M,11th,Hernandez High School,75,72
11023,Teresa Howard,F,12th,Hernandez High School,85,92
11024,Scott Soto,M,9th,Hernandez High School,69,66
11025,Thomas Clark,M,11th,Hernandez High School,96,85
11026,Louis Chavez,M,11th,Hernandez High School,65,91
11027,Christopher Baker,M,11th,Hernandez High School,68,71
11028,Mrs. Sherry Flores ,F,11th,Hernandez High School,84,61
11029,Amber Miller,F,12th,Hernandez High School,83,69
11030,Andre Wood,M,12th,Hernandez High School,99,93
11031,Ashley Cooper,F,9th,Hernandez High School,69,84
11032,William Webb,M,12th,Hernandez High School,68,91
11033,Michael Brown,M,12th,Hernandez High School,87,61
11034,Misty Ingram,F,11th,Hernandez High School,67,72
11035,Caroline Simpson,F,10th,Hernandez High School,93,57
11036,Jodi Sanders,F,9th,Hernandez High School,74,88
11037,Timothy Hardy,M,12th,Hernandez High School,63,69
11038,Haley Campbell,F,10th,Hernandez High School,72,75
11039,Taylor Schwartz,F,10th,Hernandez High School,84,94
11040,Jessica Welch,F,12th,Hernandez High School,75,93
11041,Ian Scott,M,10th,Hernandez High School,94,80
11042,Michael Frank,M,10th,Hernandez High School,80,78
11043,Zachary Mcpherson,M,11th,Hernandez High School,92,78
11044,Richard Figueroa,M,10th,Hernandez High School,92,62
11045,David Brown,M,11th,Hernandez High School,89,66
11046,Dakota Martin,M,12th,Hernandez High School,68,69
11047,Thomas Luna,M,12th,Hernandez High School,85,69
11048,Tyler Bush,M,9th,Hernandez High School,82,99
11049,Jon Martin,M,12th,Hernandez High School,84,98
11050,April Brown,F,12th,Hernandez High School,80,55
11051,Kenneth Carrillo,M,9th,Hernandez High School,72,84
11052,Nicholas Moore,M,12th,Hernandez High School,83,72
11053,Mary Hood,F,9th,Hernandez High School,75,93
11054,Veronica Bush,F,12th,Hernandez High School,93,94
11055,Lisa Cole,F,9th,Hernandez High School,91,65
11056,Tyler Jones,M,12th,Hernandez High School,65,90
11057,Janice Anderson,F,12th,Hernandez High School,90,76
11058,Richard Jackson,M,11th,Hernandez High School,68,69
11059,Charles Griffin,M,10th,Hernandez High School,84,63
11060,Michael Middleton,M,10th,Hernandez High School,71,71
11061,Anthony Reeves,M,10th,Hernandez High School,68,89
11062,Sara Hays,F,9th,Hernandez High School,68,85
11063,Christina Campbell,F,9th,Hernandez High School,78,96
11064,Alejandro Swanson,M,11th,Hernandez High School,96,97
11065,Ryan Rios,M,12th,Hernandez High School,69,83
11066,Paula Johnston,F,10th,Hernandez High School,83,75
11067,Nicholas Powell,M,11th,Hernandez High School,74,79
11068,Kirk Cook,M,10th,Hernandez High School,72,86
11069,Justin Butler,M,12th,Hernandez High School,66,64
11070,Jamie Collins,F,9th,Hernandez High School,84,62
11071,Sandra Smith,F,9th,Hernandez High School,63,64
11072,Rebecca Anderson,F,9th,Hernandez High School,65,77
11073,Ann Bowers,F,9th,Hernandez High School,79,92
11074,Willie Santiago,M,10th,Hernandez High School,84,74
11075,Shannon Hicks,F,12th,Hernandez High School,94,94
11076,Debra White,F,11th,Hernandez High School,80,76
11077,George Mann,M,11th,Hernandez High School,84,96
11078,Tiffany Peters ,F,11th,Hernandez High School,72,69
11079,Clifford Simmons,M,11th,Hernandez High School,80,61
11080,Jose Lopez,M,9th,Hernandez High School,66,67
11081,Sarah Colon,F,9th,Hernandez High School,81,80
11082,Katie Armstrong,F,12th,Hernandez High School,78,73
11083,Allen Holmes,M,10th,Hernandez High School,94,67
11084,Terrance Johnson,M,10th,Hernandez High School,76,93
11085,Julia Robles,F,12th,Hernandez High School,92,72
11086,Jennifer Webb,F,11th,Hernandez High School,81,98
11087,Benjamin Jackson,M,10th,Hernandez High School,92,60
11088,Laura Miranda,F,9th,Hernandez High School,84,61
11089,Andrew Stone,M,12th,Hernandez High School,65,62
11090,Elizabeth Martin,F,11th,Hernandez High School,84,79
11091,Travis Shannon,M,12th,Hernandez High School,69,58
11092,Rebecca Potts,F,10th,Hernandez High School,76,87
11093,Tony Pierce,M,11th,Hernandez High School,70,66
11094,Stephanie Mosley,F,10th,Hernandez High School,74,56
11095,Daniel Watkins,M,9th,Hernandez High School,84,70
11096,Amanda Pierce,F,10th,Hernandez High School,94,81
11097,Vanessa Ruiz,F,12th,Hernandez High School,70,88
11098,William Hernandez,M,11th,Hernandez High School,67,61
11099,Sandra Brown,F,10th,Hernandez High School,85,98
11100,Bruce Green,M,12th,Hernandez High School,65,70
11101,Christopher Carlson,M,9th,Hernandez High School,78,60
11102,Michael Smith,M,10th,Hernandez High School,92,60
11103,Suzanne Barnett,F,11th,Hernandez High School,65,88
11104,Danielle Davis,F,11th,Hernandez High School,75,55
11105,Kathleen Henry,F,9th,Hernandez High School,95,84
11106,Deborah Washington,F,12th,Hernandez High School,63,73
11107,Chad Wood,M,9th,Hernandez High School,68,69
11108,Margaret Rodriguez,F,11th,Hernandez High School,92,86
11109,Aimee Patterson,F,12th,Hernandez High School,75,68
11110,Stephen Pham,M,10th,Hernandez High School,68,84
11111,Brandon Jackson,M,10th,Hernandez High School,95,95
11112,Jasmine Koch,F,12th,Hernandez High School,78,95
11113,Peter Perez,M,12th,Hernandez High School,63,86
11114,Misty Malone,F,9th,Hernandez High School,85,62
11115,Kimberly Moore,F,12th,Hernandez High School,85,94
11116,Jeff Thomas,M,11th,Hernandez High School,95,87
11117,Daniel Dougherty,M,10th,Hernandez High School,65,92
11118,Dawn Johnston,F,11th,Hernandez High School,72,90
11119,Christopher Crawford ,M,11th,Hernandez High School,76,77
11120,Jimmy Shea Jr.,M,11th,Hernandez High School,74,62
11121,Joann Brown,F,9th,Hernandez High School,72,86
11122,Dana Martin,F,11th,Hernandez High School,73,92
11123,Jeffrey Collins,M,11th,Hernandez High School,84,74
11124,Jeffrey Miller,M,11th,Hernandez High School,95,69
11125,Gregg Smith,M,10th,Hernandez High School,98,60
11126,Susan Peterson,F,12th,Hernandez High School,79,96
11127,Samantha Butler,F,10th,Hernandez High School,66,84
11128,Jonathan Silva,M,12th,Hernandez High School,90,70
11129,Dustin Torres,M,10th,Hernandez High School,86,94
11130,Brian Jones,M,12th,Hernandez High School,98,66
11131,Roger Case,M,10th,Hernandez High School,82,67
11132,Sally Armstrong,F,12th,Hernandez High School,86,67
11133,Lori Johnson,F,9th,Hernandez High School,93,59
11134,Steven Fields,M,9th,Hernandez High School,93,76
11135,Lindsey Fox,F,9th,Hernandez High School,96,81
11136,Felicia Reed,F,12th,Hernandez High School,99,57
11137,Crystal Drake,F,11th,Hernandez High School,92,56
11138,Christopher Perez,M,11th,Hernandez High School,83,81
11139,Craig Gilbert,M,11th,Hernandez High School,82,69
11140,Roy Moore,M,12th,Hernandez High School,83,65
11141,Danielle Taylor,F,12th,Hernandez High School,89,77
11142,Patrick Fisher,M,9th,Hernandez High School,70,60
11143,Tony Anthony,M,11th,Hernandez High School,71,58
11144,Matthew Brock,M,9th,Hernandez High School,74,89
11145,James Campbell,M,12th,Hernandez High School,65,61
11146,Andrew Miller,M,10th,Hernandez High School,69,90
11147,Seth Sanchez,M,12th,Hernandez High School,71,70
11148,Richard Black,M,12th,Hernandez High School,71,94
11149,Thomas Clarke,M,11th,Hernandez High School,76,67
11150,Kimberly Clark,F,9th,Hernandez High School,63,58
11151,Caitlin Nelson,F,11th,Hernandez High School,69,71
11152,Paul Butler,M,9th,Hernandez High School,75,92
11153,Stephanie Allen,F,11th,Hernandez High School,64,87
11154,Joshua Cunningham,M,12th,Hernandez High School,86,91
11155,Shelby Rosales,F,10th,Hernandez High School,65,61
11156,Travis Jackson,M,11th,Hernandez High School,66,96
11157,Larry Rodriguez,M,10th,Hernandez High School,80,72
11158,Nicholas Adams,M,10th,Hernandez High School,66,84
11159,Anthony Zavala,M,12th,Hernandez High School,71,90
11160,Jennifer Murray,F,12th,Hernandez High School,94,98
11161,Amy Moore,F,9th,Hernandez High School,73,75
11162,Brittney Ryan,F,12th,Hernandez High School,82,77
11163,Gabriel Duffy,M,12th,Hernandez High School,88,59
11164,Linda Buchanan,F,9th,Hernandez High School,79,95
11165,Richard Freeman,M,10th,Hernandez High School,65,63
11166,Shannon Weber,F,10th,Hernandez High School,68,74
11167,Jason Smith,M,10th,Hernandez High School,86,61
11168,Todd Doyle,M,12th,Hernandez High School,69,78
11169,Travis Cervantes,M,12th,Hernandez High School,77,99
11170,Allen Buchanan,M,9th,Hernandez High School,71,70
11171,Shannon Hays,F,11th,Hernandez High School,88,88
11172,Anna Martinez,F,9th,Hernandez High School,75,95
11173,Scott Ponce,M,11th,Hernandez High School,65,55
11174,Jeffrey Woodard,M,10th,Hernandez High School,71,75
11175,Jermaine Zuniga,M,12th,Hernandez High School,98,99
11176,Natalie Cordova,F,12th,Hernandez High School,70,95
11177,Nicholas Harris,M,10th,Hernandez High School,63,81
11178,Mary Sandoval,F,10th,Hernandez High School,90,73
11179,Jacqueline Olson,F,12th,Hernandez High School,80,80
11180,Anthony Peterson,M,9th,Hernandez High School,95,94
11181,Mark White,M,9th,Hernandez High School,96,96
11182,Andrew Ruiz,M,9th,Hernandez High School,77,96
11183,Claire Young,F,11th,Hernandez High School,67,88
11184,Tyler Flowers,M,9th,Hernandez High School,65,82
11185,William Rivera,M,10th,Hernandez High School,69,74
11186,Jason Houston,M,9th,Hernandez High School,66,96
11187,Phillip Little,M,12th,Hernandez High School,67,56
11188,Troy Summers,M,9th,Hernandez High School,68,83
11189,Desiree Austin,F,12th,Hernandez High School,69,99
11190,Douglas Wilson,M,9th,Hernandez High School,85,87
11191,Brandon Cabrera,M,12th,Hernandez High School,69,91
11192,Mary Johnson,F,10th,Hernandez High School,98,69
11193,Kimberly Sanchez,F,10th,Hernandez High School,75,98
11194,Katherine Castillo,F,10th,Hernandez High School,97,68
11195,Megan Mills,F,9th,Hernandez High School,63,77
11196,Sydney Lyons,F,12th,Hernandez High School,70,61
11197,Jordan Gilbert,F,11th,Hernandez High School,94,55
11198,Victor Harper,M,11th,Hernandez High School,92,90
11199,Maria Henderson,F,12th,Hernandez High School,64,66
11200,Denise Garcia,F,11th,Hernandez High School,75,83
11201,Jeremy Avila,M,11th,Hernandez High School,74,59
11202,Charlene Sanchez,F,10th,Hernandez High School,97,94
11203,Diane Barker,F,10th,Hernandez High School,83,85
11204,Justin Walker,M,9th,Hernandez High School,79,83
11205,Dennis Benjamin,M,11th,Hernandez High School,89,66
11206,Samantha Acosta,F,10th,Hernandez High School,67,67
11207,Jenna Wood,F,9th,Hernandez High School,80,58
11208,Jesse Reed,M,12th,Hernandez High School,80,62
11209,Dawn Mueller,F,11th,Hernandez High School,85,62
11210,Mikayla Hart,F,9th,Hernandez High School,90,86
11211,Heather Walker,F,11th,Hernandez High School,68,98
11212,Cynthia Hunt,F,9th,Hernandez High School,76,71
11213,Sarah Myers,F,10th,Hernandez High School,67,81
11214,Tiffany White,F,10th,Hernandez High School,86,65
11215,Nancy Singleton,F,11th,Hernandez High School,99,85
11216,Juan Marshall,M,11th,Hernandez High School,75,74
11217,Kristen Lopez,F,9th,Hernandez High School,93,87
11218,Mariah Davis,F,11th,Hernandez High School,66,89
11219,John Johnson,M,9th,Hernandez High School,82,59
11220,Patricia Hickman,F,12th,Hernandez High School,71,61
11221,Margaret Calderon,F,9th,Hernandez High School,71,61
11222,Daniel Erickson,M,11th,Hernandez High School,77,91
11223,Daniel Pena,M,12th,Hernandez High School,70,78
11224,Amy Meyer,F,12th,Hernandez High School,71,80
11225,Linda Mcfarland,F,11th,Hernandez High School,70,77
11226,Cody Schaefer,M,10th,Hernandez High School,97,81
11227,Austin Butler,M,12th,Hernandez High School,68,89
11228,Brianna Brown,F,11th,Hernandez High School,75,61
11229,Autumn Jones,F,10th,Hernandez High School,78,81
11230,John Robinson,M,10th,Hernandez High School,66,82
11231,Misty Miller,F,12th,Hernandez High School,68,80
11232,Sharon Williams,F,11th,Hernandez High School,80,57
11233,Kenneth Warren,M,10th,Hernandez High School,86,91
11234,Harold Weber,M,9th,Hernandez High School,79,78
11235,Aaron Harper,M,12th,Hernandez High School,71,63
11236,Randy Lee,M,11th,Hernandez High School,66,73
11237,Joanna Jones,F,10th,Hernandez High School,73,70
11238,Marilyn Barry,F,10th,Hernandez High School,86,66
11239,Brett Mason,M,11th,Hernandez High School,99,61
11240,Charles Simpson,M,11th,Hernandez High School,81,93
11241,Sharon Harris,F,10th,Hernandez High School,70,87
11242,Debra Hopkins,F,10th,Hernandez High School,76,94
11243,Christopher Schmidt,M,11th,Hernandez High School,72,91
11244,Jean Nguyen,F,12th,Hernandez High School,64,85
11245,Jacob Wilson,M,11th,Hernandez High School,63,96
11246,Michelle Howard,F,9th,Hernandez High School,78,59
11247,Sara Adams,F,12th,Hernandez High School,78,75
11248,Melissa Shea,F,9th,Hernandez High School,63,66
11249,Michael Livingston,M,11th,Hernandez High School,92,62
11250,Brittney Landry,F,11th,Hernandez High School,96,97
11251,Parker Williams,M,11th,Hernandez High School,71,59
11252,Joseph Chang,M,10th,Hernandez High School,75,68
11253,Karen Parker,F,11th,Hernandez High School,87,83
11254,Troy Hill,M,10th,Hernandez High School,76,90
11255,Thomas Walters,M,12th,Hernandez High School,82,90
11256,Sarah King,F,10th,Hernandez High School,66,68
11257,Frank Lawson,M,11th,Hernandez High School,82,85
11258,Rebecca Hammond,F,9th,Hernandez High School,98,66
11259,Jonathan Smith,M,10th,Hernandez High School,72,97
11260,Cameron Mercado,M,11th,Hernandez High School,79,75
11261,Tyler Preston,M,11th,Hernandez High School,83,57
11262,Brian Barker,M,9th,Hernandez High School,97,69
11263,Deborah Holland,F,10th,Hernandez High School,66,87
11264,Chris Montoya,M,11th,Hernandez High School,76,79
11265,Benjamin Lee,M,9th,Hernandez High School,99,97
11266,Fernando Trujillo,M,9th,Hernandez High School,79,86
11267,Stacy Mcgee,F,10th,Hernandez High School,88,95
11268,Rebecca Lane,F,11th,Hernandez High School,63,70
11269,Jeremy Martin,M,10th,Hernandez High School,98,92
11270,Tina Castillo,F,11th,Hernandez High School,71,60
11271,Kristin Kim,F,9th,Hernandez High School,97,58
11272,Laurie Anderson,F,12th,Hernandez High School,96,73
11273,Johnny Ellis,M,10th,Hernandez High School,86,90
11274,Gregory Murray,M,9th,Hernandez High School,77,94
11275,Teresa Bennett,F,9th,Hernandez High School,88,56
11276,Kelsey Clark,F,11th,Hernandez High School,87,67
11277,Misty Jimenez,F,9th,Hernandez High School,96,96
11278,Mary Mason,F,9th,Hernandez High School,66,79
11279,Micheal Cline,M,11th,Hernandez High School,90,84
11280,John Lee,M,12th,Hernandez High School,72,98
11281,Kathryn Thomas,F,12th,Hernandez High School,86,81
11282,Peter Horn,M,10th,Hernandez High School,63,78
11283,Angela Fuentes,F,9th,Hernandez High School,68,77
11284,Christopher Smith,M,12th,Hernandez High School,63,96
11285,William Hurst,M,11th,Hernandez High School,69,95
11286,Gabriel Morris,M,12th,Hernandez High School,67,83
11287,John Oliver,M,12th,Hernandez High School,83,91
11288,Doris Weaver,F,10th,Hernandez High School,89,94
11289,Christina Thompson,F,10th,Hernandez High School,90,87
11290,Lindsey Galvan,F,10th,Hernandez High School,63,98
11291,Colleen Fox,F,9th,Hernandez High School,65,75
11292,Selena Johns,F,12th,Hernandez High School,85,99
11293,Joe Brown,M,11th,Hernandez High School,84,95
11294,Alvin Evans,M,10th,Hernandez High School,73,87
11295,Susan Mendoza,F,9th,Hernandez High School,99,56
11296,David Hunter,M,9th,Hernandez High School,65,69
11297,Kevin Smith,M,10th,Hernandez High School,64,60
11298,John Hall,M,9th,Hernandez High School,65,90
11299,Rachel King,F,10th,Hernandez High School,72,80
11300,Brittany Shah,F,9th,Hernandez High School,95,65
11301,Joseph Henderson,M,10th,Hernandez High School,69,72
11302,Diane Jennings,F,9th,Hernandez High School,98,77
11303,Veronica Diaz,F,10th,Hernandez High School,64,62
11304,Dylan Frazier,M,9th,Hernandez High School,82,86
11305,Kristen Fischer,F,9th,Hernandez High School,97,89
11306,Michelle Gallagher,F,9th,Hernandez High School,75,66
11307,Jean Beck,F,9th,Hernandez High School,90,86
11308,Eric Mcbride,M,12th,Hernandez High School,94,73
11309,Elizabeth Fisher,F,10th,Hernandez High School,68,95
11310,Lori Moore,F,9th,Hernandez High School,76,67
11311,Michael Sims,M,9th,Hernandez High School,73,99
11312,Ralph Scott,M,11th,Hernandez High School,80,59
11313,Matthew Hayden,M,11th,Hernandez High School,85,93
11314,Julie Wong,F,9th,Hernandez High School,65,84
11315,Jeremy Welch,M,12th,Hernandez High School,92,73
11316,Kathryn Patton,F,11th,Hernandez High School,98,95
11317,Patricia Weaver,F,10th,Hernandez High School,94,76
11318,Kyle Martin,M,10th,Hernandez High School,90,70
11319,Bianca Owens,F,9th,Hernandez High School,95,62
11320,Christopher Pacheco,M,10th,Hernandez High School,69,77
11321,Sara Barton,F,9th,Hernandez High School,77,89
11322,Patricia Harrison,F,9th,Hernandez High School,83,99
11323,David Edwards,M,9th,Hernandez High School,85,64
11324,Ryan Thomas,M,10th,Hernandez High School,73,96
11325,Jon Roberts,M,10th,Hernandez High School,89,56
11326,Chase Conley,M,9th,Hernandez High School,90,60
11327,Brett Adams,M,10th,Hernandez High School,86,67
11328,Kathleen Flores,F,9th,Hernandez High School,93,73
11329,Leah Richards,F,10th,Hernandez High School,83,74
11330,Randall Terry,M,9th,Hernandez High School,94,98
11331,Patrick Duarte,M,10th,Hernandez High School,70,66
11332,Kristen Sanchez,F,10th,Hernandez High School,65,63
11333,Ronald Harvey,M,11th,Hernandez High School,99,84
11334,Jeremy Collins,M,12th,Hernandez High School,94,91
11335,Leslie Parker,F,10th,Hernandez High School,85,87
11336,Andrew Spencer,M,9th,Hernandez High School,75,68
11337,Debbie Martin,F,12th,Hernandez High School,71,92
11338,Joseph Colon,M,9th,Hernandez High School,74,61
11339,Robert Hamilton,M,11th,Hernandez High School,71,58
11340,Sean Cardenas,M,10th,Hernandez High School,86,55
11341,Paula Bishop,F,11th,Hernandez High School,87,61
11342,Timothy Riggs,M,10th,Hernandez High School,66,66
11343,Valerie Ryan,F,10th,Hernandez High School,78,92
11344,Heather Armstrong,F,10th,Hernandez High School,89,70
11345,Lisa Mack,F,9th,Hernandez High School,86,80
11346,Donna Morris,F,10th,Hernandez High School,82,69
11347,Shane Simon,M,9th,Hernandez High School,67,81
11348,Kelly Quinn,F,10th,Hernandez High School,64,69
11349,Danielle Reid,F,10th,Hernandez High School,92,85
11350,Eric Roberts,M,11th,Hernandez High School,92,93
11351,Meagan Holt,F,11th,Hernandez High School,94,83
11352,Jessica Bauer,F,9th,Hernandez High School,71,58
11353,John Lopez,M,10th,Hernandez High School,95,65
11354,Brenda Zuniga,F,11th,Hernandez High School,74,98
11355,Dawn Murillo,F,11th,Hernandez High School,65,80
11356,Tracy Robles,M,12th,Hernandez High School,87,81
11357,Paul Stephens,M,11th,Hernandez High School,91,55
11358,Adam Hernandez,M,10th,Hernandez High School,92,86
11359,Annette Brooks,F,11th,Hernandez High School,78,55
11360,Jerry Brown,M,11th,Hernandez High School,68,78
11361,Andrew Austin,M,9th,Hernandez High School,63,80
11362,Nicholas Jimenez,M,9th,Hernandez High School,76,92
11363,Donald Dixon,M,11th,Hernandez High School,75,74
11364,Susan Wright,F,9th,Hernandez High School,94,89
11365,Stephanie Perry ,F,12th,Hernandez High School,94,82
11366,Sandra Wright,F,11th,Hernandez High School,71,60
11367,David Weaver,M,10th,Hernandez High School,85,73
11368,Gregg Velez,M,12th,Hernandez High School,94,62
11369,Tracy Ford,F,11th,Hernandez High School,76,59
11370,Joseph Lawrence,M,10th,Hernandez High School,67,87
11371,Paul Smith,M,10th,Hernandez High School,65,64
11372,Michaela Fuller,F,11th,Hernandez High School,71,58
11373,Emily Davis,F,12th,Hernandez High School,89,99
11374,Shannon Mitchell,F,9th,Hernandez High School,95,73
11375,Kenneth Hardy,M,10th,Hernandez High School,67,60
11376,Andrew Drake,M,10th,Hernandez High School,71,83
11377,Jamie Hart,F,10th,Hernandez High School,88,86
11378,Samuel Moore,M,9th,Hernandez High School,85,74
11379,Julie Berry,F,9th,Hernandez High School,69,77
11380,Julie Mccarty,F,9th,Hernandez High School,72,80
11381,Anthony White,M,11th,Hernandez High School,88,68
11382,Bruce Davis,M,12th,Hernandez High School,78,74
11383,Patricia Schultz,F,9th,Hernandez High School,84,79
11384,Christina Brown,F,9th,Hernandez High School,98,57
11385,Nicole Taylor,F,11th,Hernandez High School,74,95
11386,Ryan Cooper,M,9th,Hernandez High School,71,78
11387,Grant Garcia,M,9th,Hernandez High School,65,57
11388,Andrew Parsons,M,9th,Hernandez High School,81,73
11389,Colleen Bennett,F,12th,Hernandez High School,69,57
11390,Brandy Smith,F,12th,Hernandez High School,94,98
11391,Tracey Gonzalez,F,9th,Hernandez High School,70,82
11392,Melissa Jones,F,9th,Hernandez High School,79,68
11393,James Schmitt,M,9th,Hernandez High School,78,71
11394,April Miller,F,12th,Hernandez High School,66,98
11395,Laura Williams,F,9th,Hernandez High School,80,94
11396,Julie Weber,F,9th,Hernandez High School,68,57
11397,Jodi Weeks,F,9th,Hernandez High School,82,94
11398,Heather Reyes,F,9th,Hernandez High School,65,89
11399,James French,M,12th,Hernandez High School,98,65
11400,Charles Pennington,M,12th,Hernandez High School,94,95
11401,Phillip Bonilla,M,9th,Hernandez High School,73,94
11402,Sarah Washington,F,10th,Hernandez High School,99,92
11403,April Marquez,F,12th,Hernandez High School,75,62
11404,Julie Roberts,F,9th,Hernandez High School,80,60
11405,Christian Harris,M,9th,Hernandez High School,77,89
11406,Brian Townsend,M,11th,Hernandez High School,76,59
11407,Sarah Wilson,F,11th,Hernandez High School,77,97
11408,Dorothy Watts,F,9th,Hernandez High School,94,62
11409,Justin Palmer,M,10th,Hernandez High School,77,80
11410,Anne Wilson,F,11th,Hernandez High School,65,65
11411,Angela Dean,F,10th,Hernandez High School,87,97
11412,Courtney Martinez,F,11th,Hernandez High School,87,96
11413,Larry Stanley,M,10th,Hernandez High School,82,95
11414,Bianca Osborn,F,10th,Hernandez High School,66,97
11415,Justin Adams,M,12th,Hernandez High School,63,65
11416,Andrea Herrera,F,9th,Hernandez High School,79,86
11417,Lee Montoya,M,9th,Hernandez High School,83,90
11418,Kevin Johnston,M,12th,Hernandez High School,79,63
11419,Brittany York,F,9th,Hernandez High School,84,78
11420,Sydney Gonzales,F,10th,Hernandez High School,74,76
11421,Meagan May,F,9th,Hernandez High School,98,96
11422,Elizabeth Aguirre,F,10th,Hernandez High School,64,96
11423,Paul Hernandez ,M,12th,Hernandez High School,74,85
11424,Ryan Travis,M,9th,Hernandez High School,74,92
11425,Timothy Bailey,M,9th,Hernandez High School,84,85
11426,Mrs. Jasmine Schroeder,F,11th,Hernandez High School,97,94
11427,Susan Mcbride,F,11th,Hernandez High School,64,71
11428,Megan Smith,F,12th,Hernandez High School,72,77
11429,Curtis Kennedy,M,12th,Hernandez High School,78,80
11430,Terri Grant,F,9th,Hernandez High School,93,73
11431,Candace Bradford,F,12th,Hernandez High School,98,83
11432,David Dunlap,M,9th,Hernandez High School,88,82
11433,Keith Herrera,M,9th,Hernandez High School,90,88
11434,Susan Franklin,F,12th,Hernandez High School,73,90
11435,Christina Huber,F,12th,Hernandez High School,84,66
11436,Gregory Gibbs,M,11th,Hernandez High School,66,80
11437,Stephanie Sullivan,F,9th,Hernandez High School,77,93
11438,William Martinez,M,11th,Hernandez High School,71,82
11439,Sandra Brown,F,11th,Hernandez High School,80,78
11440,Kyle Johnson,M,9th,Hernandez High School,89,89
11441,Adam Rodriguez,M,9th,Hernandez High School,75,62
11442,Brian Baker,M,12th,Hernandez High School,65,91
11443,Jonathan Solomon,M,9th,Hernandez High School,76,66
11444,Samantha Lopez,F,9th,Hernandez High School,86,60
11445,Christian Schroeder,M,11th,Hernandez High School,69,90
11446,Michelle Smith,F,10th,Hernandez High School,74,65
11447,Luke Baker,M,10th,Hernandez High School,76,88
11448,Robert Carter,M,9th,Hernandez High School,83,67
11449,Jacob Randolph,M,9th,Hernandez High School,79,96
11450,Karen Nichols,F,9th,Hernandez High School,78,77
11451,Cindy Wright,F,12th,Hernandez High School,63,82
11452,Nathan Griffin,M,9th,Hernandez High School,67,78
11453,Casey Riggs,M,9th,Hernandez High School,75,70
11454,John Sullivan,M,10th,Hernandez High School,81,56
11455,Benjamin Myers,M,11th,Hernandez High School,75,81
11456,Ricky Harris,M,12th,Hernandez High School,76,85
11457,James Clark,M,10th,Hernandez High School,93,90
11458,Gina Baker,F,9th,Hernandez High School,93,88
11459,Kristin Foley,F,12th,Hernandez High School,70,73
11460,Bryan Mathis,M,9th,Hernandez High School,90,56
11461,Margaret Neal,F,11th,Hernandez High School,89,97
11462,Andres Lopez,M,11th,Hernandez High School,73,75
11463,Michael Ramirez,M,12th,Hernandez High School,67,68
11464,Sarah Rose,F,12th,Hernandez High School,87,76
11465,Erica Atkins,F,9th,Hernandez High School,88,96
11466,Amanda Ayala,F,9th,Hernandez High School,63,68
11467,Julia Wilson,F,10th,Hernandez High School,85,98
11468,Jose Decker,M,12th,Hernandez High School,85,60
11469,James Webb,M,10th,Hernandez High School,79,72
11470,Jacqueline Shaffer,F,9th,Hernandez High School,90,61
11471,Stephanie Morgan,F,12th,Hernandez High School,72,55
11472,Stephanie Cabrera,F,9th,Hernandez High School,92,58
11473,Brian Fox,M,10th,Hernandez High School,77,92
11474,Chloe Morrow,F,12th,Hernandez High School,74,56
11475,Dylan Wise,M,10th,Hernandez High School,81,90
11476,Olivia Nunez,F,11th,Hernandez High School,79,61
11477,Adam Sosa,M,12th,Hernandez High School,69,96
11478,Dawn Merritt,F,9th,Hernandez High School,76,96
11479,Bryan Pruitt,M,10th,Hernandez High School,86,79
11480,Paul Jones,M,10th,Hernandez High School,70,87
11481,Mark Fields,M,11th,Hernandez High School,99,94
11482,Robert Ross,M,12th,Hernandez High School,67,98
11483,Sally Wilson,F,12th,Hernandez High School,63,56
11484,Valerie Jordan,F,12th,Hernandez High School,67,55
11485,Christopher Leon,M,10th,Hernandez High School,66,91
11486,Robert Bryant,M,11th,Hernandez High School,63,90
11487,Gary Brown,M,10th,Hernandez High School,68,57
11488,Ethan Herring,M,11th,Hernandez High School,77,59
11489,Ralph Brown,M,11th,Hernandez High School,99,99
11490,Mary Kennedy,F,12th,Hernandez High School,95,67
11491,Paul Johnson,M,12th,Hernandez High School,74,86
11492,Jennifer Terry,F,11th,Hernandez High School,69,82
11493,Scott Martinez,M,12th,Hernandez High School,67,99
11494,Paula Jackson,F,11th,Hernandez High School,84,74
11495,Jonathan Clay,M,12th,Hernandez High School,77,98
11496,Jeremy Morton,M,10th,Hernandez High School,75,57
11497,Brian Jackson,M,12th,Hernandez High School,63,83
11498,Randy Esparza,M,11th,Hernandez High School,67,83
11499,Kaitlyn Zimmerman,F,9th,Hernandez High School,67,86
11500,Andrea Pratt,F,10th,Hernandez High School,86,96
11501,Shane Henry,M,9th,Hernandez High School,72,87
11502,Casey Keith,F,9th,Hernandez High School,65,85
11503,Stephanie Murray,F,11th,Hernandez High School,71,70
11504,Jessica Campbell,F,10th,Hernandez High School,75,85
11505,Brandi Saunders,F,9th,Hernandez High School,63,65
11506,Jesse Holland,M,11th,Hernandez High School,88,84
11507,Tammy Ward,F,11th,Hernandez High School,82,69
11508,Linda Sanchez ,F,12th,Hernandez High School,91,99
11509,Michelle Kelley,F,9th,Hernandez High School,78,68
11510,Catherine Martin,F,9th,Hernandez High School,88,75
11511,Cynthia Ruiz,F,10th,Hernandez High School,69,60
11512,Kelly Miller,F,11th,Hernandez High School,72,67
11513,Devin Henderson,M,9th,Hernandez High School,95,74
11514,Javier Wells,M,9th,Hernandez High School,83,55
11515,Wanda Santos,F,11th,Hernandez High School,95,94
11516,Matthew Travis,M,12th,Hernandez High School,91,67
11517,Peggy Bennett,F,9th,Hernandez High School,78,71
11518,Adam George,M,12th,Hernandez High School,76,66
11519,Jillian Miles,F,12th,Hernandez High School,64,58
11520,Mark Cummings,M,10th,Hernandez High School,65,56
11521,Michael Smith,M,11th,Hernandez High School,85,56
11522,Peter Crawford,M,10th,Hernandez High School,83,86
11523,Grace Flores,F,9th,Hernandez High School,97,76
11524,Kelly Bernard,F,11th,Hernandez High School,80,75
11525,Nancy Vargas,F,9th,Hernandez High School,65,86
11526,Kristine Jones,F,12th,Hernandez High School,82,79
11527,Lindsey Thompson,F,9th,Hernandez High School,70,61
11528,Richard Sandoval,M,10th,Hernandez High School,69,91
11529,Karen Young,F,11th,Hernandez High School,98,63
11530,Kelly Baker,F,12th,Hernandez High School,85,85
11531,Erika Williams,F,10th,Hernandez High School,80,84
11532,Fred Pierce,M,11th,Hernandez High School,82,82
11533,Scott Rogers,M,10th,Hernandez High School,80,96
11534,Ana Ramirez,F,11th,Hernandez High School,71,87
11535,Heather Wright,F,10th,Hernandez High School,78,92
11536,Robert Morgan,M,11th,Hernandez High School,82,92
11537,Matthew Marquez,M,10th,Hernandez High School,75,71
11538,Brenda Lambert,F,10th,Hernandez High School,82,56
11539,Robert Fitzpatrick,M,11th,Hernandez High School,64,66
11540,Melissa Fuller,F,9th,Hernandez High School,81,78
11541,Brian Morrison,M,10th,Hernandez High School,72,69
11542,Christopher Flynn,M,12th,Hernandez High School,77,72
11543,Taylor Moody,F,10th,Hernandez High School,95,94
11544,Sandra Taylor,F,11th,Hernandez High School,86,96
11545,Robert Campbell,M,12th,Hernandez High School,79,84
11546,Michael Arias,M,12th,Hernandez High School,90,60
11547,Christopher Griffin,M,12th,Hernandez High School,99,91
11548,Tanya Mason,F,10th,Hernandez High School,79,67
11549,Dustin Mueller,M,10th,Hernandez High School,90,66
11550,Joanna Cooke,F,10th,Hernandez High School,77,69
11551,Ashley Mcdonald,F,11th,Hernandez High School,71,68
11552,David Daniels,M,10th,Hernandez High School,88,90
11553,Billy Garza,M,9th,Hernandez High School,91,86
11554,Kyle White,M,10th,Hernandez High School,93,97
11555,Gabriel Pollard,M,12th,Hernandez High School,64,56
11556,Ryan Meyer,M,12th,Hernandez High School,75,71
11557,Thomas Hurley,M,9th,Hernandez High School,67,77
11558,Lori Hernandez,F,9th,Hernandez High School,95,90
11559,Renee Hernandez,F,10th,Hernandez High School,83,57
11560,Ross Chambers,M,11th,Hernandez High School,88,58
11561,Stephanie Fox,F,11th,Hernandez High School,69,92
11562,Joseph Walter,M,10th,Hernandez High School,93,92
11563,Terry Hudson,F,9th,Hernandez High School,92,95
11564,William Jones,M,9th,Hernandez High School,64,84
11565,Sarah Hooper,F,11th,Hernandez High School,93,65
11566,Dominic Nelson,M,9th,Hernandez High School,68,58
11567,Brian Frazier,M,9th,Hernandez High School,97,66
11568,Julia Thompson,F,9th,Hernandez High School,96,56
11569,Karen Bright,F,9th,Hernandez High School,75,93
11570,Gina Hale,F,10th,Hernandez High School,92,87
11571,Bradley Fritz,M,11th,Hernandez High School,90,97
11572,Ashley Duarte,F,9th,Hernandez High School,93,59
11573,David Wells,M,11th,Hernandez High School,75,58
11574,Brandon Lee,M,9th,Hernandez High School,74,82
11575,David Jones,M,9th,Hernandez High School,82,85
11576,Amanda Woods,F,11th,Hernandez High School,90,59
11577,Mrs. Danielle Jones,F,11th,Hernandez High School,90,76
11578,Dana Bailey,F,12th,Hernandez High School,72,96
11579,James Suarez,M,9th,Hernandez High School,87,74
11580,Benjamin Henry ,M,9th,Hernandez High School,66,84
11581,Danielle French,F,12th,Hernandez High School,94,71
11582,Maurice Hodges,M,9th,Hernandez High School,65,82
11583,Michele Roberts,F,11th,Hernandez High School,94,79
11584,James Taylor,M,11th,Hernandez High School,63,62
11585,Randy Reyes,M,11th,Hernandez High School,93,81
11586,Brandon Smith,M,9th,Hernandez High School,82,88
11587,Pamela Burns,F,11th,Hernandez High School,68,69
11588,Jonathan Williams,M,9th,Hernandez High School,75,84
11589,Andrew Mitchell,M,9th,Hernandez High School,87,78
11590,Caitlin Walter,F,9th,Hernandez High School,86,61
11591,Amy Atkinson,F,10th,Hernandez High School,79,95
11592,Judith Flores,F,10th,Hernandez High School,63,56
11593,Joshua Cooper,M,11th,Hernandez High School,77,78
11594,Joseph Blevins,M,9th,Hernandez High School,87,69
11595,Anna Schultz,F,9th,Hernandez High School,85,96
11596,Lisa Jimenez,F,11th,Hernandez High School,84,73
11597,Stacy Miller,F,10th,Hernandez High School,65,80
11598,Laura Nelson,F,12th,Hernandez High School,82,85
11599,James Chung,M,9th,Hernandez High School,94,63
11600,Chad Huber,M,9th,Hernandez High School,70,88
11601,Alejandro Phillips,M,12th,Hernandez High School,83,77
11602,Jason Reed,M,9th,Hernandez High School,64,60
11603,Angela Banks,F,12th,Hernandez High School,75,99
11604,Michele Clark,F,9th,Hernandez High School,86,76
11605,Kimberly Roberts,F,9th,Hernandez High School,64,65
11606,Janice Ortega,F,10th,Hernandez High School,73,99
11607,John Roberts,M,10th,Hernandez High School,84,74
11608,Brett Walker,M,12th,Hernandez High School,84,73
11609,Stephanie Cox,F,9th,Hernandez High School,70,74
11610,Amy Rios,F,10th,Hernandez High School,87,78
11611,Paul Jacobs,M,9th,Hernandez High School,70,96
11612,Kristen Lucas,F,12th,Hernandez High School,91,59
11613,Timothy Sanchez,M,12th,Hernandez High School,65,97
11614,Courtney Munoz,F,10th,Hernandez High School,85,83
11615,Russell Elliott,M,10th,Hernandez High School,95,86
11616,Andre Smith,M,10th,Hernandez High School,89,99
11617,Hannah Howard,F,12th,Hernandez High School,70,89
11618,Katelyn Wilkins,F,10th,Hernandez High School,84,81
11619,Juan Harrison,M,9th,Hernandez High School,67,62
11620,Jeffrey Sanders,M,12th,Hernandez High School,65,74
11621,Brandy Crawford,F,9th,Hernandez High School,95,55
11622,Paula Stevens,F,10th,Hernandez High School,66,71
11623,Danny Moore,M,12th,Hernandez High School,75,91
11624,Maria Bishop,F,12th,Hernandez High School,94,90
11625,Cynthia Gordon,F,12th,Hernandez High School,74,97
11626,Christopher Shaffer,M,9th,Hernandez High School,82,77
11627,Stephen Mckinney,M,11th,Hernandez High School,87,76
11628,John Haynes,M,9th,Hernandez High School,76,90
11629,Heidi Smith,F,9th,Hernandez High School,91,89
11630,Samantha Howard,F,9th,Hernandez High School,66,91
11631,Adam Smith,M,10th,Hernandez High School,98,55
11632,Hannah Little,F,11th,Hernandez High School,65,91
11633,Christine Ruiz,F,9th,Hernandez High School,80,68
11634,Brittany Gonzalez,F,9th,Hernandez High School,94,95
11635,Kenneth Woods,M,10th,Hernandez High School,65,79
11636,Elizabeth Jefferson,F,12th,Hernandez High School,84,90
11637,Peggy Mccann,F,11th,Hernandez High School,80,96
11638,Taylor Hawkins,F,11th,Hernandez High School,90,97
11639,Bill Graves,M,11th,Hernandez High School,98,94
11640,Donna Gross,F,12th,Hernandez High School,92,92
11641,Diana Moore,F,12th,Hernandez High School,80,88
11642,Dave Jacobs,M,9th,Hernandez High School,66,57
11643,William Clark,M,9th,Hernandez High School,91,61
11644,Daniel Todd,M,10th,Hernandez High School,97,76
11645,Sara Wong,F,12th,Hernandez High School,87,99
11646,Tina Donovan,F,11th,Hernandez High School,95,63
11647,Timothy Martin,M,11th,Hernandez High School,92,61
11648,Christopher Walker,M,11th,Hernandez High School,63,58
11649,Danny Cannon,M,9th,Hernandez High School,70,67
11650,Jacqueline Thompson,F,11th,Hernandez High School,68,84
11651,Rachel Christian,F,12th,Hernandez High School,89,62
11652,Matthew Lawrence,M,12th,Hernandez High School,87,74
11653,Robert Lawrence,M,12th,Hernandez High School,85,89
11654,Audrey Saunders,F,11th,Hernandez High School,94,66
11655,James Mcgee,M,10th,Hernandez High School,71,57
11656,James Hughes,M,10th,Hernandez High School,66,80
11657,Kathryn Johnson,F,12th,Hernandez High School,93,65
11658,Jessica Miller,F,12th,Hernandez High School,87,98
11659,Erika Hansen,F,10th,Hernandez High School,74,77
11660,Pamela Maddox,F,9th,Hernandez High School,90,64
11661,Rhonda Tapia,F,11th,Hernandez High School,97,92
11662,Brenda Caldwell,F,11th,Hernandez High School,94,99
11663,Brenda Johnson,F,12th,Hernandez High School,80,86
11664,Jennifer Villarreal,F,12th,Hernandez High School,84,57
11665,Jennifer Knox,F,11th,Hernandez High School,72,83
11666,Clayton Robinson,M,11th,Hernandez High School,67,99
11667,Thomas Smith ,M,10th,Hernandez High School,66,91
11668,Rachel Hanna ,F,9th,Hernandez High School,63,65
11669,Shawn Chambers,M,11th,Hernandez High School,78,88
11670,Charles Gonzalez,M,10th,Hernandez High School,83,60
11671,Jennifer Wilson,F,12th,Hernandez High School,85,79
11672,Danielle Mora,F,9th,Hernandez High School,81,91
11673,Holly Williams,F,11th,Hernandez High School,98,64
11674,Joseph Hodges,M,10th,Hernandez High School,76,94
11675,Christopher Gomez,M,10th,Hernandez High School,96,71
11676,Antonio Thornton,M,10th,Hernandez High School,64,80
11677,Joseph Ward,M,10th,Hernandez High School,77,58
11678,Robert Stephens ,M,9th,Hernandez High School,64,78
11679,Carol Greene,F,10th,Hernandez High School,84,62
11680,Anthony Rivera,M,9th,Hernandez High School,89,83
11681,Patrick Patterson,M,10th,Hernandez High School,96,85
11682,Ryan Carson,M,10th,Hernandez High School,75,91
11683,Brian Hodges,M,9th,Hernandez High School,66,61
11684,Trevor Mosley,M,9th,Hernandez High School,64,83
11685,Caitlin Williams,F,12th,Hernandez High School,81,91
11686,Stephanie Ellis,F,12th,Hernandez High School,63,60
11687,Leonard Moran,M,12th,Hernandez High School,86,69
11688,Stephanie Scott,F,9th,Hernandez High School,71,67
11689,Mary Rubio,F,11th,Hernandez High School,90,90
11690,Renee Salas,F,12th,Hernandez High School,65,70
11691,David Davis,M,10th,Hernandez High School,73,65
11692,Joseph Leonard,M,11th,Hernandez High School,92,94
11693,Haley Vance,F,12th,Hernandez High School,74,76
11694,Jerry Howard,M,9th,Hernandez High School,76,84
11695,Tiffany Jimenez,F,9th,Hernandez High School,78,67
11696,Derek Adams,M,11th,Hernandez High School,88,91
11697,Clayton Welch,M,11th,Hernandez High School,98,82
11698,Robert Christian,M,9th,Hernandez High School,80,65
11699,Amy Villa,F,9th,Hernandez High School,88,62
11700,John Carter,M,10th,Hernandez High School,63,69
11701,Mitchell Fisher,M,11th,Hernandez High School,95,62
11702,Kristin Stevens,F,11th,Hernandez High School,92,58
11703,Joseph Sandoval,M,10th,Hernandez High School,70,76
11704,April Garcia,F,11th,Hernandez High School,86,66
11705,Colton Ramirez,M,12th,Hernandez High School,71,89
11706,James Baxter,M,10th,Hernandez High School,77,97
11707,Kayla Lyons,F,10th,Hernandez High School,81,66
11708,Christopher Cook,M,11th,Hernandez High School,71,67
11709,Scott Brown,M,12th,Hernandez High School,74,72
11710,Robert Wilson,M,10th,Hernandez High School,72,88
11711,Karen Garcia,F,9th,Hernandez High School,99,82
11712,Regina Garcia,F,9th,Hernandez High School,68,57
11713,Kayla Maldonado,F,11th,Hernandez High School,85,58
11714,Megan Acosta,F,11th,Hernandez High School,89,95
11715,Austin Duncan,M,9th,Hernandez High School,93,89
11716,Heather Keller,F,12th,Hernandez High School,79,88
11717,David Lin,M,12th,Hernandez High School,83,78
11718,Eric Brooks,M,11th,Hernandez High School,87,91
11719,Edwin Tucker,M,9th,Hernandez High School,90,63
11720,Joshua Smith,M,9th,Hernandez High School,80,92
11721,Tracy Small,F,12th,Hernandez High School,96,72
11722,Misty Peterson,F,9th,Hernandez High School,85,85
11723,Lisa Hall,F,10th,Hernandez High School,64,99
11724,Sean Duncan ,M,9th,Hernandez High School,65,77
11725,Jeremy Russell,M,11th,Hernandez High School,89,98
11726,Richard Horn,M,11th,Hernandez High School,64,73
11727,Patrick Contreras,M,11th,Hernandez High School,65,74
11728,Stacy Miles,F,9th,Hernandez High School,84,97
11729,Gregory Watson,M,12th,Hernandez High School,83,81
11730,Ashley Arias,F,10th,Hernandez High School,74,87
11731,Richard Graham,M,10th,Hernandez High School,72,84
11732,Tammy Williams,F,10th,Hernandez High School,98,86
11733,Sandy Barber,F,9th,Hernandez High School,69,96
11734,Victoria Torres,F,11th,Hernandez High School,79,63
11735,Carolyn Chapman,F,12th,Hernandez High School,99,84
11736,Noah Rodriguez,M,12th,Hernandez High School,98,85
11737,Jeffrey Willis,M,9th,Hernandez High School,89,71
11738,John Weaver,M,10th,Hernandez High School,90,80
11739,Elizabeth Ford,F,9th,Hernandez High School,98,58
11740,Teresa Brandt,F,9th,Hernandez High School,88,71
11741,Matthew Vaughan,M,9th,Hernandez High School,99,61
11742,Trevor Stone,M,12th,Hernandez High School,78,71
11743,Maria Adams ,F,11th,Hernandez High School,85,80
11744,Mrs. Theresa Bauer,F,12th,Hernandez High School,98,77
11745,Teresa Blair ,F,11th,Hernandez High School,87,96
11746,Patrick Martinez,M,9th,Hernandez High School,81,89
11747,Douglas Smith,M,10th,Hernandez High School,75,64
11748,Catherine Miller,F,11th,Hernandez High School,89,59
11749,Billy Anderson,M,9th,Hernandez High School,97,88
11750,Christina Kim,F,11th,Hernandez High School,72,73
11751,Zachary Hunt,M,9th,Hernandez High School,71,71
11752,Joseph Norton,M,12th,Hernandez High School,90,61
11753,Shirley Ruiz,F,10th,Hernandez High School,90,72
11754,Elizabeth Santos,F,9th,Hernandez High School,88,56
11755,Rebecca Stark,F,10th,Hernandez High School,83,62
11756,Christine Hicks,F,12th,Hernandez High School,92,57
11757,Caroline Lee,F,10th,Hernandez High School,90,90
11758,Crystal Dennis,F,11th,Hernandez High School,97,57
11759,Jennifer Campbell ,F,9th,Hernandez High School,84,66
11760,Heidi Woods,F,11th,Hernandez High School,91,99
11761,Sandra Mcpherson,F,9th,Hernandez High School,99,63
11762,Sharon Sims,F,10th,Hernandez High School,70,82
11763,Molly Mcbride,F,11th,Hernandez High School,90,63
11764,Miranda White,F,11th,Hernandez High School,92,72
11765,Teresa Mclaughlin,F,9th,Hernandez High School,98,63
11766,Samuel Larson,M,9th,Hernandez High School,75,83
11767,Cole Greer,M,12th,Hernandez High School,72,97
11768,Terrance Barajas,M,9th,Hernandez High School,86,65
11769,Alicia Owens,F,12th,Hernandez High School,76,79
11770,Randy Murphy,M,10th,Hernandez High School,80,81
11771,Debra Berry,F,12th,Hernandez High School,77,59
11772,Olivia Huynh,F,11th,Hernandez High School,95,95
11773,Randy Hardy,M,12th,Hernandez High School,73,68
11774,Robert Townsend,M,10th,Hernandez High School,78,55
11775,Michele Smith,F,12th,Hernandez High School,88,67
11776,Jonathan Gill,M,9th,Hernandez High School,80,95
11777,Nicole Greene,F,11th,Hernandez High School,70,97
11778,Cynthia Gilmore,F,12th,Hernandez High School,68,99
11779,Marissa Tran,F,10th,Hernandez High School,66,90
11780,Michele Miller,F,10th,Hernandez High School,67,94
11781,Lisa Smith,F,10th,Hernandez High School,89,63
11782,James Valentine,M,10th,Hernandez High School,68,95
11783,Wesley Strong,M,12th,Hernandez High School,75,69
11784,Amanda Wilson,F,10th,Hernandez High School,83,89
11785,Jacob Brown,M,12th,Hernandez High School,95,95
11786,Emily Johnson,F,9th,Hernandez High School,66,93
11787,Dominique Harris,F,10th,Hernandez High School,73,89
11788,Henry Skinner,M,12th,Hernandez High School,71,91
11789,Thomas Kemp,M,9th,Hernandez High School,89,60
11790,Jennifer Collins,F,11th,Hernandez High School,66,68
11791,Melissa Edwards,F,9th,Hernandez High School,84,65
11792,Tiffany Montes,F,11th,Hernandez High School,91,66
11793,Jennifer Harris,F,9th,Hernandez High School,69,80
11794,Selena Wheeler,F,10th,Hernandez High School,82,70
11795,Amy Walker,F,10th,Hernandez High School,88,56
11796,Matthew Arroyo,M,11th,Hernandez High School,81,93
11797,Elizabeth Jones,F,9th,Hernandez High School,77,56
11798,Joel Smith,M,11th,Hernandez High School,65,98
11799,Stephanie Hernandez,F,10th,Hernandez High School,69,61
11800,Susan Fisher,F,9th,Hernandez High School,74,65
11801,Courtney Maynard,F,10th,Hernandez High School,83,77
11802,Christine Alexander,F,12th,Hernandez High School,90,74
11803,Michelle Hall,F,11th,Hernandez High School,84,98
11804,Scott Branch,M,12th,Hernandez High School,86,59
11805,Michael Meyer,M,10th,Hernandez High School,63,69
11806,Collin Williams,M,12th,Hernandez High School,68,89
11807,Crystal Wallace,F,11th,Hernandez High School,97,56
11808,Gerald Garcia,M,11th,Hernandez High School,95,68
11809,Ryan Mendoza,M,9th,Hernandez High School,78,97
11810,Nathan Ward,M,9th,Hernandez High School,92,81
11811,Tony Powell,M,11th,Hernandez High School,67,88
11812,Jerry Allen,M,10th,Hernandez High School,85,83
11813,Philip Chavez,M,11th,Hernandez High School,99,66
11814,Jenna Wilson,F,12th,Hernandez High School,77,91
11815,Krista Walker,F,12th,Hernandez High School,81,62
11816,Donald Mendez,M,10th,Hernandez High School,83,96
11817,Steven Johnson,M,10th,Hernandez High School,95,93
11818,Brittany Bishop,F,9th,Hernandez High School,63,86
11819,Kimberly Green,F,11th,Hernandez High School,87,70
11820,Samuel Abbott,M,12th,Hernandez High School,69,93
11821,Melody Garcia,F,10th,Hernandez High School,76,65
11822,Ryan Stein,M,11th,Hernandez High School,89,69
11823,Melanie Perez,F,12th,Hernandez High School,97,60
11824,Kathryn Werner,F,9th,Hernandez High School,91,64
11825,Linda Alvarado,F,9th,Hernandez High School,87,56
11826,Richard Nelson,M,11th,Hernandez High School,78,89
11827,Stacey Liu,F,9th,Hernandez High School,96,71
11828,Jessica Wagner,F,11th,Hernandez High School,94,78
11829,James Reed Jr.,M,12th,Hernandez High School,83,77
11830,Catherine Palmer,F,12th,Hernandez High School,88,62
11831,Kim Vargas,F,11th,Hernandez High School,72,91
11832,James Colon,M,11th,Hernandez High School,98,60
11833,Shannon Hatfield,F,11th,Hernandez High School,68,61
11834,Antonio Ryan,M,10th,Hernandez High School,85,92
11835,Jim Wilson,M,12th,Hernandez High School,87,90
11836,Jessica Tyler,F,11th,Hernandez High School,84,74
11837,Pamela Rodriguez,F,10th,Hernandez High School,63,98
11838,Mark Willis,M,9th,Hernandez High School,92,61
11839,Sarah Hayes,F,9th,Hernandez High School,67,59
11840,Sandra Cooley,F,11th,Hernandez High School,96,96
11841,Joshua Pugh,M,11th,Hernandez High School,73,64
11842,Ashley Jensen,F,11th,Hernandez High School,71,71
11843,Ralph Brown,M,12th,Hernandez High School,97,68
11844,Jennifer Arroyo,F,9th,Hernandez High School,82,85
11845,Penny Medina,F,10th,Hernandez High School,66,92
11846,Katie Rivera,F,11th,Hernandez High School,67,81
11847,Alexis Taylor,F,9th,Hernandez High School,66,87
11848,Crystal Kim,F,10th,Hernandez High School,72,60
11849,Stephen West,M,12th,Hernandez High School,92,99
11850,Christopher Fisher,M,9th,Hernandez High School,82,95
11851,Bryan Grant,M,9th,Hernandez High School,69,91
11852,Jimmy Harper,M,10th,Hernandez High School,66,74
11853,David Pacheco,M,12th,Hernandez High School,69,78
11854,Kelli Matthews,F,11th,Hernandez High School,66,94
11855,Wesley Carter,M,12th,Hernandez High School,63,63
11856,Rachael Scott,F,11th,Hernandez High School,96,62
11857,Jason Martinez,M,9th,Hernandez High School,80,99
11858,Shane Taylor,M,10th,Hernandez High School,70,72
11859,Elizabeth Wallace ,F,12th,Hernandez High School,96,95
11860,Leah Wilson,F,12th,Hernandez High School,94,77
11861,Tammy Fisher,F,10th,Hernandez High School,82,71
11862,John Weber,M,12th,Hernandez High School,97,76
11863,Sally Brown,F,10th,Hernandez High School,82,97
11864,Tim Bautista,M,12th,Hernandez High School,71,88
11865,Bryan Campbell,M,12th,Hernandez High School,94,75
11866,Danny Santos,M,11th,Hernandez High School,85,70
11867,Paul Brennan,M,10th,Hernandez High School,99,99
11868,Danielle Hernandez,F,10th,Hernandez High School,94,64
11869,Kevin Gallagher,M,10th,Hernandez High School,73,91
11870,Paige Hood,F,12th,Hernandez High School,72,89
11871,Anthony Sanders,M,9th,Hernandez High School,81,77
11872,Willie Potter,M,10th,Hernandez High School,73,69
11873,Mrs. Gina Williams,F,12th,Hernandez High School,74,81
11874,Carol Page,F,10th,Hernandez High School,88,78
11875,Brian Jackson,M,9th,Hernandez High School,75,60
11876,Emma Turner,F,12th,Hernandez High School,72,95
11877,Jeremy Burton,M,9th,Hernandez High School,73,82
11878,Stephanie Valdez,F,9th,Hernandez High School,65,68
11879,Dorothy Oneill,F,9th,Hernandez High School,94,59
11880,Donna Smith,F,10th,Hernandez High School,67,85
11881,Kristin Rodriguez,F,10th,Hernandez High School,78,74
11882,Stacy White,F,11th,Hernandez High School,99,87
11883,Andrew Wu,M,12th,Hernandez High School,93,66
11884,Tracey Curtis,F,11th,Hernandez High School,68,73
11885,Laura Taylor,F,10th,Hernandez High School,99,98
11886,Steven Ray,M,9th,Hernandez High School,83,65
11887,Yvonne Blake,F,10th,Hernandez High School,86,84
11888,Richard Kemp,M,12th,Hernandez High School,98,75
11889,Rachel Lamb,F,9th,Hernandez High School,85,62
11890,Cheryl Miles,F,9th,Hernandez High School,85,55
11891,Christian Christensen,M,12th,Hernandez High School,97,81
11892,Emily Price ,F,10th,Hernandez High School,83,60
11893,Felicia Rodgers,F,9th,Hernandez High School,81,95
11894,Devon Vance,M,11th,Hernandez High School,70,56
11895,George Williams,M,11th,Hernandez High School,76,62
11896,Nathan Simmons,M,10th,Hernandez High School,94,58
11897,April Long,F,11th,Hernandez High School,90,78
11898,Mario Garcia,M,10th,Hernandez High School,84,65
11899,Aaron King,M,9th,Hernandez High School,83,70
11900,Patrick Scott,M,9th,Hernandez High School,85,71
11901,Alexandra Turner,F,11th,Hernandez High School,78,71
11902,Dylan Allen,M,9th,Hernandez High School,68,67
11903,William Flores,M,12th,Hernandez High School,96,63
11904,Kimberly Henry,F,10th,Hernandez High School,89,70
11905,Alexandra Delgado,F,11th,Hernandez High School,83,88
11906,Angela Gibbs,F,10th,Hernandez High School,65,57
11907,Jennifer Dennis,F,10th,Hernandez High School,67,96
11908,Kayla Smith,F,12th,Hernandez High School,92,97
11909,Kristen Holland,F,11th,Hernandez High School,96,96
11910,Mark Morgan,M,9th,Hernandez High School,97,72
11911,Daniel Mendoza,M,11th,Hernandez High School,95,61
11912,Tiffany Coleman,F,10th,Hernandez High School,79,86
11913,Julie Moore,F,10th,Hernandez High School,80,58
11914,Joshua Park,M,11th,Hernandez High School,67,63
11915,Douglas Lewis,M,11th,Hernandez High School,68,93
11916,Joshua Tanner,M,11th,Hernandez High School,94,94
11917,Mrs. Bonnie Boyd PhD,F,10th,Hernandez High School,71,98
11918,Ashley Brown,F,10th,Hernandez High School,63,65
11919,Rebecca Thompson,F,10th,Hernandez High School,94,63
11920,Kristina Dixon,F,11th,Hernandez High School,91,82
11921,Kyle Garner,M,11th,Hernandez High School,82,56
11922,Teresa Brown,F,9th,Hernandez High School,67,93
11923,Jason Davis,M,12th,Hernandez High School,97,60
11924,Nicole Spears,F,12th,Hernandez High School,71,63
11925,Victoria Rose,F,10th,Hernandez High School,85,71
11926,Deborah Gibbs,F,10th,Hernandez High School,84,86
11927,Kurt Shaffer,M,12th,Hernandez High School,95,57
11928,Lucas Hodge,M,12th,Hernandez High School,99,94
11929,John Mcdonald,M,11th,Hernandez High School,93,76
11930,Renee Lester,F,10th,Hernandez High School,97,84
11931,Jessica Long,F,12th,Hernandez High School,85,74
11932,Christopher Perez,M,10th,Hernandez High School,77,66
11933,Tammy Cantu,F,12th,Hernandez High School,66,74
11934,Jack Daugherty,M,11th,Hernandez High School,89,92
11935,Antonio Moore,M,11th,Hernandez High School,94,63
11936,Sean Monroe,M,10th,Hernandez High School,93,60
11937,Robert Gonzalez,M,10th,Hernandez High School,74,99
11938,Harry Campbell,M,11th,Hernandez High School,63,80
11939,Maria Strickland,F,9th,Hernandez High School,80,98
11940,Deborah Cox,F,10th,Hernandez High School,86,71
11941,Brittany Blair,F,10th,Hernandez High School,86,60
11942,Charles Lee,M,10th,Hernandez High School,70,99
11943,Timothy Mason,M,11th,Hernandez High School,93,71
11944,Lisa Calderon,F,11th,Hernandez High School,75,55
11945,Brandi Williams,F,11th,Hernandez High School,87,57
11946,Todd Hughes,M,9th,Hernandez High School,95,67
11947,Dennis Morales,M,10th,Hernandez High School,93,79
11948,Kevin Simon,M,9th,Hernandez High School,83,99
11949,Alison Keller,F,9th,Hernandez High School,64,98
11950,Paul Ellis,M,10th,Hernandez High School,95,59
11951,Cynthia Long,F,9th,Hernandez High School,93,77
11952,Miranda Holt,F,9th,Hernandez High School,74,73
11953,Madison Hebert,F,9th,Hernandez High School,66,77
11954,Robert Jones,M,12th,Hernandez High School,84,57
11955,Steven Contreras,M,10th,Hernandez High School,97,68
11956,Trevor Reid,M,12th,Hernandez High School,87,94
11957,Daniel Burns,M,9th,Hernandez High School,68,63
11958,Vanessa Stanley,F,9th,Hernandez High School,72,89
11959,Juan Greene,M,9th,Hernandez High School,74,71
11960,Alan Barnes,M,9th,Hernandez High School,91,66
11961,Steven Lang,M,11th,Hernandez High School,67,83
11962,Kevin Patel,M,10th,Hernandez High School,74,89
11963,Rebecca Fisher,F,12th,Hernandez High School,95,96
11964,Sarah White,F,12th,Hernandez High School,79,74
11965,Megan Chang,F,12th,Hernandez High School,98,81
11966,Brittany Monroe,F,11th,Hernandez High School,73,61
11967,Diana White,F,9th,Hernandez High School,77,96
11968,Bobby Wong,M,9th,Hernandez High School,83,78
11969,Teresa Brown,F,11th,Hernandez High School,80,61
11970,Steven James,M,9th,Hernandez High School,99,57
11971,Joseph Robinson,M,12th,Hernandez High School,94,59
11972,Benjamin Ward,M,12th,Hernandez High School,75,99
11973,Daniel Foster,M,10th,Hernandez High School,74,67
11974,Steven Lopez,M,9th,Hernandez High School,72,92
11975,Cindy Osborn,F,12th,Hernandez High School,81,77
11976,Christopher Mcgee,M,11th,Hernandez High School,87,99
11977,Carolyn Little,F,10th,Hernandez High School,94,63
11978,Gabriella Weaver,F,9th,Hernandez High School,78,85
11979,Timothy Cisneros,M,11th,Hernandez High School,69,84
11980,Renee Bradley,F,12th,Hernandez High School,82,76
11981,Larry Campbell,M,10th,Hernandez High School,66,74
11982,Mark Lee,M,9th,Hernandez High School,93,98
11983,Robin Robertson,F,9th,Hernandez High School,84,78
11984,Amy Garcia,F,9th,Hernandez High School,65,73
11985,Amy Orr,F,11th,Hernandez High School,67,66
11986,Amanda Burke,F,12th,Hernandez High School,99,86
11987,Colin Mitchell,M,10th,Hernandez High School,66,99
11988,Manuel Jackson,M,11th,Hernandez High School,88,90
11989,Morgan Garcia,F,10th,Hernandez High School,64,55
11990,Erica Jefferson,F,10th,Hernandez High School,64,94
11991,Jacqueline Fuller,F,12th,Hernandez High School,94,60
11992,Tracy Schneider,F,9th,Hernandez High School,97,93
11993,Ann Knox,F,10th,Hernandez High School,93,97
11994,David Wright,M,9th,Hernandez High School,66,83
11995,Lisa Johnson,F,9th,Hernandez High School,66,83
11996,Melissa Larsen,F,10th,Hernandez High School,79,58
11997,Tracy Hines,F,10th,Hernandez High School,69,90
11998,Stephanie Key,F,12th,Hernandez High School,90,87
11999,Tonya Brown,F,12th,Hernandez High School,77,77
12000,Eugene Reese,M,12th,Hernandez High School,75,64
12001,Mark Campbell,M,11th,Hernandez High School,85,67
12002,Deborah Gaines,F,9th,Hernandez High School,69,85
12003,Russell Collins,M,9th,Hernandez High School,85,95
12004,Nicole Dixon,F,12th,Hernandez High School,75,68
12005,Ashley Velez,F,10th,Hernandez High School,64,88
12006,Jennifer Bolton,F,12th,Hernandez High School,88,70
12007,Mary Miller,F,9th,Hernandez High School,99,62
12008,Maria Reid,F,11th,Hernandez High School,80,82
12009,Tiffany Stevens,F,11th,Hernandez High School,66,90
12010,Jose Whitaker,M,11th,Hernandez High School,92,62
12011,Vanessa Burnett,F,9th,Hernandez High School,88,87
12012,Jennifer Erickson,F,11th,Hernandez High School,99,89
12013,Joshua Bautista,M,11th,Hernandez High School,90,79
12014,Lisa Hernandez,F,10th,Hernandez High School,95,60
12015,Eric Lambert PhD,M,10th,Hernandez High School,85,75
12016,Brooke Reeves,F,11th,Hernandez High School,99,72
12017,Christopher Houston,M,10th,Hernandez High School,85,75
12018,Krista Brennan,F,11th,Hernandez High School,98,77
12019,Nicholas Curtis,M,9th,Hernandez High School,82,72
12020,Jessica Arnold,F,12th,Hernandez High School,85,81
12021,Taylor Stevenson,F,11th,Hernandez High School,76,98
12022,Sherry Cervantes,F,9th,Hernandez High School,89,92
12023,Brittany Rowe,F,12th,Hernandez High School,70,87
12024,Joel Williams,M,9th,Hernandez High School,69,90
12025,Michele Williams,F,12th,Hernandez High School,91,91
12026,David Farrell,M,10th,Hernandez High School,81,80
12027,George Cline,M,11th,Hernandez High School,73,76
12028,John Boone,M,9th,Hernandez High School,90,93
12029,Christopher Williams,M,9th,Hernandez High School,64,89
12030,Janet Wagner,F,10th,Hernandez High School,73,77
12031,Heather Olson,F,11th,Hernandez High School,75,86
12032,Jason Park,M,9th,Hernandez High School,80,80
12033,John Clayton,M,11th,Hernandez High School,84,57
12034,Shawn Miller,M,11th,Hernandez High School,67,76
12035,Thomas Cruz,M,11th,Hernandez High School,95,60
12036,Julia Bentley,F,9th,Hernandez High School,94,95
12037,Shelley Watson,F,10th,Hernandez High School,74,71
12038,Kara Jones,F,12th,Hernandez High School,66,55
12039,Paul Sanchez,M,9th,Hernandez High School,77,70
12040,Andrew Smith,M,9th,Hernandez High School,92,82
12041,Helen Ramirez,F,11th,Hernandez High School,74,94
12042,John Mathis,M,12th,Hernandez High School,96,77
12043,Kevin Galloway,M,9th,Hernandez High School,71,95
12044,Bailey Jackson,F,9th,Hernandez High School,66,73
12045,Theresa Rice,F,11th,Hernandez High School,81,89
12046,Sara Kelly,F,9th,Hernandez High School,73,70
12047,Nancy Graham,F,9th,Hernandez High School,76,72
12048,Michelle Velazquez,F,10th,Hernandez High School,95,55
12049,Jordan Sutton,F,9th,Hernandez High School,86,89
12050,Michael Phillips,M,12th,Hernandez High School,87,70
12051,Joseph Jimenez,M,12th,Hernandez High School,99,74
12052,William Lane,M,11th,Hernandez High School,93,84
12053,Belinda Rodriguez,F,10th,Hernandez High School,66,83
12054,Dana Smith,F,9th,Hernandez High School,85,90
12055,Jason Morgan,M,9th,Hernandez High School,81,93
12056,Veronica Baird,F,10th,Hernandez High School,81,61
12057,Jonathan Carlson,M,10th,Hernandez High School,76,62
12058,Michele Wright,F,11th,Hernandez High School,69,98
12059,Andrew Williams,M,9th,Hernandez High School,85,60
12060,Evan Robinson,M,9th,Hernandez High School,79,98
12061,Teresa Murphy,F,12th,Hernandez High School,87,81
12062,Nancy Herring,F,12th,Hernandez High School,86,59
12063,Richard Shields,M,9th,Hernandez High School,85,62
12064,Susan Beasley,F,9th,Hernandez High School,90,93
12065,Micheal Ross,M,9th,Hernandez High School,84,75
12066,Rhonda Robertson,F,10th,Hernandez High School,73,74
12067,Mason Hamilton,M,11th,Hernandez High School,87,65
12068,Sara Smith,F,12th,Hernandez High School,99,74
12069,Dustin Walker,M,9th,Hernandez High School,95,83
12070,Douglas Shah,M,11th,Hernandez High School,78,96
12071,James Johnson,M,12th,Hernandez High School,68,95
12072,Julie Figueroa,F,9th,Hernandez High School,73,90
12073,James Torres,M,11th,Hernandez High School,73,57
12074,Christine Hahn,F,11th,Hernandez High School,79,81
12075,Dylan Rogers,M,9th,Hernandez High School,65,77
12076,Jamie Stevens,M,11th,Hernandez High School,63,82
12077,Lisa Dean,F,11th,Hernandez High School,91,81
12078,Erika Walters,F,12th,Hernandez High School,69,90
12079,Charles Owen,M,11th,Hernandez High School,73,73
12080,Miguel Nguyen,M,9th,Hernandez High School,76,58
12081,Amy Duffy,F,10th,Hernandez High School,86,58
12082,Jason Bush ,M,10th,Hernandez High School,92,78
12083,Paul Avila,M,12th,Hernandez High School,80,98
12084,Shannon Macdonald,F,9th,Hernandez High School,80,64
12085,Michael Rose,M,12th,Hernandez High School,64,59
12086,Renee Rogers,F,9th,Hernandez High School,69,97
12087,Isaiah Chapman,M,12th,Hernandez High School,70,90
12088,Sarah Tran,F,10th,Hernandez High School,69,99
12089,Jennifer Stone,F,10th,Hernandez High School,90,66
12090,David Price,M,9th,Hernandez High School,63,94
12091,Laura Branch,F,10th,Hernandez High School,91,68
12092,Luis Thomas,M,10th,Hernandez High School,74,84
12093,Kelsey Butler,F,9th,Hernandez High School,72,84
12094,Peter Robinson,M,9th,Hernandez High School,66,83
12095,Joshua Ferguson,M,9th,Hernandez High School,75,83
12096,Michael Petersen,M,10th,Hernandez High School,85,95
12097,Charles Griffin,M,12th,Hernandez High School,94,96
12098,Arthur Fisher,M,10th,Hernandez High School,96,89
12099,Sierra Hernandez,F,9th,Hernandez High School,78,75
12100,Richard Villarreal,M,11th,Hernandez High School,94,84
12101,Manuel Flores,M,12th,Hernandez High School,71,95
12102,Jessica Frank,F,9th,Hernandez High School,83,82
12103,Sharon Hill,F,12th,Hernandez High School,89,78
12104,Craig Scott,M,9th,Hernandez High School,92,83
12105,Benjamin Jones,M,9th,Hernandez High School,90,65
12106,Bobby Miles,M,11th,Hernandez High School,85,81
12107,Heather Jordan,F,12th,Hernandez High School,65,99
12108,Ashley Moreno,F,10th,Hernandez High School,68,65
12109,Jennifer Hardy,F,12th,Hernandez High School,98,99
12110,Angela Johnson,F,10th,Hernandez High School,67,89
12111,Rebekah Schwartz,F,12th,Hernandez High School,65,68
12112,Kelsey Mack,F,9th,Hernandez High School,63,92
12113,Matthew Macias,M,9th,Hernandez High School,93,57
12114,Lisa May,F,12th,Hernandez High School,71,64
12115,Edward Hubbard,M,12th,Hernandez High School,72,77
12116,Kimberly Jones,F,12th,Hernandez High School,81,93
12117,Amy House,F,9th,Hernandez High School,90,78
12118,Kevin Diaz,M,12th,Hernandez High School,99,61
12119,Brian Davis,M,11th,Hernandez High School,95,67
12120,Fred Foster,M,11th,Hernandez High School,93,77
12121,Jason Stephens,M,12th,Hernandez High School,66,69
12122,Timothy Garner,M,10th,Hernandez High School,99,95
12123,Brittany Leonard,F,10th,Hernandez High School,78,85
12124,Derrick Bright,M,12th,Hernandez High School,97,83
12125,Stephanie Kirby,F,10th,Hernandez High School,64,88
12126,James Byrd,M,9th,Hernandez High School,95,66
12127,Monica Kelly,F,10th,Hernandez High School,96,77
12128,Nicole Cochran,F,10th,Hernandez High School,91,81
12129,Heather Baker,F,11th,Hernandez High School,66,91
12130,Brett Lozano,M,11th,Hernandez High School,63,66
12131,Andrew Donovan,M,10th,Hernandez High School,93,81
12132,Michele Rivas,F,10th,Hernandez High School,86,79
12133,Michael Morgan,M,12th,Hernandez High School,69,90
12134,Jose Liu,M,12th,Hernandez High School,98,56
12135,Zachary Garcia,M,9th,Hernandez High School,91,94
12136,Zachary Shaw,M,9th,Hernandez High School,89,97
12137,Natalie Salazar,F,9th,Hernandez High School,74,77
12138,Stephen Thomas,M,10th,Hernandez High School,75,65
12139,Jordan Stone,F,9th,Hernandez High School,84,62
12140,Matthew Gardner,M,9th,Hernandez High School,77,83
12141,Daisy Wright,F,12th,Hernandez High School,88,76
12142,Joseph Edwards,M,9th,Hernandez High School,93,75
12143,Joshua Tate,M,10th,Hernandez High School,92,90
12144,Lori Cowan,F,10th,Hernandez High School,88,99
12145,Frank Simon,M,10th,Hernandez High School,79,90
12146,Eric Oconnell,M,11th,Hernandez High School,87,94
12147,Crystal Johnston,F,11th,Hernandez High School,97,97
12148,Zachary Medina,M,11th,Hernandez High School,67,78
12149,Andrew Long,M,11th,Hernandez High School,93,55
12150,Gerald Powell,M,11th,Hernandez High School,81,96
12151,Frances Horton,F,12th,Hernandez High School,88,89
12152,Stephen Adams,M,10th,Hernandez High School,82,72
12153,Carol Vega,F,10th,Hernandez High School,95,61
12154,Kevin Benjamin,M,11th,Hernandez High School,64,85
12155,Deanna Campbell,F,11th,Hernandez High School,83,84
12156,Michelle Conway,F,9th,Hernandez High School,77,60
12157,Malik Friedman,M,12th,Hernandez High School,64,72
12158,Mrs. Michelle Dickerson ,F,10th,Hernandez High School,68,58
12159,Marc Brown,M,11th,Hernandez High School,94,85
12160,Jessica Garcia,F,9th,Hernandez High School,82,75
12161,David Williams,M,12th,Hernandez High School,76,92
12162,Mackenzie Gonzales,F,9th,Hernandez High School,92,88
12163,Lisa Chapman,F,9th,Hernandez High School,91,87
12164,Brandon Stafford,M,10th,Hernandez High School,82,98
12165,Desiree Krueger,F,11th,Hernandez High School,65,84
12166,Thomas Obrien,M,11th,Hernandez High School,71,87
12167,Maria Thompson,F,12th,Hernandez High School,72,61
12168,Alexandra Mays,F,10th,Hernandez High School,63,87
12169,Pedro Merritt,M,11th,Hernandez High School,71,69
12170,Jennifer Guzman,F,11th,Hernandez High School,89,92
12171,Julia Love,F,10th,Hernandez High School,80,59
12172,Charles Wiggins,M,12th,Hernandez High School,73,65
12173,Stephanie Roberts,F,11th,Hernandez High School,91,57
12174,April Charles,F,10th,Hernandez High School,91,56
12175,David Lopez,M,12th,Hernandez High School,67,84
12176,Sandra Green,F,10th,Hernandez High School,91,63
12177,Courtney Olson,F,10th,Hernandez High School,78,93
12178,Crystal Gardner,F,10th,Hernandez High School,85,69
12179,Tonya Logan,F,11th,Hernandez High School,75,91
12180,Christina Johnson,F,9th,Hernandez High School,75,71
12181,Tina Mcgee,F,12th,Hernandez High School,80,99
12182,Lacey Lopez,F,12th,Hernandez High School,88,85
12183,Emily Woods,F,10th,Hernandez High School,78,77
12184,Andrew Garcia,M,12th,Hernandez High School,64,83
12185,Emily Jensen,F,11th,Hernandez High School,95,76
12186,Jennifer Butler,F,9th,Hernandez High School,71,59
12187,Brian Mitchell,M,9th,Hernandez High School,96,67
12188,Joseph Brady,M,12th,Hernandez High School,89,98
12189,Stacey Park,F,9th,Hernandez High School,93,58
12190,Kyle Glenn,M,10th,Hernandez High School,81,81
12191,Elizabeth Howell,F,10th,Hernandez High School,86,99
12192,Robert Bryant,M,12th,Hernandez High School,92,57
12193,Nicole Gay,F,11th,Hernandez High School,93,91
12194,David Alexander,M,12th,Hernandez High School,94,62
12195,Danielle Ponce,F,10th,Hernandez High School,75,62
12196,Christopher Phillips,M,11th,Hernandez High School,98,84
12197,David Cook,M,11th,Hernandez High School,81,84
12198,Anna Galvan,F,12th,Hernandez High School,76,70
12199,Michelle Jones,F,9th,Hernandez High School,70,87
12200,Michael Murphy,M,9th,Hernandez High School,97,62
12201,James Brown,M,12th,Hernandez High School,93,96
12202,Denise King,F,9th,Hernandez High School,84,63
12203,Charles Cooley,M,10th,Hernandez High School,98,66
12204,Vanessa Tate,F,12th,Hernandez High School,84,76
12205,Andrew Scott,M,9th,Hernandez High School,70,95
12206,Deanna Tanner,F,10th,Hernandez High School,96,85
12207,Nicole Ross,F,11th,Hernandez High School,63,79
12208,Lucas Pitts,M,11th,Hernandez High School,92,90
12209,Mark Moore,M,12th,Hernandez High School,97,56
12210,Mrs. Jessica Hebert,F,10th,Hernandez High School,81,62
12211,Jacob Potts,M,10th,Hernandez High School,76,94
12212,Malik Thompson,M,11th,Hernandez High School,79,74
12213,Alexis Rubio,F,10th,Hernandez High School,97,91
12214,Brian Carter,M,9th,Hernandez High School,77,78
12215,George Cline,M,10th,Hernandez High School,92,89
12216,Brandon Barron,M,10th,Hernandez High School,72,94
12217,Michael Tucker,M,11th,Hernandez High School,68,71
12218,Nicholas Morris,M,9th,Hernandez High School,85,73
12219,Kelly Rivera,F,9th,Hernandez High School,67,95
12220,Mark Gallegos,M,12th,Hernandez High School,65,61
12221,Daniel Smith,M,9th,Hernandez High School,99,92
12222,Samantha Fox,F,12th,Hernandez High School,76,75
12223,Kelsey Carter,F,11th,Hernandez High School,77,62
12224,Lucas Burns,M,10th,Hernandez High School,73,95
12225,Ray Reed,M,11th,Hernandez High School,83,84
12226,Kathleen Martinez,F,10th,Hernandez High School,72,82
12227,Rachel Jones,F,9th,Hernandez High School,77,92
12228,Joanna Park,F,10th,Hernandez High School,96,86
12229,Anthony Sanchez,M,11th,Hernandez High School,92,93
12230,Spencer Cox,M,10th,Hernandez High School,98,72
12231,Lisa Hayes,F,11th,Hernandez High School,94,91
12232,Andre Richardson,M,10th,Hernandez High School,79,61
12233,Mallory Hernandez,F,9th,Hernandez High School,88,96
12234,Laurie Brown,F,11th,Hernandez High School,80,61
12235,Chris Miller,M,10th,Hernandez High School,85,92
12236,Laurie Chen,F,9th,Hernandez High School,71,94
12237,Barry Welch,M,9th,Hernandez High School,75,62
12238,Chris Cole,M,11th,Hernandez High School,85,60
12239,John Davis,M,10th,Hernandez High School,83,70
12240,Alison Pace,F,9th,Hernandez High School,94,72
12241,Kathy Smith,F,10th,Hernandez High School,82,59
12242,Laura Gardner,F,10th,Hernandez High School,71,75
12243,Jessica Washington,F,12th,Hernandez High School,74,81
12244,Jacob Grant,M,12th,Hernandez High School,81,83
12245,Mrs. Whitney Scott,F,12th,Hernandez High School,92,72
12246,Carolyn Campbell,F,11th,Hernandez High School,74,78
12247,Robert Lang,M,10th,Hernandez High School,71,56
12248,Omar Owen,M,11th,Hernandez High School,99,65
12249,Jennifer Jenkins ,F,9th,Hernandez High School,73,73
12250,Thomas Bright,M,10th,Hernandez High School,68,64
12251,Julia Hill,F,11th,Hernandez High School,93,87
12252,Henry Morris,M,9th,Hernandez High School,93,68
12253,Kristin Turner,F,11th,Hernandez High School,93,95
12254,Laura Salazar,F,9th,Hernandez High School,64,77
12255,James Paul,M,11th,Hernandez High School,81,66
12256,Christina Lee,F,11th,Hernandez High School,63,88
12257,Gregg Rosario,M,9th,Hernandez High School,96,64
12258,Beverly Arellano,F,9th,Hernandez High School,96,63
12259,Jonathan Miller,M,9th,Hernandez High School,71,91
12260,Sierra Collins,F,12th,Hernandez High School,74,68
12261,Richard Wilson,M,10th,Hernandez High School,64,81
12262,Heather Wright,F,11th,Griffin High School,79,68
12263,Elizabeth Goodwin,F,10th,Griffin High School,91,81
12264,Michelle Wong,F,9th,Griffin High School,78,89
12265,Scott Roth ,M,11th,Griffin High School,91,85
12266,Billy Wilson,M,12th,Griffin High School,76,83
12267,Robert Lane,M,11th,Griffin High School,76,71
12268,Lisa Long,F,10th,Griffin High School,80,91
12269,Scott Brown,M,10th,Griffin High School,85,73
12270,Thomas Smith,M,9th,Griffin High School,87,79
12271,Linda Medina,F,10th,Griffin High School,69,76
12272,Katrina Johnson,F,12th,Griffin High School,74,80
12273,Taylor Hurst,F,11th,Griffin High School,70,68
12274,Gregory Long,M,9th,Griffin High School,91,89
12275,Nicholas Clark,M,10th,Griffin High School,84,92
12276,Christine Aguilar,F,12th,Griffin High School,93,90
12277,Thomas Prince,M,12th,Griffin High School,72,82
12278,Kelly Hernandez,F,11th,Griffin High School,69,86
12279,Evelyn Kirby ,F,9th,Griffin High School,70,92
12280,David Warren,M,10th,Griffin High School,83,74
12281,Mark Yang,M,9th,Griffin High School,76,80
12282,Tonya Myers,F,9th,Griffin High School,78,76
12283,Kyle Hartman,M,9th,Griffin High School,78,89
12284,Zachary Lopez,M,10th,Griffin High School,78,94
12285,Angela Armstrong,F,9th,Griffin High School,83,84
12286,Christopher Palmer,M,10th,Griffin High School,70,96
12287,Ronnie Cole,M,11th,Griffin High School,91,70
12288,Yesenia Walker,F,11th,Griffin High School,72,69
12289,Vanessa Welch,F,9th,Griffin High School,72,85
12290,Terri Fox,F,10th,Griffin High School,93,89
12291,Jasmine Roman,F,10th,Griffin High School,99,95
12292,Miranda Thompson PhD,F,11th,Griffin High School,81,91
12293,Amanda Bryant,F,11th,Griffin High School,80,68
12294,Gregory Brewer,M,10th,Griffin High School,78,88
12295,Amanda Martin,F,10th,Griffin High School,80,85
12296,Joseph Farrell,M,12th,Griffin High School,91,86
12297,Alison Frederick,F,10th,Griffin High School,93,73
12298,Sara Ramirez,F,11th,Griffin High School,89,95
12299,Angela Floyd,F,12th,Griffin High School,81,96
12300,Daniel Taylor,M,12th,Griffin High School,70,83
12301,Alexander Hanna,M,11th,Griffin High School,84,86
12302,Kathryn Campos,F,12th,Griffin High School,90,88
12303,Wendy Norman,F,12th,Griffin High School,78,80
12304,Anna Reyes,F,11th,Griffin High School,98,99
12305,Scott Smith,M,11th,Griffin High School,71,75
12306,Alexander Cooper,M,11th,Griffin High School,89,91
12307,Lisa Young,F,9th,Griffin High School,73,92
12308,Jennifer Spencer,F,11th,Griffin High School,77,72
12309,Justin Evans,M,9th,Griffin High School,69,83
12310,Cheyenne Carrillo,F,12th,Griffin High School,79,77
12311,Natalie Anderson,F,10th,Griffin High School,99,75
12312,Melody Cook,F,10th,Griffin High School,97,77
12313,David Morales,M,9th,Griffin High School,90,75
12314,Kristina Johnson,F,10th,Griffin High School,86,82
12315,Matthew Johnson,M,12th,Griffin High School,70,76
12316,Adam Lloyd,M,9th,Griffin High School,71,70
12317,Stacy Ortega,F,9th,Griffin High School,84,69
12318,Robin Hicks,F,9th,Griffin High School,72,81
12319,Jennifer Warren,F,11th,Griffin High School,78,89
12320,Autumn Bauer,F,12th,Griffin High School,82,96
12321,Erin Frank,F,12th,Griffin High School,85,75
12322,Mariah Wolfe,F,10th,Griffin High School,69,91
12323,Jeffrey Brooks,M,11th,Griffin High School,96,99
12324,Jose West,M,9th,Griffin High School,88,77
12325,Nicholas Watkins,M,11th,Griffin High School,88,76
12326,Madeline Larsen,F,9th,Griffin High School,98,94
12327,Anthony Smith,M,10th,Griffin High School,89,75
12328,Karen Garza,F,12th,Griffin High School,78,78
12329,Carol Johnson,F,12th,Griffin High School,71,99
12330,Eric Smith,M,11th,Griffin High School,86,81
12331,Nicole Dunn,F,10th,Griffin High School,84,74
12332,Tammy Parker,F,12th,Griffin High School,74,88
12333,Richard Kelly,M,11th,Griffin High School,81,88
12334,Hannah Vaughn,F,10th,Griffin High School,76,97
12335,Micheal Brock,M,9th,Griffin High School,78,77
12336,William Wiley,M,11th,Griffin High School,96,99
12337,Brian Gonzalez,M,12th,Griffin High School,87,93
12338,Steven Adams,M,10th,Griffin High School,75,94
12339,Sharon Savage,F,9th,Griffin High School,70,84
12340,Anita Stafford,F,12th,Griffin High School,84,95
12341,Tracy Brown,F,11th,Griffin High School,74,86
12342,Carla Alexander,F,9th,Griffin High School,84,92
12343,Wayne Edwards,M,9th,Griffin High School,89,75
12344,Isaac Walsh,M,12th,Griffin High School,89,74
12345,Linda Johnson,F,10th,Griffin High School,74,72
12346,Michael Sandoval,M,12th,Griffin High School,79,75
12347,Annette Haynes,F,11th,Griffin High School,83,88
12348,Robin Richardson,F,10th,Griffin High School,87,84
12349,Amanda Ellis,F,10th,Griffin High School,82,93
12350,Aaron Johnson,M,12th,Griffin High School,80,71
12351,Edward Porter,M,11th,Griffin High School,84,70
12352,Sandra Brown,F,9th,Griffin High School,81,99
12353,Melissa Raymond,F,10th,Griffin High School,97,71
12354,John Alexander,M,11th,Griffin High School,90,78
12355,Christine Williams,F,10th,Griffin High School,71,72
12356,Shane Rivers,M,9th,Griffin High School,87,87
12357,Kyle Andersen,M,12th,Griffin High School,93,87
12358,Mary Wilson,F,9th,Griffin High School,78,77
12359,Jason Conley,M,11th,Griffin High School,79,73
12360,Lisa Mcgee,F,11th,Griffin High School,89,74
12361,Candace Haas,F,10th,Griffin High School,91,69
12362,Brian Davenport,M,10th,Griffin High School,98,82
12363,Noah Santos,M,12th,Griffin High School,99,89
12364,Matthew Moore,M,10th,Griffin High School,95,75
12365,Patrick Lewis,M,11th,Griffin High School,70,92
12366,Jessica Thompson,F,9th,Griffin High School,83,99
12367,Andrew Martin,M,11th,Griffin High School,72,87
12368,Alex Welch,M,12th,Griffin High School,76,87
12369,Robert Rollins,M,10th,Griffin High School,90,69
12370,Ronald White,M,12th,Griffin High School,99,83
12371,Molly Cole,F,11th,Griffin High School,73,89
12372,Laura Burke,F,12th,Griffin High School,98,93
12373,Connor Villegas,M,9th,Griffin High School,88,94
12374,Nicole Bell,F,12th,Griffin High School,94,88
12375,Carla Ross,F,9th,Griffin High School,80,74
12376,Matthew Solomon,M,11th,Griffin High School,79,78
12377,Anita Richardson,F,11th,Griffin High School,98,81
12378,Gary Miller,M,10th,Griffin High School,95,75
12379,Bobby Haas,M,10th,Griffin High School,87,90
12380,Diana Schaefer,F,11th,Griffin High School,98,97
12381,Timothy Christensen,M,10th,Griffin High School,73,95
12382,Elizabeth Reed,F,10th,Griffin High School,89,77
12383,Wendy Beck,F,9th,Griffin High School,87,88
12384,Lacey Morales,F,12th,Griffin High School,74,70
12385,Matthew Fuller,M,11th,Griffin High School,85,96
12386,Jason Saunders,M,10th,Griffin High School,78,79
12387,Richard Smith,M,10th,Griffin High School,76,85
12388,John Bailey,M,11th,Griffin High School,85,97
12389,Pamela Clark,F,12th,Griffin High School,97,83
12390,Christian Harvey,M,9th,Griffin High School,95,91
12391,Catherine Gonzalez,F,9th,Griffin High School,94,70
12392,Anthony Mitchell,M,12th,Griffin High School,93,88
12393,Daniel Phillips,M,9th,Griffin High School,76,81
12394,Steven Mcguire,M,12th,Griffin High School,98,87
12395,Cindy Holland,F,11th,Griffin High School,80,68
12396,Christine Lopez,F,12th,Griffin High School,93,76
12397,Mrs. Tanya Odom,F,12th,Griffin High School,90,81
12398,Kevin Nunez,M,12th,Griffin High School,98,88
12399,Christopher Mcbride,M,10th,Griffin High School,77,81
12400,John Kim,M,11th,Griffin High School,84,70
12401,Martha Wallace,F,9th,Griffin High School,80,83
12402,David Gomez,M,9th,Griffin High School,99,92
12403,Nicole Cole,F,11th,Griffin High School,71,90
12404,Melissa Wood,F,12th,Griffin High School,82,82
12405,David Cooper,M,10th,Griffin High School,73,91
12406,Jaime Vargas,F,10th,Griffin High School,85,69
12407,Daniel Hogan,M,11th,Griffin High School,89,99
12408,Frederick Gaines,M,10th,Griffin High School,99,84
12409,Tina Haynes,F,10th,Griffin High School,98,95
12410,Lauren Good,F,11th,Griffin High School,91,98
12411,Lisa Allen,F,10th,Griffin High School,93,70
12412,Kim Reilly,F,9th,Griffin High School,79,76
12413,Monique Cunningham,F,12th,Griffin High School,92,80
12414,David Young,M,12th,Griffin High School,70,72
12415,David Wilson,M,9th,Griffin High School,71,95
12416,Kristie Ortega,F,12th,Griffin High School,76,77
12417,Jane Williams,F,9th,Griffin High School,69,84
12418,Devin Johnson,M,9th,Griffin High School,91,93
12419,Dwayne Martinez,M,9th,Griffin High School,94,81
12420,Karla Jones,F,12th,Griffin High School,75,68
12421,Bobby Anderson,M,9th,Griffin High School,91,98
12422,John Mayo,M,10th,Griffin High School,73,97
12423,Marc Sanchez,M,9th,Griffin High School,72,88
12424,Sean Peters,M,10th,Griffin High School,78,91
12425,Shane Sullivan,M,10th,Griffin High School,98,71
12426,Elizabeth Pena,F,11th,Griffin High School,70,93
12427,Karen Clark,F,11th,Griffin High School,88,96
12428,Amanda Hurley,F,10th,Griffin High School,80,83
12429,Michelle Brooks,F,12th,Griffin High School,73,99
12430,Stacie Williams,F,9th,Griffin High School,71,72
12431,Stephanie Adams,F,12th,Griffin High School,91,71
12432,Deanna James,F,11th,Griffin High School,72,70
12433,Tina Frost,F,12th,Griffin High School,75,72
12434,Brandi Weaver,F,9th,Griffin High School,84,83
12435,Roberta Grant,F,12th,Griffin High School,73,85
12436,James Williams,M,11th,Griffin High School,80,88
12437,Melissa Smith,F,10th,Griffin High School,81,85
12438,Hayley Mcmahon,F,9th,Griffin High School,84,95
12439,Daniel Coleman,M,11th,Griffin High School,74,97
12440,Cynthia Brown,F,10th,Griffin High School,76,95
12441,Wendy Salazar,F,10th,Griffin High School,86,80
12442,Jamie Ramirez,F,10th,Griffin High School,76,84
12443,Steven Sims,M,12th,Griffin High School,90,87
12444,Mario Hill,M,11th,Griffin High School,87,71
12445,Beth Williams,F,9th,Griffin High School,93,69
12446,Amber Rios,F,12th,Griffin High School,93,69
12447,Karen Gray,F,10th,Griffin High School,94,89
12448,Jacqueline Gonzalez,F,12th,Griffin High School,90,76
12449,Randy Mcmillan,M,10th,Griffin High School,70,94
12450,Lucas Cox,M,9th,Griffin High School,72,76
12451,Barbara Carey,F,9th,Griffin High School,85,73
12452,Steven Reynolds,M,11th,Griffin High School,89,90
12453,Alan Gibson,M,11th,Griffin High School,74,80
12454,Sydney Reed,F,9th,Griffin High School,90,75
12455,Danielle Reed,F,12th,Griffin High School,85,97
12456,James Harris,M,9th,Griffin High School,91,91
12457,Kevin James,M,11th,Griffin High School,86,98
12458,Deborah Steele,F,12th,Griffin High School,92,96
12459,Mercedes Kim,F,10th,Griffin High School,91,90
12460,Alison Sullivan,F,9th,Griffin High School,87,92
12461,John Smith,M,9th,Griffin High School,75,77
12462,Sharon Cooper,F,9th,Griffin High School,76,86
12463,Jonathan Johnson,M,11th,Griffin High School,99,89
12464,Kaitlyn Gay,F,10th,Griffin High School,77,83
12465,Jack Frederick,M,12th,Griffin High School,77,69
12466,Michael Sanchez,M,11th,Griffin High School,83,79
12467,Deborah Bauer,F,9th,Griffin High School,72,84
12468,Matthew Williams,M,9th,Griffin High School,77,70
12469,Sheryl Stuart,F,11th,Griffin High School,71,93
12470,Richard Byrd,M,11th,Griffin High School,76,99
12471,Susan Duncan,F,10th,Griffin High School,91,73
12472,Martin Wright,M,11th,Griffin High School,77,69
12473,James Gross,M,10th,Griffin High School,71,97
12474,Ricky Buchanan,M,12th,Griffin High School,99,87
12475,Janet Lee,F,11th,Griffin High School,73,92
12476,Jennifer Patrick,F,10th,Griffin High School,71,69
12477,Scott Davis,M,10th,Griffin High School,89,96
12478,Tiffany Sloan,F,11th,Griffin High School,87,97
12479,Elizabeth Huerta,F,11th,Griffin High School,92,80
12480,Felicia Adams,F,10th,Griffin High School,77,99
12481,Donna Jackson,F,9th,Griffin High School,99,92
12482,Bradley Brown,M,11th,Griffin High School,79,79
12483,Sara Shah,F,12th,Griffin High School,70,96
12484,Donald Holt,M,9th,Griffin High School,81,86
12485,Catherine Torres,F,10th,Griffin High School,77,86
12486,Andrew Roth,M,9th,Griffin High School,99,89
12487,Nicholas Lawrence,M,10th,Griffin High School,89,89
12488,Joseph Robbins,M,10th,Griffin High School,79,86
12489,Sara Patterson,F,12th,Griffin High School,79,70
12490,Jill Horne,F,10th,Griffin High School,94,74
12491,James Olson,M,11th,Griffin High School,73,68
12492,Stephen Tucker,M,10th,Griffin High School,76,89
12493,Paul Goodman,M,11th,Griffin High School,86,72
12494,Sara Nguyen,F,12th,Griffin High School,73,84
12495,Phillip Mack,M,10th,Griffin High School,92,94
12496,Scott Zavala,M,10th,Griffin High School,72,87
12497,Dustin Green,M,9th,Griffin High School,77,94
12498,Jennifer Elliott,F,9th,Griffin High School,74,87
12499,Jacqueline Vargas,F,9th,Griffin High School,97,89
12500,Joshua Herrera,M,12th,Griffin High School,99,89
12501,Holly Ross,F,9th,Griffin High School,74,72
12502,Samuel Hurley,M,9th,Griffin High School,74,91
12503,Donna Pierce,F,9th,Griffin High School,73,85
12504,Bob Martinez,M,11th,Griffin High School,76,79
12505,Brenda Hill,F,12th,Griffin High School,70,74
12506,Jonathan Holt,M,12th,Griffin High School,75,97
12507,Johnny Johnson,M,11th,Griffin High School,97,98
12508,Paula Andrews,F,12th,Griffin High School,79,74
12509,Michael Ramsey,M,9th,Griffin High School,95,94
12510,Kimberly Bell,F,10th,Griffin High School,96,71
12511,Ernest Fletcher,M,11th,Griffin High School,84,72
12512,Jeffery Baker Jr.,M,9th,Griffin High School,89,88
12513,Kyle Zuniga,M,10th,Griffin High School,74,72
12514,Gina Powers,F,11th,Griffin High School,93,99
12515,Cheryl Lee,F,12th,Griffin High School,95,73
12516,Brianna Thompson,F,10th,Griffin High School,92,88
12517,Cameron Khan,M,9th,Griffin High School,93,78
12518,Jonathan Johnson,M,10th,Griffin High School,91,74
12519,Kristen Prince,F,10th,Griffin High School,87,83
12520,Dana Smith,F,11th,Griffin High School,90,75
12521,Gabriel Klein,M,11th,Griffin High School,80,99
12522,Jackie Wolfe,F,11th,Griffin High School,71,79
12523,Erika White,F,11th,Griffin High School,88,70
12524,Christopher Reese,M,10th,Griffin High School,72,88
12525,Michelle Hernandez,F,12th,Griffin High School,72,82
12526,Jacob Ruiz,M,10th,Griffin High School,94,78
12527,Earl Nelson,M,10th,Griffin High School,74,91
12528,Jerry Miller,M,10th,Griffin High School,84,76
12529,Frank Santos,M,9th,Griffin High School,69,85
12530,Abigail Donovan,F,9th,Griffin High School,90,72
12531,Christopher Payne,M,12th,Griffin High School,72,99
12532,Mrs. Melissa Medina,F,11th,Griffin High School,84,86
12533,Dominique Wiley,F,10th,Griffin High School,77,97
12534,Johnathan Greer,M,12th,Griffin High School,99,82
12535,Linda Burton,F,10th,Griffin High School,87,92
12536,Ruth Brown,F,11th,Griffin High School,96,78
12537,William Booth,M,11th,Griffin High School,81,99
12538,Ian Burgess,M,9th,Griffin High School,93,76
12539,Ross Briggs,M,11th,Griffin High School,87,90
12540,Shannon Ramos,F,10th,Griffin High School,90,98
12541,Derek Griffin,M,11th,Griffin High School,73,93
12542,Andrea Khan,F,10th,Griffin High School,74,84
12543,Brandon Brooks,M,9th,Griffin High School,93,91
12544,Brad Small,M,10th,Griffin High School,95,98
12545,Amanda Mills,F,9th,Griffin High School,70,86
12546,Daniel Lara ,M,11th,Griffin High School,79,93
12547,Cheryl Lewis,F,12th,Griffin High School,92,84
12548,Rachel Anderson,F,9th,Griffin High School,99,70
12549,Sharon Wong,F,12th,Griffin High School,77,69
12550,Kathy Graves,F,9th,Griffin High School,72,97
12551,Chelsea Wells,F,11th,Griffin High School,86,95
12552,Cathy Martinez,F,10th,Griffin High School,71,99
12553,Cesar Pineda,M,9th,Griffin High School,80,74
12554,Kara Carroll,F,11th,Griffin High School,98,92
12555,Patricia Barnes,F,9th,Griffin High School,94,71
12556,Joanna Fletcher,F,11th,Griffin High School,82,85
12557,Yolanda Harris,F,12th,Griffin High School,93,97
12558,Brian Velasquez,M,11th,Griffin High School,94,88
12559,Vanessa Weber,F,9th,Griffin High School,76,68
12560,Carol Schneider,F,12th,Griffin High School,93,87
12561,Mrs. Nicole Vazquez,F,12th,Griffin High School,96,91
12562,James Simpson,M,9th,Griffin High School,92,94
12563,Megan Herrera,F,9th,Griffin High School,90,89
12564,Maria Gomez,F,9th,Griffin High School,91,71
12565,Melissa Benton,F,11th,Griffin High School,85,74
12566,Tamara Bass,F,12th,Griffin High School,75,88
12567,Julie Todd,F,11th,Griffin High School,94,75
12568,Shawn Lamb,M,11th,Griffin High School,88,94
12569,Dale Delgado,M,11th,Griffin High School,86,93
12570,Jason Martin,M,10th,Griffin High School,80,94
12571,Tracy May,F,11th,Griffin High School,69,92
12572,Charles Garcia,M,11th,Griffin High School,69,71
12573,Laura Davis,F,10th,Griffin High School,99,78
12574,Thomas Mcdaniel,M,10th,Griffin High School,69,84
12575,Amy Smith,F,12th,Griffin High School,80,78
12576,Carol Frederick,F,12th,Griffin High School,79,90
12577,Joseph Johnson,M,11th,Griffin High School,77,78
12578,Terry Rogers,F,11th,Griffin High School,98,85
12579,Olivia Nunez,F,11th,Griffin High School,77,77
12580,Maureen Smith,F,10th,Griffin High School,71,92
12581,Steve Michael,M,12th,Griffin High School,99,81
12582,Kimberly Jackson,F,10th,Griffin High School,97,82
12583,William Fox,M,12th,Griffin High School,71,88
12584,Sarah Kane,F,9th,Griffin High School,90,75
12585,Wendy Hopkins,F,11th,Griffin High School,95,73
12586,Noah Mccarthy,M,9th,Griffin High School,89,70
12587,Samuel Flores,M,10th,Griffin High School,92,87
12588,Toni Johnson,F,11th,Griffin High School,75,76
12589,Michelle Hernandez,F,12th,Griffin High School,83,69
12590,Mark Randall,M,10th,Griffin High School,70,88
12591,Robert Thompson,M,10th,Griffin High School,85,87
12592,Donna Ortega,F,9th,Griffin High School,85,86
12593,Karen Harvey,F,9th,Griffin High School,69,93
12594,Bailey Murphy,F,9th,Griffin High School,77,84
12595,Catherine Hahn,F,9th,Griffin High School,89,94
12596,Daniel Gonzales,M,9th,Griffin High School,71,83
12597,Edward Smith,M,11th,Griffin High School,90,99
12598,Megan Owens,F,12th,Griffin High School,95,76
12599,Adam Smith,M,9th,Griffin High School,94,75
12600,Elizabeth Moon,F,11th,Griffin High School,80,95
12601,Jason Mcfarland,M,10th,Griffin High School,90,76
12602,Michelle Long,F,10th,Griffin High School,81,77
12603,Angela Gibbs,F,11th,Griffin High School,98,94
12604,Alexa West,F,11th,Griffin High School,95,81
12605,Lisa Wang,F,12th,Griffin High School,90,82
12606,Miguel Martin,M,11th,Griffin High School,81,98
12607,Brian Thomas,M,12th,Griffin High School,71,96
12608,Ebony Delgado,F,9th,Griffin High School,95,83
12609,Patricia Bryant,F,11th,Griffin High School,78,85
12610,Lauren Williams,F,10th,Griffin High School,90,69
12611,Adam Schaefer,M,9th,Griffin High School,78,92
12612,Emma Mendoza,F,11th,Griffin High School,91,89
12613,Richard Smith,M,9th,Griffin High School,84,69
12614,Jesse Grimes,M,9th,Griffin High School,78,91
12615,Ryan Morse,M,11th,Griffin High School,73,78
12616,Lisa Jones,F,12th,Griffin High School,88,88
12617,Joel Swanson,M,10th,Griffin High School,70,78
12618,Michael Clay,M,10th,Griffin High School,69,76
12619,Victoria Zavala,F,9th,Griffin High School,94,86
12620,Katherine Brooks,F,11th,Griffin High School,78,71
12621,Mark Horton,M,11th,Griffin High School,89,92
12622,Nancy Dudley,F,9th,Griffin High School,81,76
12623,William Duarte,M,11th,Griffin High School,91,96
12624,Todd Patrick,M,10th,Griffin High School,70,75
12625,Joann Christensen,F,11th,Griffin High School,78,90
12626,Jack Schultz,M,9th,Griffin High School,99,68
12627,Jesse Alvarado,M,9th,Griffin High School,86,81
12628,Timothy Romero,M,11th,Griffin High School,88,78
12629,Raymond Webb,M,10th,Griffin High School,99,68
12630,Isaiah Lawrence,M,10th,Griffin High School,88,80
12631,Jennifer Smith,F,10th,Griffin High School,70,85
12632,Dylan Jacobs,M,10th,Griffin High School,81,73
12633,Audrey Holloway,F,11th,Griffin High School,96,77
12634,Alex Cabrera,M,12th,Griffin High School,96,84
12635,Sarah Powell,F,11th,Griffin High School,98,84
12636,Emily Gutierrez ,F,9th,Griffin High School,90,84
12637,Jesse Howell,M,12th,Griffin High School,75,68
12638,Adam Wheeler,M,10th,Griffin High School,99,78
12639,Peter Johnson,M,9th,Griffin High School,89,80
12640,Joe Perez,M,10th,Griffin High School,83,96
12641,Jackie Johnson,F,9th,Griffin High School,94,95
12642,Scott Lee,M,12th,Griffin High School,83,99
12643,Emma Boyle,F,12th,Griffin High School,93,84
12644,James Castillo,M,12th,Griffin High School,85,80
12645,Christina Haynes,F,10th,Griffin High School,95,99
12646,Nicholas Turner,M,9th,Griffin High School,80,90
12647,Nathan Stone,M,11th,Griffin High School,94,80
12648,Monica Moore,F,10th,Griffin High School,78,75
12649,Robert Adams,M,9th,Griffin High School,86,93
12650,Amanda Giles,F,12th,Griffin High School,86,80
12651,Becky Sanchez,F,10th,Griffin High School,69,91
12652,Christopher Olson,M,9th,Griffin High School,90,94
12653,Aaron Ramirez,M,10th,Griffin High School,86,86
12654,Kimberly Richard,F,11th,Griffin High School,87,99
12655,David Martin,M,9th,Griffin High School,79,89
12656,Jessica Bryant,F,9th,Griffin High School,93,72
12657,Kenneth Torres,M,9th,Griffin High School,77,69
12658,John Terrell,M,9th,Griffin High School,71,90
12659,Peggy Kirk,F,11th,Griffin High School,83,92
12660,Tara Oliver,F,11th,Griffin High School,85,79
12661,Susan Dawson,F,12th,Griffin High School,87,70
12662,Casey Miller,M,11th,Griffin High School,69,90
12663,Jesse Martinez,M,10th,Griffin High School,88,75
12664,Mary Gonzalez,F,9th,Griffin High School,88,70
12665,Erin Wallace,F,10th,Griffin High School,83,95
12666,David Peters,M,11th,Griffin High School,74,71
12667,Robert Davies,M,9th,Griffin High School,80,70
12668,Jessica Roberts,F,11th,Griffin High School,70,94
12669,Dawn Gomez,F,9th,Griffin High School,76,70
12670,Matthew Sellers,M,9th,Griffin High School,79,74
12671,Christopher Gonzales,M,12th,Griffin High School,98,88
12672,Christopher Lynch,M,10th,Griffin High School,95,89
12673,Tonya Ramos,F,9th,Griffin High School,91,85
12674,Stephanie Smith,F,10th,Griffin High School,76,96
12675,Kathy Hernandez,F,11th,Griffin High School,96,82
12676,Logan Lewis,M,12th,Griffin High School,95,95
12677,Frank Sanchez,M,12th,Griffin High School,87,93
12678,Heidi Ellis,F,11th,Griffin High School,96,68
12679,Kevin Mahoney,M,10th,Griffin High School,89,97
12680,Sarah Diaz,F,9th,Griffin High School,82,81
12681,Michael Mckenzie,M,10th,Griffin High School,91,99
12682,Timothy Peterson,M,11th,Griffin High School,91,92
12683,Nicholas Fleming,M,10th,Griffin High School,70,69
12684,Suzanne Johnson,F,9th,Griffin High School,91,86
12685,Joanne Harrison,F,9th,Griffin High School,93,69
12686,Sara Hopkins,F,12th,Griffin High School,85,94
12687,Amber White,F,10th,Griffin High School,94,90
12688,Michael Davis,M,12th,Griffin High School,69,71
12689,Laura Manning,F,10th,Griffin High School,99,79
12690,Mark Hawkins,M,12th,Griffin High School,99,92
12691,Mario Lee,M,11th,Griffin High School,75,97
12692,Angela Lewis,F,10th,Griffin High School,93,96
12693,Jill Mills,F,12th,Griffin High School,96,69
12694,Elaine Miller,F,10th,Griffin High School,89,71
12695,Diana Chase,F,9th,Griffin High School,80,93
12696,Matthew Hart,M,10th,Griffin High School,82,91
12697,Justin Villanueva,M,11th,Griffin High School,71,78
12698,Theresa Price,F,10th,Griffin High School,93,95
12699,James Cruz,M,11th,Griffin High School,76,92
12700,Martha Blake,F,12th,Griffin High School,99,95
12701,Olivia Smith,F,11th,Griffin High School,98,77
12702,Stephanie Brooks,F,10th,Griffin High School,88,91
12703,Brandon Wright,M,12th,Griffin High School,70,86
12704,Sheila Brown,F,10th,Griffin High School,71,89
12705,Jeffrey Warren,M,11th,Griffin High School,80,77
12706,Nicholas Simon,M,9th,Griffin High School,83,93
12707,Stephanie Hester,F,11th,Griffin High School,77,97
12708,Jessica Johnson,F,10th,Griffin High School,99,91
12709,Christina Boone,F,11th,Griffin High School,70,89
12710,Darryl Griffith,M,10th,Griffin High School,77,96
12711,Joshua Anthony,M,11th,Griffin High School,85,79
12712,Paula Cook,F,10th,Griffin High School,97,70
12713,Tommy Gray,M,12th,Griffin High School,88,86
12714,Patrick Craig,M,11th,Griffin High School,83,96
12715,Danny Martinez,M,9th,Griffin High School,74,86
12716,Courtney Hernandez,F,10th,Griffin High School,96,99
12717,Jonathan Jones,M,9th,Griffin High School,96,76
12718,Jeffery Gonzalez,M,9th,Griffin High School,87,82
12719,Jason Hernandez,M,11th,Griffin High School,83,81
12720,Erika Jefferson,F,9th,Griffin High School,91,80
12721,David Johnson,M,10th,Griffin High School,82,95
12722,Lawrence Decker,M,12th,Griffin High School,93,97
12723,Derrick Hughes III,M,11th,Griffin High School,81,77
12724,Tammy Sanchez,F,9th,Griffin High School,70,85
12725,Melanie Singh,F,12th,Griffin High School,92,95
12726,Natalie Holland,F,9th,Griffin High School,70,89
12727,Tracy Benson,M,9th,Griffin High School,84,93
12728,Samuel Zamora,M,12th,Griffin High School,92,90
12729,Jeremy Roberts,M,12th,Griffin High School,95,72
12730,Jeanette Webb,F,10th,Griffin High School,84,82
12731,Kimberly Reynolds,F,9th,Griffin High School,73,72
12732,Shawn Moore,M,12th,Griffin High School,73,71
12733,Ryan Williams,M,10th,Griffin High School,83,76
12734,Patricia Clark,F,10th,Griffin High School,72,84
12735,Ashley Sheppard,F,12th,Griffin High School,71,73
12736,Bruce Tyler,M,10th,Griffin High School,98,84
12737,John Harris,M,9th,Griffin High School,82,88
12738,Kyle Garcia,M,12th,Griffin High School,86,75
12739,Michael Williams,M,11th,Griffin High School,91,71
12740,Nicole Collins,F,9th,Griffin High School,79,90
12741,Jack Thompson,M,11th,Griffin High School,71,94
12742,Christine Reynolds,F,12th,Griffin High School,70,80
12743,Elizabeth Lopez,F,11th,Griffin High School,89,73
12744,Emma Williams,F,11th,Griffin High School,75,91
12745,Kelly Martin,M,11th,Griffin High School,81,96
12746,Nina Pierce,F,11th,Griffin High School,83,88
12747,Jennifer Brennan,F,10th,Griffin High School,80,73
12748,Jeffery Terry,M,11th,Griffin High School,83,79
12749,Michael Craig,M,9th,Griffin High School,86,89
12750,David Moore,M,12th,Griffin High School,74,77
12751,Brianna Mccarty,F,11th,Griffin High School,98,72
12752,Brianna Crawford,F,12th,Griffin High School,90,85
12753,Shelby Morgan,F,10th,Griffin High School,83,69
12754,Elizabeth Wright,F,10th,Griffin High School,91,98
12755,Kimberly English,F,9th,Griffin High School,81,72
12756,George Solis,M,12th,Griffin High School,89,71
12757,Kathleen Martinez,F,11th,Griffin High School,98,79
12758,Lori Camacho,F,12th,Griffin High School,80,69
12759,Linda Compton,F,12th,Griffin High School,84,73
12760,Jennifer Watson,F,10th,Griffin High School,86,69
12761,Christopher Mitchell,M,10th,Griffin High School,69,88
12762,Teresa Park,F,9th,Griffin High School,90,97
12763,Anthony Greene,M,9th,Griffin High School,96,80
12764,Jennifer Haynes,F,11th,Griffin High School,89,98
12765,Jessica Woodard,F,12th,Griffin High School,72,79
12766,Kaitlyn Brown,F,10th,Griffin High School,71,92
12767,Anthony Roberts,M,9th,Griffin High School,81,69
12768,Erin Mills,F,11th,Griffin High School,88,92
12769,James Daniels,M,10th,Griffin High School,84,72
12770,Maxwell Banks,M,10th,Griffin High School,83,91
12771,Pamela Thompson,F,11th,Griffin High School,98,71
12772,Andrea Singh,F,9th,Griffin High School,74,68
12773,David Frazier,M,9th,Griffin High School,97,76
12774,Dennis Little,M,10th,Griffin High School,92,68
12775,Steven Watson,M,11th,Griffin High School,96,90
12776,Sarah Sullivan,F,11th,Griffin High School,98,95
12777,Joshua Long,M,11th,Griffin High School,97,78
12778,James Lucas,M,10th,Griffin High School,87,77
12779,Douglas Scott,M,10th,Griffin High School,92,82
12780,Jeffrey Stein,M,10th,Griffin High School,87,91
12781,Luis Finley,M,10th,Griffin High School,84,87
12782,Cindy Robinson,F,11th,Griffin High School,98,79
12783,Jennifer Curry,F,12th,Griffin High School,78,81
12784,Joseph Ross,M,10th,Griffin High School,89,70
12785,Alexandra Sanders,F,11th,Griffin High School,91,83
12786,Michael Osborne,M,11th,Griffin High School,71,92
12787,Paul Berry,M,9th,Griffin High School,81,94
12788,Bryan Barajas,M,10th,Griffin High School,85,70
12789,Richard Ellis,M,9th,Griffin High School,86,68
12790,Frederick Jones,M,12th,Griffin High School,84,96
12791,Heidi Cannon,F,9th,Griffin High School,91,99
12792,Jose Chavez,M,10th,Griffin High School,86,83
12793,James Wall,M,10th,Griffin High School,69,82
12794,Brenda Martin,F,11th,Griffin High School,98,88
12795,Trevor Delgado,M,10th,Griffin High School,96,89
12796,Sabrina Wagner,F,10th,Griffin High School,72,79
12797,Sara Simpson,F,12th,Griffin High School,79,74
12798,Michael Brown,M,11th,Griffin High School,87,76
12799,Kimberly Myers,F,10th,Griffin High School,82,78
12800,Jeffrey Thomas,M,10th,Griffin High School,72,99
12801,Heather Thornton,F,10th,Griffin High School,81,91
12802,Jennifer Ramirez,F,11th,Griffin High School,81,69
12803,Nicholas Thomas,M,9th,Griffin High School,96,84
12804,Courtney Mora,F,9th,Griffin High School,73,90
12805,Casey Riley,M,12th,Griffin High School,87,78
12806,Eduardo James,M,9th,Griffin High School,87,73
12807,Melissa Griffin,F,10th,Griffin High School,93,99
12808,Stephen Martinez,M,11th,Griffin High School,91,77
12809,Brittany Cruz,F,9th,Griffin High School,76,95
12810,Patricia Travis,F,10th,Griffin High School,70,91
12811,Christian Johnson,M,12th,Griffin High School,87,71
12812,James Brooks,M,9th,Griffin High School,79,99
12813,Alexander Sanchez,M,10th,Griffin High School,85,93
12814,Juan Spence,M,11th,Griffin High School,83,89
12815,Jeremy Smith,M,12th,Griffin High School,94,88
12816,Michael Cook,M,9th,Griffin High School,80,70
12817,Lynn Wyatt,F,12th,Griffin High School,69,96
12818,Elizabeth Coleman,F,12th,Griffin High School,98,69
12819,Erik Peterson,M,12th,Griffin High School,69,94
12820,Sheila Salazar,F,12th,Griffin High School,97,81
12821,Rebecca Morgan,F,10th,Griffin High School,92,86
12822,Renee Torres,F,10th,Griffin High School,74,82
12823,Paula Gonzalez,F,10th,Griffin High School,73,78
12824,Kenneth Smith,M,9th,Griffin High School,82,88
12825,Mark George,M,12th,Griffin High School,84,74
12826,David Hill,M,9th,Griffin High School,76,83
12827,Lauren Spence,F,9th,Griffin High School,88,75
12828,Joseph Scott,M,9th,Griffin High School,94,82
12829,Erica Martinez,F,11th,Griffin High School,92,70
12830,Desiree Reed,F,10th,Griffin High School,92,80
12831,Kevin Singh,M,10th,Griffin High School,84,92
12832,Dean Hernandez,M,9th,Griffin High School,89,70
12833,Angelica Keller,F,11th,Griffin High School,69,85
12834,Cheyenne Morgan,F,11th,Griffin High School,74,77
12835,Kenneth Beasley,M,9th,Griffin High School,75,77
12836,Sean Steele,M,12th,Griffin High School,80,77
12837,Kimberly Thompson,F,9th,Griffin High School,86,94
12838,Marcus Rodriguez,M,10th,Griffin High School,80,90
12839,Jessica Lopez,F,9th,Griffin High School,86,92
12840,Donna Carpenter,F,10th,Griffin High School,83,69
12841,Jason Nelson,M,11th,Griffin High School,83,98
12842,Nathaniel Hayes,M,10th,Griffin High School,89,98
12843,Ryan Orozco ,M,12th,Griffin High School,99,89
12844,Melissa Mcgrath,F,11th,Griffin High School,73,84
12845,Jody Pearson,F,9th,Griffin High School,99,69
12846,Diana Turner,F,10th,Griffin High School,72,78
12847,Jessica Buck,F,9th,Griffin High School,86,71
12848,Jody Ruiz,F,9th,Griffin High School,73,87
12849,Jason Henry,M,11th,Griffin High School,74,70
12850,Selena Watson,F,9th,Griffin High School,79,75
12851,William Edwards,M,11th,Griffin High School,88,73
12852,Richard Green,M,10th,Griffin High School,94,72
12853,Janet Martin,F,9th,Griffin High School,82,68
12854,Tammy Black,F,11th,Griffin High School,91,82
12855,David Kelly,M,11th,Griffin High School,75,84
12856,Andrea Young,F,11th,Griffin High School,70,83
12857,Jessica Rogers,F,11th,Griffin High School,76,69
12858,Denise Miles,F,12th,Griffin High School,93,76
12859,Aaron Gould,M,12th,Griffin High School,78,77
12860,David Hurley,M,9th,Griffin High School,88,68
12861,Jason Chandler,M,11th,Griffin High School,82,78
12862,Dominique Garcia,F,9th,Griffin High School,91,91
12863,John Pennington,M,9th,Griffin High School,98,76
12864,Joshua Rivera Jr.,M,9th,Griffin High School,70,93
12865,Marc Harmon ,M,11th,Griffin High School,99,69
12866,Diane Barber,F,11th,Griffin High School,99,83
12867,Betty Reed,F,12th,Griffin High School,71,70
12868,Kyle Hall,M,9th,Griffin High School,96,69
12869,Ryan Lane,M,12th,Griffin High School,79,72
12870,Terry Hughes,M,9th,Griffin High School,94,88
12871,Randall Leon,M,12th,Griffin High School,85,95
12872,Keith Peters ,M,11th,Griffin High School,90,86
12873,Monique Silva,F,9th,Griffin High School,73,99
12874,Dylan Cox,M,10th,Griffin High School,91,83
12875,Amy Jennings,F,10th,Griffin High School,71,99
12876,Nicholas Meyer,M,10th,Griffin High School,85,73
12877,Christine Potter,F,10th,Griffin High School,89,80
12878,Jay Ford,M,10th,Griffin High School,81,91
12879,Ronald Miller,M,12th,Griffin High School,77,72
12880,Michael Martin,M,11th,Griffin High School,99,81
12881,Larry Diaz,M,12th,Griffin High School,86,87
12882,John Rush,M,10th,Griffin High School,82,91
12883,James Morrison,M,10th,Griffin High School,70,95
12884,Anna Welch,F,12th,Griffin High School,69,77
12885,Derrick Robinson,M,12th,Griffin High School,88,97
12886,Susan Brown,F,10th,Griffin High School,74,87
12887,James Jacobs,M,9th,Griffin High School,83,74
12888,Christine Callahan,F,11th,Griffin High School,97,99
12889,Aaron Griffin,M,11th,Griffin High School,88,72
12890,Tammy Pearson,F,11th,Griffin High School,72,87
12891,Lisa Martinez,F,12th,Griffin High School,97,96
12892,Andrew Petty,M,10th,Griffin High School,96,90
12893,Catherine Brown,F,12th,Griffin High School,76,84
12894,Haley Strickland,F,10th,Griffin High School,70,75
12895,Ashley Massey,F,10th,Griffin High School,76,90
12896,Jared Hanson,M,9th,Griffin High School,83,89
12897,Patricia Hall,F,12th,Griffin High School,74,95
12898,Denise Snyder,F,10th,Griffin High School,74,77
12899,John Miller,M,10th,Griffin High School,87,74
12900,Sarah Simmons,F,9th,Griffin High School,69,71
12901,Joseph Cruz,M,10th,Griffin High School,74,69
12902,Elizabeth Lewis,F,10th,Griffin High School,99,89
12903,Charles Jenkins,M,9th,Griffin High School,71,69
12904,Thomas Smith,M,12th,Griffin High School,85,76
12905,Aaron Wilkinson,M,11th,Griffin High School,95,86
12906,Robert Sanchez,M,10th,Griffin High School,91,95
12907,Samuel Taylor,M,11th,Griffin High School,94,88
12908,Heather Cooper,F,12th,Griffin High School,95,72
12909,James Smith,M,10th,Griffin High School,84,95
12910,Michelle Banks,F,9th,Griffin High School,98,76
12911,Stephen Li,M,9th,Griffin High School,72,99
12912,Kelsey Walker,F,9th,Griffin High School,69,92
12913,Albert Jones,M,10th,Griffin High School,74,79
12914,Kyle Mejia,M,9th,Griffin High School,87,70
12915,James West,M,10th,Griffin High School,71,78
12916,Laura Miller,F,11th,Griffin High School,82,87
12917,Amanda Freeman ,F,12th,Griffin High School,76,81
12918,Christopher Patterson,M,9th,Griffin High School,74,87
12919,Geoffrey Stewart,M,9th,Griffin High School,99,86
12920,Brett Powell,M,10th,Griffin High School,74,81
12921,Joel Williams,M,11th,Griffin High School,81,74
12922,Colleen Mason,F,11th,Griffin High School,93,93
12923,Cassandra Wolf,F,12th,Griffin High School,84,85
12924,Jeff Hall,M,12th,Griffin High School,78,86
12925,Matthew Guerra,M,12th,Griffin High School,80,80
12926,William Reyes,M,12th,Griffin High School,79,77
12927,Sean Jones,M,12th,Griffin High School,97,83
12928,Matthew Steele,M,12th,Griffin High School,79,89
12929,Rhonda Olsen,F,10th,Griffin High School,80,75
12930,Christina Thomas,F,12th,Griffin High School,98,86
12931,Michelle Carlson,F,10th,Griffin High School,74,97
12932,Calvin Gibson,M,10th,Griffin High School,84,78
12933,Tom Patterson,M,12th,Griffin High School,74,92
12934,Melissa Bennett,F,9th,Griffin High School,89,82
12935,Jordan Hernandez,M,9th,Griffin High School,85,73
12936,Kimberly Gonzales,F,9th,Griffin High School,87,75
12937,Mitchell Alexander,M,10th,Griffin High School,75,70
12938,Matthew Cooley,M,10th,Griffin High School,78,95
12939,Gerald Horton,M,9th,Griffin High School,91,92
12940,Dawn Day,F,10th,Griffin High School,70,95
12941,Donald Walters,M,10th,Griffin High School,88,99
12942,Joshua Medina,M,9th,Griffin High School,76,77
12943,Evan Mitchell,M,12th,Griffin High School,91,90
12944,Richard Morgan,M,11th,Griffin High School,80,77
12945,Daniel Miller,M,11th,Griffin High School,94,68
12946,Stephen Vargas,M,11th,Griffin High School,72,68
12947,Richard Davis,M,11th,Griffin High School,89,80
12948,Nancy Rivera,F,9th,Griffin High School,71,81
12949,Kimberly Bell,F,12th,Griffin High School,74,98
12950,Joseph Nicholson,M,12th,Griffin High School,78,73
12951,Erik Robertson,M,12th,Griffin High School,97,82
12952,Michael Watts,M,10th,Griffin High School,97,99
12953,Ashley Shah,F,10th,Griffin High School,69,79
12954,Christy Maldonado,F,10th,Griffin High School,76,70
12955,Priscilla Fleming,F,9th,Griffin High School,86,78
12956,Christopher Butler,M,9th,Griffin High School,75,82
12957,Toni Scott,F,11th,Griffin High School,94,79
12958,Douglas Soto,M,11th,Griffin High School,72,92
12959,Ashley Harrington,F,10th,Griffin High School,92,94
12960,Pam Clay,F,11th,Griffin High School,75,69
12961,Daniel Floyd,M,9th,Griffin High School,99,82
12962,Brandy Davis,F,9th,Griffin High School,97,92
12963,Douglas Church,M,9th,Griffin High School,85,81
12964,Colleen Frederick ,F,9th,Griffin High School,88,92
12965,Thomas Davis,M,10th,Griffin High School,81,87
12966,Charles Sullivan,M,9th,Griffin High School,77,86
12967,Brett Mccoy,M,11th,Griffin High School,78,70
12968,Maria Reynolds,F,10th,Griffin High School,87,90
12969,Wendy Johnson,F,9th,Griffin High School,79,96
12970,Deborah Walker,F,9th,Griffin High School,91,95
12971,Allen Harris,M,9th,Griffin High School,73,88
12972,Andrew Torres,M,12th,Griffin High School,75,95
12973,Andrew Jenkins,M,10th,Griffin High School,89,84
12974,Brenda Arnold,F,9th,Griffin High School,85,94
12975,Melissa Patton,F,10th,Griffin High School,97,88
12976,Amy Gay,F,12th,Griffin High School,82,89
12977,Jonathan Cochran,M,10th,Griffin High School,94,86
12978,Caroline Elliott,F,9th,Griffin High School,69,80
12979,Shawn Butler,M,10th,Griffin High School,69,84
12980,Robert Brooks,M,10th,Griffin High School,96,96
12981,Kristina Pitts,F,9th,Griffin High School,79,83
12982,Walter Flynn,M,10th,Griffin High School,80,86
12983,Todd Camacho,M,9th,Griffin High School,71,81
12984,Chad Poole,M,12th,Griffin High School,95,96
12985,Anthony Robinson,M,9th,Griffin High School,74,78
12986,Roberta Curtis,F,10th,Griffin High School,80,95
12987,Gabrielle Marshall,F,9th,Griffin High School,92,91
12988,Jerome Burnett,M,11th,Griffin High School,91,97
12989,Candace Smith,F,9th,Griffin High School,85,78
12990,Harry Chang,M,11th,Griffin High School,80,78
12991,Jacob Lindsey,M,11th,Griffin High School,80,80
12992,Tara Beltran,F,11th,Griffin High School,95,92
12993,Judy Warren,F,9th,Griffin High School,91,68
12994,Elizabeth Avila,F,12th,Griffin High School,75,71
12995,Angela Smith,F,10th,Griffin High School,93,75
12996,Timothy Knight,M,10th,Griffin High School,99,91
12997,Taylor Grant ,F,9th,Griffin High School,87,72
12998,Amber Phillips,F,10th,Griffin High School,77,86
12999,Courtney Morgan,F,10th,Griffin High School,87,99
13000,Nathan Cochran,M,9th,Griffin High School,94,77
13001,Patrick Silva,M,12th,Griffin High School,99,92
13002,Christopher Spencer,M,10th,Griffin High School,98,77
13003,Carla Hill,F,11th,Griffin High School,86,73
13004,James Hoffman,M,10th,Griffin High School,83,79
13005,Christian Stevenson,M,9th,Griffin High School,73,71
13006,Natalie Harrison,F,9th,Griffin High School,83,78
13007,Tiffany Perez,F,9th,Griffin High School,69,69
13008,Jason Romero,M,11th,Griffin High School,95,75
13009,Michael Mack,M,10th,Griffin High School,81,84
13010,Brittany Thomas,F,10th,Griffin High School,82,69
13011,Jeffrey Mann,M,9th,Griffin High School,81,69
13012,Jasmine Rivera,F,9th,Griffin High School,79,80
13013,Ashley Trujillo,F,11th,Griffin High School,69,80
13014,Kristina Rangel,F,9th,Griffin High School,87,87
13015,Kenneth Tucker,M,10th,Griffin High School,78,98
13016,Lauren Johnson,F,9th,Griffin High School,82,96
13017,Colleen Wolf,F,10th,Griffin High School,92,83
13018,Matthew Brown,M,10th,Griffin High School,86,84
13019,Mrs. Renee Thomas ,F,10th,Griffin High School,92,69
13020,Donald Arnold,M,9th,Griffin High School,72,72
13021,Douglas Sanders,M,10th,Griffin High School,73,82
13022,Joshua Rhodes,M,9th,Griffin High School,82,98
13023,Carly Vega,F,11th,Griffin High School,77,88
13024,Margaret Flores,F,10th,Griffin High School,96,83
13025,Jasmine Robinson,F,9th,Griffin High School,87,76
13026,Cody Patrick,M,9th,Griffin High School,74,89
13027,Matthew Boyd,M,10th,Griffin High School,97,84
13028,Gary Reese,M,9th,Griffin High School,86,73
13029,Shannon Johnson ,F,10th,Griffin High School,75,89
13030,Christopher Johnson,M,9th,Griffin High School,85,72
13031,Jared Smith,M,10th,Griffin High School,94,96
13032,Zoe Burgess,F,12th,Griffin High School,75,98
13033,Ronald Cross,M,11th,Griffin High School,76,75
13034,Adrienne Blair,F,9th,Griffin High School,97,69
13035,Heather Bailey,F,10th,Griffin High School,77,96
13036,Lisa Thomas,F,12th,Griffin High School,90,82
13037,Craig Frederick,M,10th,Griffin High School,92,85
13038,Mrs. Christina Horne,F,11th,Griffin High School,80,99
13039,Tammy Daugherty,F,12th,Griffin High School,69,76
13040,Joseph Miller,M,10th,Griffin High School,88,72
13041,Jeanette Ponce,F,12th,Griffin High School,71,77
13042,Benjamin Myers,M,10th,Griffin High School,80,91
13043,Christina Smith,F,9th,Griffin High School,93,69
13044,Tammy Perez,F,10th,Griffin High School,76,98
13045,Catherine Taylor,F,9th,Griffin High School,91,85
13046,Daniel Fisher,M,11th,Griffin High School,91,90
13047,Chris Duncan,M,10th,Griffin High School,75,79
13048,Jason Avery,M,11th,Griffin High School,87,70
13049,Lori Garrett,F,9th,Griffin High School,84,89
13050,John Smith,M,9th,Griffin High School,87,96
13051,Veronica Buchanan,F,9th,Griffin High School,95,89
13052,Joshua Perez,M,12th,Griffin High School,83,82
13053,Gloria Sanders,F,12th,Griffin High School,82,95
13054,Kaitlyn Bennett,F,11th,Griffin High School,99,81
13055,Kathy Brown,F,9th,Griffin High School,89,68
13056,Tony Richards,M,9th,Griffin High School,71,75
13057,Mrs. Deborah Walters PhD,F,12th,Griffin High School,95,76
13058,Cynthia Taylor,F,9th,Griffin High School,81,83
13059,Brenda Barker,F,10th,Griffin High School,75,85
13060,Rebecca Foley,F,10th,Griffin High School,71,78
13061,Joseph Hernandez,M,11th,Griffin High School,98,71
13062,Melissa Lutz,F,11th,Griffin High School,91,90
13063,Shari Stone,F,12th,Griffin High School,78,86
13064,Joshua Burch,M,9th,Griffin High School,91,84
13065,Joseph Gardner,M,11th,Griffin High School,86,93
13066,Thomas Vaughn,M,10th,Griffin High School,91,74
13067,Tracy Gonzalez,F,12th,Griffin High School,72,78
13068,Timothy Brown,M,12th,Griffin High School,92,92
13069,Victor Thompson,M,12th,Griffin High School,84,98
13070,Anthony Weaver,M,12th,Griffin High School,70,82
13071,Rebecca Garcia,F,11th,Griffin High School,93,87
13072,Adriana David,F,10th,Griffin High School,87,69
13073,Meredith Garcia,F,10th,Griffin High School,87,81
13074,Billy Wiley,M,12th,Griffin High School,86,89
13075,Monique Mullins,F,11th,Griffin High School,95,88
13076,Caroline Murillo,F,12th,Griffin High School,87,97
13077,Tyler Duncan,M,9th,Griffin High School,90,84
13078,Sheila Anderson,F,11th,Griffin High School,92,80
13079,Jason Bryant,M,11th,Griffin High School,78,70
13080,Jeffery Hall,M,10th,Griffin High School,88,73
13081,Brooke Roberson,F,10th,Griffin High School,79,92
13082,Jessica Hines,F,12th,Griffin High School,86,88
13083,Natasha Ferguson,F,9th,Griffin High School,76,75
13084,Donna Lee,F,11th,Griffin High School,70,83
13085,Megan Ray,F,10th,Griffin High School,75,82
13086,Christopher Parker,M,11th,Griffin High School,94,83
13087,Melvin Nunez,M,10th,Griffin High School,79,99
13088,Cynthia Dyer,F,10th,Griffin High School,76,71
13089,Jonathan Mueller,M,11th,Griffin High School,71,98
13090,Lindsey Cabrera,F,11th,Griffin High School,81,83
13091,Jose Martinez,M,11th,Griffin High School,78,80
13092,Alyssa Bennett,F,11th,Griffin High School,85,86
13093,Timothy Parker,M,9th,Griffin High School,80,74
13094,Zachary Johnson,M,10th,Griffin High School,71,97
13095,James Conner,M,10th,Griffin High School,94,94
13096,Stephen Bass,M,10th,Griffin High School,79,75
13097,Kevin Hoover,M,9th,Griffin High School,83,83
13098,Michael Cole,M,12th,Griffin High School,89,79
13099,Manuel Dunn,M,11th,Griffin High School,89,73
13100,Trevor Smith,M,9th,Griffin High School,82,72
13101,Brittany Perez,F,10th,Griffin High School,79,83
13102,Valerie Torres,F,11th,Griffin High School,94,75
13103,Samantha Huynh,F,12th,Griffin High School,88,90
13104,Aimee Mcguire,F,12th,Griffin High School,77,81
13105,Andrea Collins,F,12th,Griffin High School,75,84
13106,Wendy Brown,F,12th,Griffin High School,80,68
13107,Michelle Johnson,F,9th,Griffin High School,69,88
13108,Keith Ford,M,12th,Griffin High School,96,98
13109,Jessica Jennings,F,11th,Griffin High School,84,80
13110,Christina Carey,F,10th,Griffin High School,85,70
13111,Tina Martinez,F,9th,Griffin High School,76,72
13112,Amanda Smith,F,11th,Griffin High School,81,85
13113,Kenneth Richardson,M,11th,Griffin High School,90,95
13114,Jamie Duke,F,12th,Griffin High School,80,69
13115,Mary Webster,F,12th,Griffin High School,82,82
13116,Stephen Robbins,M,9th,Griffin High School,87,85
13117,Marie Stevenson,F,12th,Griffin High School,72,68
13118,Victoria Fry,F,10th,Griffin High School,83,81
13119,Michael Jackson,M,9th,Griffin High School,94,94
13120,Charles Vargas,M,9th,Griffin High School,96,81
13121,Gilbert Gregory,M,11th,Griffin High School,76,84
13122,Laura Ray,F,9th,Griffin High School,79,88
13123,Jesse Henry,M,12th,Griffin High School,73,75
13124,Angela Johnson,F,9th,Griffin High School,73,71
13125,Jesse Gonzalez,M,11th,Griffin High School,88,68
13126,Aaron Gilbert,M,9th,Griffin High School,96,89
13127,Luis Jacobs,M,11th,Griffin High School,89,91
13128,Daniel Smith,M,10th,Griffin High School,89,93
13129,Crystal Sloan,F,12th,Griffin High School,86,80
13130,Ricky Warner,M,11th,Griffin High School,88,80
13131,Larry Martinez ,M,9th,Griffin High School,73,77
13132,Jason Lopez,M,11th,Griffin High School,70,95
13133,Shelby York,F,10th,Griffin High School,84,69
13134,Tanner Terrell,M,9th,Griffin High School,81,86
13135,Donald Joseph,M,10th,Griffin High School,73,96
13136,Stephanie Green,F,10th,Griffin High School,74,77
13137,Robert Smith,M,10th,Griffin High School,97,85
13138,Jennifer Dunn,F,11th,Griffin High School,89,90
13139,Craig Gonzalez,M,12th,Griffin High School,84,81
13140,Rodney Sweeney,M,10th,Griffin High School,73,80
13141,Timothy Baker,M,9th,Griffin High School,92,93
13142,Tammy Miranda,F,10th,Griffin High School,88,73
13143,Brian Holmes,M,9th,Griffin High School,95,80
13144,Jessica Ross,F,9th,Griffin High School,90,75
13145,James Coleman,M,10th,Griffin High School,91,75
13146,Jill Collins,F,12th,Griffin High School,73,99
13147,William Chandler,M,12th,Griffin High School,79,79
13148,Ana Morgan,F,12th,Griffin High School,96,88
13149,Mrs. Anita Lee,F,11th,Griffin High School,77,75
13150,Sean Hernandez,M,9th,Griffin High School,89,69
13151,Angela Richardson,F,10th,Griffin High School,85,99
13152,Brian Williamson,M,12th,Griffin High School,94,96
13153,Daniel Dunlap,M,12th,Griffin High School,85,86
13154,Amber Jones,F,12th,Griffin High School,88,81
13155,Kim Love,F,10th,Griffin High School,96,69
13156,Daniel Padilla,M,11th,Griffin High School,84,84
13157,Jonathon Blair,M,9th,Griffin High School,80,68
13158,Alexis Johnson,F,12th,Griffin High School,85,98
13159,Steven Lee,M,12th,Griffin High School,89,99
13160,Brian Martinez,M,10th,Griffin High School,78,82
13161,John Thomas,M,11th,Griffin High School,83,80
13162,Monique Gutierrez,F,9th,Griffin High School,91,70
13163,Peter Coleman,M,10th,Griffin High School,84,71
13164,Aaron Gonzales,M,9th,Griffin High School,79,71
13165,Alexander Walker,M,9th,Griffin High School,86,78
13166,Robert Myers,M,9th,Griffin High School,86,72
13167,Andrew Sanchez,M,9th,Griffin High School,97,93
13168,Claire Mendoza,F,9th,Griffin High School,69,91
13169,Fernando Conway,M,10th,Griffin High School,85,85
13170,Patrick Hawkins,M,9th,Griffin High School,79,95
13171,Laura Jacobson,F,11th,Griffin High School,84,89
13172,Elizabeth Wilson,F,10th,Griffin High School,76,68
13173,Alexander Fischer,M,10th,Griffin High School,72,91
13174,Nicholas Jordan,M,10th,Griffin High School,69,70
13175,Matthew Cooper,M,10th,Griffin High School,89,96
13176,Frank Humphrey,M,11th,Griffin High School,73,85
13177,Michael Moore,M,10th,Griffin High School,70,99
13178,Allison Murphy,F,12th,Griffin High School,95,89
13179,David Carroll,M,10th,Griffin High School,79,85
13180,Jennifer Jackson,F,10th,Griffin High School,99,81
13181,Joanna Hall,F,12th,Griffin High School,79,68
13182,Andrew Rodriguez,M,9th,Griffin High School,80,78
13183,David Herrera,M,9th,Griffin High School,79,76
13184,Emily Warner,F,11th,Griffin High School,88,73
13185,Tracy Carpenter,F,9th,Griffin High School,70,84
13186,Christine Davis,F,10th,Griffin High School,83,79
13187,Michele Johnson,F,12th,Griffin High School,77,98
13188,Courtney Crawford,F,9th,Griffin High School,80,84
13189,Richard Patterson,M,10th,Griffin High School,73,70
13190,Jesse Mcpherson,M,10th,Griffin High School,90,72
13191,Keith Velez,M,10th,Griffin High School,82,74
13192,Paul Davis,M,12th,Griffin High School,95,69
13193,Lisa Davis,F,12th,Griffin High School,90,86
13194,Brandon Jones,M,10th,Griffin High School,98,73
13195,Mary Smith,F,10th,Griffin High School,74,69
13196,Emily Rodriguez,F,12th,Griffin High School,79,75
13197,Christopher Mendoza,M,11th,Griffin High School,77,85
13198,Megan Flores,F,10th,Griffin High School,76,94
13199,Taylor English,F,9th,Griffin High School,98,77
13200,Allison Perez,F,11th,Griffin High School,94,88
13201,Stephen Cruz,M,9th,Griffin High School,94,70
13202,Sabrina Peterson,F,10th,Griffin High School,78,93
13203,Crystal Bass,F,9th,Griffin High School,96,82
13204,James Jones,M,9th,Griffin High School,78,72
13205,Brett Benton,M,10th,Griffin High School,77,74
13206,Leah Griffin,F,10th,Griffin High School,92,88
13207,Brian Taylor,M,10th,Griffin High School,84,90
13208,Roberto French,M,11th,Griffin High School,96,95
13209,Kyle Hanson,M,10th,Griffin High School,72,91
13210,Scott Pennington,M,11th,Griffin High School,73,92
13211,Christine Cunningham,F,12th,Griffin High School,80,78
13212,Patrick Webster,M,10th,Griffin High School,74,98
13213,Tammy Jones,F,9th,Griffin High School,76,78
13214,Robert Moran,M,12th,Griffin High School,84,78
13215,Jessica Marshall,F,11th,Griffin High School,93,97
13216,Robert Austin,M,11th,Griffin High School,96,68
13217,Tiffany Nguyen,F,12th,Griffin High School,84,90
13218,Joshua Williams,M,12th,Griffin High School,98,91
13219,Megan Oneal,F,10th,Griffin High School,75,82
13220,Donna Mccall,F,10th,Griffin High School,85,85
13221,Tara Ross,F,10th,Griffin High School,93,92
13222,Patricia Burns,F,11th,Griffin High School,87,71
13223,Melissa Thomas,F,10th,Griffin High School,81,86
13224,Andrea Armstrong,F,10th,Griffin High School,99,83
13225,Ashley Christian,F,10th,Griffin High School,82,72
13226,Matthew Chandler,M,12th,Griffin High School,91,69
13227,Katelyn Bautista,F,9th,Griffin High School,92,77
13228,Jacqueline Mccoy,F,11th,Griffin High School,94,77
13229,Rhonda Phillips,F,11th,Griffin High School,84,92
13230,John Perez,M,12th,Griffin High School,96,94
13231,Elizabeth Jones,F,11th,Griffin High School,78,97
13232,Ronald Perkins,M,9th,Griffin High School,93,71
13233,Julie Atkins,F,10th,Griffin High School,98,98
13234,Michael Golden ,M,11th,Griffin High School,89,99
13235,Matthew Johnston,M,9th,Griffin High School,69,85
13236,Caroline Spencer,F,12th,Griffin High School,78,74
13237,Eric Howard,M,11th,Griffin High School,70,68
13238,John Calderon,M,12th,Griffin High School,96,71
13239,Tanya Brown,F,9th,Griffin High School,75,84
13240,Harold Robertson,M,9th,Griffin High School,76,68
13241,Jeffrey Hawkins,M,11th,Griffin High School,92,88
13242,Victoria Hernandez,F,11th,Griffin High School,87,97
13243,Gavin Tate,M,9th,Griffin High School,79,81
13244,Ashley Ayers,F,11th,Griffin High School,94,80
13245,Denise Perkins,F,9th,Griffin High School,95,68
13246,Patricia Schroeder,F,10th,Griffin High School,77,82
13247,Lisa Graham,F,11th,Griffin High School,75,69
13248,Christopher Collins,M,10th,Griffin High School,97,69
13249,Steven Curtis,M,9th,Griffin High School,74,85
13250,Ernest Hill,M,9th,Griffin High School,94,97
13251,Tina Sellers,F,9th,Griffin High School,94,71
13252,Jonathan Elliott,M,9th,Griffin High School,99,70
13253,Angela Allen,F,10th,Griffin High School,85,74
13254,Corey Smith,M,12th,Griffin High School,93,81
13255,Jared White,M,11th,Griffin High School,76,89
13256,Sandra Jordan,F,12th,Griffin High School,94,87
13257,Keith Daugherty,M,10th,Griffin High School,91,80
13258,Brittany Smith,F,11th,Griffin High School,98,91
13259,Leslie Reyes,F,12th,Griffin High School,95,81
13260,Daniel Daniels,M,10th,Griffin High School,91,82
13261,Rachel Herman,F,11th,Griffin High School,91,73
13262,Maria Dennis,F,9th,Griffin High School,84,80
13263,Abigail Adams,F,11th,Griffin High School,88,73
13264,Kevin Ward,M,11th,Griffin High School,95,87
13265,Michael Miller,M,11th,Griffin High School,84,75
13266,Jaime Rivas,M,11th,Griffin High School,75,81
13267,William Lopez,M,10th,Griffin High School,94,68
13268,David Tucker,M,10th,Griffin High School,95,78
13269,Elizabeth Martin,F,12th,Griffin High School,72,85
13270,Xavier Lynch,M,11th,Griffin High School,95,72
13271,Paula Atkinson,F,10th,Griffin High School,96,76
13272,Jordan Mcneil,M,11th,Griffin High School,79,98
13273,Cole Jones,M,10th,Griffin High School,95,69
13274,Sarah Charles,F,11th,Griffin High School,89,84
13275,Cindy Carter,F,11th,Griffin High School,92,78
13276,Matthew Rivera,M,11th,Griffin High School,97,95
13277,Mindy Zuniga,F,9th,Griffin High School,89,82
13278,Olivia Lewis,F,11th,Griffin High School,85,78
13279,Timothy Guzman Jr.,M,9th,Griffin High School,95,96
13280,Bradley Johnson,M,12th,Griffin High School,99,69
13281,Angela Kaufman,F,9th,Griffin High School,78,75
13282,Kevin Coleman,M,11th,Griffin High School,73,70
13283,Jody Marks,F,9th,Griffin High School,80,98
13284,Frank White,M,10th,Griffin High School,85,87
13285,Bradley Vargas,M,12th,Griffin High School,85,96
13286,Heather Mitchell,F,9th,Griffin High School,74,85
13287,Patricia Pugh,F,12th,Griffin High School,98,87
13288,Ronald Cruz,M,9th,Griffin High School,91,83
13289,Karen Mckenzie,F,10th,Griffin High School,81,81
13290,Karina Andrade,F,11th,Griffin High School,80,68
13291,Stephanie Henson,F,11th,Griffin High School,97,85
13292,Jerry Sawyer,M,12th,Griffin High School,77,84
13293,Kevin Perkins,M,10th,Griffin High School,90,77
13294,John Anderson,M,11th,Griffin High School,80,88
13295,Daniel Davila,M,12th,Griffin High School,89,72
13296,Casey Jackson,M,10th,Griffin High School,97,84
13297,Timothy Murphy,M,12th,Griffin High School,91,69
13298,Kristen Curtis,F,9th,Griffin High School,97,96
13299,Lawrence Mitchell,M,11th,Griffin High School,78,91
13300,Ashley Smith,F,9th,Griffin High School,86,79
13301,Eric Lewis,M,10th,Griffin High School,92,72
13302,Laura Lyons,F,11th,Griffin High School,86,75
13303,Michelle Garcia,F,12th,Griffin High School,74,87
13304,Alexander Thomas,M,9th,Griffin High School,82,76
13305,Rebecca Gregory,F,10th,Griffin High School,84,83
13306,Latasha Pineda,F,12th,Griffin High School,69,76
13307,James Lewis,M,12th,Griffin High School,76,72
13308,Ryan Martinez,M,11th,Griffin High School,99,97
13309,Brenda Gonzalez,F,11th,Griffin High School,92,95
13310,Deborah Richardson,F,11th,Griffin High School,74,73
13311,Jason Fritz,M,10th,Griffin High School,94,79
13312,Andrew Miller,M,9th,Griffin High School,83,80
13313,Andrew Rivera,M,9th,Griffin High School,82,90
13314,Cathy Henderson,F,11th,Griffin High School,89,96
13315,David Trujillo,M,9th,Griffin High School,76,74
13316,Monica Ingram,F,10th,Griffin High School,87,91
13317,Amanda Mitchell,F,12th,Griffin High School,84,93
13318,Joshua Clark,M,12th,Griffin High School,70,92
13319,Miguel Wells,M,9th,Griffin High School,83,95
13320,Adam Oconnor,M,9th,Griffin High School,76,73
13321,Richard Ward,M,12th,Griffin High School,74,81
13322,Wendy Rogers,F,9th,Griffin High School,76,83
13323,Mrs. Kelly Hall,F,9th,Griffin High School,74,97
13324,Lindsey Rowe,F,12th,Griffin High School,97,87
13325,Joan Beck,F,11th,Griffin High School,75,88
13326,Dominique Copeland,F,10th,Griffin High School,75,76
13327,Marcus Sparks,M,10th,Griffin High School,90,73
13328,Kayla Lowe,F,12th,Griffin High School,71,92
13329,Andrew Woods,M,9th,Griffin High School,76,81
13330,Dana Park,F,10th,Griffin High School,79,99
13331,Daniel Harrington,M,10th,Griffin High School,77,80
13332,Tanya Cox,F,9th,Griffin High School,73,88
13333,Diane Crawford,F,12th,Griffin High School,78,93
13334,Joseph Park,M,9th,Griffin High School,93,81
13335,Marcus Ruiz,M,10th,Griffin High School,98,86
13336,Ana Thompson,F,9th,Griffin High School,94,83
13337,Adam Cain,M,9th,Griffin High School,75,83
13338,Ashley Hester,F,11th,Griffin High School,72,90
13339,Daniel White,M,10th,Griffin High School,95,94
13340,Michael Richards,M,11th,Griffin High School,84,70
13341,Robert Jones,M,10th,Griffin High School,73,89
13342,Adam Hill,M,10th,Griffin High School,89,83
13343,Alex Gill,M,11th,Griffin High School,89,84
13344,James Valdez,M,10th,Griffin High School,84,94
13345,Michael Davis,M,10th,Griffin High School,80,92
13346,Robert Sanders,M,11th,Griffin High School,88,90
13347,Erica Haynes,F,9th,Griffin High School,70,87
13348,Nicole Wall,F,9th,Griffin High School,74,99
13349,Judith Bartlett,F,11th,Griffin High School,85,87
13350,Jeff Terry,M,9th,Griffin High School,97,69
13351,Justin Diaz,M,11th,Griffin High School,71,70
13352,Michaela Gonzalez,F,10th,Griffin High School,75,83
13353,Tara Green,F,9th,Griffin High School,81,85
13354,Kurt Evans,M,11th,Griffin High School,94,82
13355,Sarah Krause,F,9th,Griffin High School,81,68
13356,Kelly Gutierrez,F,11th,Griffin High School,88,83
13357,Ronald Fernandez,M,10th,Griffin High School,88,86
13358,Laura Scott,F,11th,Griffin High School,95,99
13359,Catherine Johnson,F,9th,Griffin High School,99,77
13360,James Moore,M,11th,Griffin High School,74,76
13361,Christina Davis,F,12th,Griffin High School,80,83
13362,Karen Maxwell,F,9th,Griffin High School,83,95
13363,Jose Ward,M,9th,Griffin High School,75,74
13364,Nicholas Lam,M,10th,Griffin High School,92,89
13365,Kathleen Morrison,F,11th,Griffin High School,96,92
13366,Seth Miller,M,12th,Griffin High School,73,76
13367,Dawn Castillo,F,10th,Griffin High School,91,79
13368,Lucas Kaiser,M,9th,Griffin High School,96,94
13369,Paul Jones,M,12th,Griffin High School,92,94
13370,Debra Jimenez,F,11th,Griffin High School,83,78
13371,Laura Hooper,F,10th,Griffin High School,72,89
13372,Joseph Adams,M,9th,Griffin High School,91,71
13373,Karl Terry,M,12th,Griffin High School,91,96
13374,John Martinez,M,9th,Griffin High School,87,86
13375,Zachary Mcguire,M,12th,Griffin High School,95,69
13376,Michael Hunter,M,10th,Griffin High School,70,95
13377,Jodi Green,F,11th,Griffin High School,93,83
13378,Gloria Paul,F,10th,Griffin High School,96,91
13379,William Garcia,M,10th,Griffin High School,71,76
13380,Erika Espinoza,F,9th,Griffin High School,70,74
13381,Dean Jackson,M,10th,Griffin High School,73,97
13382,Jacob Elliott,M,9th,Griffin High School,77,68
13383,Cameron Williams,M,9th,Griffin High School,83,71
13384,Leah Ortega,F,12th,Griffin High School,80,72
13385,Walter Stephens,M,10th,Griffin High School,79,95
13386,Amanda Allen,F,10th,Griffin High School,91,97
13387,Sarah Rasmussen,F,12th,Griffin High School,82,84
13388,Manuel Nixon,M,9th,Griffin High School,82,85
13389,Sarah Gonzalez,F,12th,Griffin High School,74,75
13390,Hector Snyder,M,11th,Griffin High School,76,74
13391,Arthur Jordan,M,10th,Griffin High School,71,82
13392,Maria Harris,F,10th,Griffin High School,92,73
13393,Jean Allen,F,10th,Griffin High School,92,93
13394,Ashley Hernandez,F,11th,Griffin High School,73,85
13395,Lori Martinez,F,11th,Griffin High School,73,94
13396,Daisy Powers,F,11th,Griffin High School,93,99
13397,Tammy Nelson,F,11th,Griffin High School,82,98
13398,Nicolas Turner,M,10th,Griffin High School,88,92
13399,Lisa Johnson,F,11th,Griffin High School,93,97
13400,Andrew Vargas,M,10th,Griffin High School,74,79
13401,Michele Johnston,F,9th,Griffin High School,76,78
13402,Jacob Frye,M,12th,Griffin High School,83,74
13403,Jennifer Johnson,F,10th,Griffin High School,87,95
13404,Autumn Ramos,F,11th,Griffin High School,91,73
13405,Brooke Blake,F,12th,Griffin High School,74,73
13406,Michael Pham,M,11th,Griffin High School,89,89
13407,Gilbert Griffin,M,9th,Griffin High School,79,97
13408,Crystal Olsen,F,9th,Griffin High School,84,78
13409,Robert Cox,M,12th,Griffin High School,86,71
13410,Angela Carey,F,10th,Griffin High School,90,85
13411,Jennifer Murray,F,10th,Griffin High School,85,84
13412,Melissa Burns,F,9th,Griffin High School,92,79
13413,Andrew Duncan,M,9th,Griffin High School,75,83
13414,Phyllis Alvarez,F,9th,Griffin High School,81,70
13415,Trevor Howard,M,10th,Griffin High School,94,82
13416,Debra Small,F,10th,Griffin High School,90,98
13417,William Nichols,M,11th,Griffin High School,71,75
13418,Sabrina Smith,F,10th,Griffin High School,96,89
13419,Andrew Barrera,M,11th,Griffin High School,86,79
13420,Lindsey Walsh,F,11th,Griffin High School,92,94
13421,Shelly Huffman,F,11th,Griffin High School,83,76
13422,Brianna Wright,F,9th,Griffin High School,94,76
13423,Scott Young,M,12th,Griffin High School,91,82
13424,Tina Moore,F,12th,Griffin High School,87,95
13425,Ashley Pennington,F,9th,Griffin High School,70,98
13426,Kristine Johnson,F,12th,Griffin High School,82,83
13427,Justin Howard,M,11th,Griffin High School,91,91
13428,Mary Horn,F,12th,Griffin High School,79,81
13429,Justin Warren,M,9th,Griffin High School,79,73
13430,Jillian Murphy,F,9th,Griffin High School,99,97
13431,Ryan Abbott,M,10th,Griffin High School,87,81
13432,Timothy Dickerson,M,10th,Griffin High School,85,94
13433,Kim Burton,F,9th,Griffin High School,77,83
13434,Cindy Cox,F,12th,Griffin High School,72,82
13435,Meghan Valentine,F,10th,Griffin High School,84,92
13436,Grace Beasley,F,11th,Griffin High School,90,77
13437,Thomas Glover,M,10th,Griffin High School,74,84
13438,Miguel Hunter,M,9th,Griffin High School,71,89
13439,Elizabeth Hull,F,9th,Griffin High School,69,81
13440,Jordan Miller,M,12th,Griffin High School,76,75
13441,Laura Simpson,F,10th,Griffin High School,78,93
13442,Sean Parsons,M,10th,Griffin High School,96,83
13443,Norma Harris,F,9th,Griffin High School,93,95
13444,Mary Rogers,F,9th,Griffin High School,76,71
13445,Shawn Ruiz,M,11th,Griffin High School,75,78
13446,John Smith,M,10th,Griffin High School,72,75
13447,David Miller,M,10th,Griffin High School,74,74
13448,Denise Wilson,F,12th,Griffin High School,73,88
13449,Amber Mccoy,F,12th,Griffin High School,90,79
13450,Ashley Beltran,F,10th,Griffin High School,87,90
13451,Phillip Lewis,M,12th,Griffin High School,71,91
13452,Amanda Williams,F,10th,Griffin High School,81,68
13453,Karina Greer,F,11th,Griffin High School,93,78
13454,David Nunez,M,12th,Griffin High School,92,77
13455,Catherine Morrow,F,11th,Griffin High School,92,83
13456,Christopher Ortiz,M,9th,Griffin High School,99,70
13457,Jeffrey Banks,M,10th,Griffin High School,92,79
13458,Thomas Gutierrez,M,11th,Griffin High School,70,78
13459,William Cox,M,9th,Griffin High School,71,78
13460,Whitney Luna,F,12th,Griffin High School,86,91
13461,Ryan Sanders,M,9th,Griffin High School,69,70
13462,Hayley Fletcher,F,11th,Griffin High School,94,75
13463,Jill Wilkins,F,12th,Griffin High School,98,83
13464,Gregory King,M,10th,Griffin High School,95,70
13465,Regina Cantrell,F,11th,Griffin High School,70,92
13466,Charles Zavala,M,9th,Griffin High School,94,74
13467,April Smith,F,12th,Griffin High School,95,74
13468,Christopher Knight,M,11th,Griffin High School,70,71
13469,Stacey Burns,F,9th,Griffin High School,69,94
13470,Alfred Foster,M,11th,Griffin High School,71,84
13471,Stacy Kerr,F,11th,Griffin High School,69,71
13472,Yolanda Day,F,10th,Griffin High School,80,90
13473,Julie Roberts,F,10th,Griffin High School,81,96
13474,Alex Butler,M,11th,Griffin High School,83,95
13475,Adam Rodriguez,M,9th,Griffin High School,72,95
13476,Kirk Ferguson,M,10th,Griffin High School,92,79
13477,Stacy Jones,F,11th,Griffin High School,95,95
13478,Gregory Woods,M,10th,Griffin High School,85,73
13479,Amanda Patel,F,11th,Griffin High School,92,97
13480,Victor Phelps,M,12th,Griffin High School,91,80
13481,Nancy Morgan,F,10th,Griffin High School,94,87
13482,John Perez,M,9th,Griffin High School,76,89
13483,Tonya Harrington,F,10th,Griffin High School,73,72
13484,Ryan Santana,M,11th,Griffin High School,91,83
13485,Judith Moreno,F,9th,Griffin High School,70,79
13486,James Cooley,M,9th,Griffin High School,92,78
13487,Anthony Lee,M,9th,Griffin High School,72,80
13488,Jasmine Adkins,F,11th,Griffin High School,81,89
13489,David Morris,M,10th,Griffin High School,76,94
13490,Anthony Hughes,M,11th,Griffin High School,83,99
13491,Jeanne Carter,F,10th,Griffin High School,82,96
13492,Maria Parker,F,9th,Griffin High School,75,75
13493,John Brown,M,12th,Griffin High School,96,86
13494,Michael Donovan,M,10th,Griffin High School,95,88
13495,Michelle Cruz,F,11th,Griffin High School,98,93
13496,Joseph Miller,M,10th,Griffin High School,80,84
13497,Shane Clark,M,10th,Griffin High School,99,99
13498,Shannon Hart,F,12th,Griffin High School,83,89
13499,Jason Parker,M,10th,Griffin High School,85,89
13500,Rebecca Miller,F,10th,Griffin High School,92,73
13501,Thomas Lynch,M,9th,Griffin High School,70,83
13502,Michael Lloyd,M,9th,Griffin High School,79,76
13503,Melissa Lynch,F,11th,Griffin High School,81,75
13504,James Lucas,M,11th,Griffin High School,70,80
13505,Melvin Jackson,M,9th,Griffin High School,87,84
13506,Matthew Wolf,M,12th,Griffin High School,72,68
13507,Linda Stone,F,12th,Griffin High School,70,68
13508,William Brown,M,9th,Griffin High School,99,79
13509,Susan Edwards,F,10th,Griffin High School,72,85
13510,Christopher Sharp,M,11th,Griffin High School,71,96
13511,Danielle Anderson,F,9th,Griffin High School,81,72
13512,Tiffany Church,F,11th,Griffin High School,80,91
13513,Virginia Bell,F,10th,Griffin High School,88,77
13514,Renee Abbott,F,11th,Griffin High School,97,97
13515,Nicole Terry,F,11th,Griffin High School,89,98
13516,Anthony Simmons,M,10th,Griffin High School,78,81
13517,Jerry Santiago,M,9th,Griffin High School,96,95
13518,Christina Frey,F,12th,Griffin High School,86,70
13519,Thomas Taylor,M,12th,Griffin High School,95,89
13520,Daniel Burgess,M,11th,Griffin High School,77,73
13521,Frank Acosta,M,10th,Griffin High School,90,92
13522,Blake King,M,11th,Griffin High School,94,91
13523,Samantha Gregory,F,12th,Griffin High School,74,92
13524,Phillip Murphy,M,11th,Griffin High School,69,77
13525,Zachary Holden,M,11th,Griffin High School,81,68
13526,Rachel Wolf,F,9th,Griffin High School,87,94
13527,Melissa Tate,F,10th,Griffin High School,86,98
13528,Brian Green,M,10th,Griffin High School,73,96
13529,Gregory Chandler,M,9th,Griffin High School,77,81
13530,Robert Fuller,M,9th,Griffin High School,88,71
13531,Brittany Snow,F,10th,Griffin High School,72,88
13532,James Mills,M,9th,Griffin High School,87,70
13533,Eric Cox,M,10th,Griffin High School,75,77
13534,Ashley Bell,F,9th,Griffin High School,69,75
13535,Kenneth Gordon,M,12th,Griffin High School,73,95
13536,Jesse Mendoza,M,9th,Griffin High School,83,83
13537,Richard Quinn,M,9th,Griffin High School,73,90
13538,Jenny Brady,F,9th,Griffin High School,82,87
13539,Michael Floyd,M,10th,Griffin High School,91,94
13540,Mario Thomas,M,9th,Griffin High School,78,87
13541,Scott Walters,M,10th,Griffin High School,75,96
13542,Alyssa Haynes,F,12th,Griffin High School,87,83
13543,Alexandra Walker,F,9th,Griffin High School,73,97
13544,Ariana Barton,F,12th,Griffin High School,91,86
13545,Sara Scott,F,12th,Griffin High School,71,85
13546,Tina Waters,F,12th,Griffin High School,76,74
13547,Emily Gonzalez,F,11th,Griffin High School,73,82
13548,Curtis Gill,M,9th,Griffin High School,71,96
13549,Daniel Smith,M,11th,Griffin High School,81,80
13550,Ryan Sanchez,M,10th,Griffin High School,99,69
13551,Jessica Wong,F,9th,Griffin High School,89,85
13552,Robert Christensen,M,12th,Griffin High School,72,91
13553,Nicolas Schultz,M,9th,Griffin High School,96,75
13554,Kelly Williams,F,9th,Griffin High School,99,99
13555,Steven Williams,M,12th,Griffin High School,86,81
13556,Richard Mitchell,M,12th,Griffin High School,72,72
13557,Melissa Smith,F,10th,Griffin High School,81,82
13558,Samuel Valencia,M,10th,Griffin High School,90,70
13559,Jessica Adams,F,12th,Griffin High School,96,97
13560,Joseph Rios,M,12th,Griffin High School,92,95
13561,Cindy Hall,F,10th,Griffin High School,80,99
13562,Todd Knight,M,11th,Griffin High School,80,98
13563,Kristie Fowler,F,9th,Griffin High School,87,74
13564,Donna Vega,F,9th,Griffin High School,87,71
13565,Michelle Pham,F,9th,Griffin High School,99,78
13566,Cassandra Rosales,F,10th,Griffin High School,83,90
13567,Christine Fisher,F,9th,Griffin High School,70,77
13568,Howard Cole,M,9th,Griffin High School,92,70
13569,Charles Johnson,M,12th,Griffin High School,70,74
13570,Rodney Glover,M,11th,Griffin High School,72,75
13571,Michael Scott,M,11th,Griffin High School,81,82
13572,Jeffrey Zhang,M,9th,Griffin High School,85,95
13573,Sophia Parsons,F,9th,Griffin High School,97,69
13574,Lauren Nicholson,F,12th,Griffin High School,84,73
13575,Jamie Hopkins,F,11th,Griffin High School,97,77
13576,Amy Stephenson ,F,11th,Griffin High School,94,81
13577,William Donaldson,M,10th,Griffin High School,87,76
13578,Daniel Hughes,M,12th,Griffin High School,81,89
13579,George Hendricks,M,11th,Griffin High School,70,69
13580,Timothy Berry,M,11th,Griffin High School,89,78
13581,Jeremy Stout,M,11th,Griffin High School,70,88
13582,Jason Peterson,M,12th,Griffin High School,98,92
13583,Jason Morales,M,11th,Griffin High School,83,84
13584,Jeffrey Cabrera,M,9th,Griffin High School,70,80
13585,Todd Anderson,M,9th,Griffin High School,71,99
13586,Amanda Snyder,F,12th,Griffin High School,82,69
13587,Ernest Hunter,M,10th,Griffin High School,81,83
13588,Nicholas Perez,M,9th,Griffin High School,73,89
13589,Steven Medina,M,9th,Griffin High School,87,82
13590,Timothy Flowers,M,11th,Griffin High School,95,77
13591,Adam Hall,M,10th,Griffin High School,69,84
13592,Daniel Kelley,M,12th,Griffin High School,95,95
13593,Colleen Guzman,F,12th,Griffin High School,91,94
13594,Rodney Mccarty,M,9th,Griffin High School,83,77
13595,Emily Ingram,F,12th,Griffin High School,86,99
13596,Stephen Black ,M,9th,Griffin High School,86,93
13597,Joseph Rodriguez,M,11th,Griffin High School,97,97
13598,Michael Rowe,M,11th,Griffin High School,99,97
13599,Jennifer Ryan,F,10th,Griffin High School,94,80
13600,Kimberly Nelson,F,11th,Griffin High School,98,80
13601,Tammy Mccoy,F,11th,Griffin High School,76,90
13602,Tina Roberts,F,10th,Griffin High School,72,71
13603,Victoria Thomas,F,9th,Griffin High School,96,85
13604,Thomas Campbell,M,9th,Griffin High School,95,69
13605,Michael Klein,M,9th,Griffin High School,85,76
13606,Leslie Warren,F,12th,Griffin High School,84,88
13607,Phillip Love,M,9th,Griffin High School,71,87
13608,Michael Moore,M,11th,Griffin High School,83,89
13609,Diana Bartlett,F,12th,Griffin High School,99,70
13610,Christopher Murillo,M,11th,Griffin High School,98,90
13611,Austin Henderson,M,9th,Griffin High School,92,71
13612,Tami Dunlap,F,9th,Griffin High School,86,71
13613,Raymond Price,M,12th,Griffin High School,79,86
13614,Robert Flores,M,11th,Griffin High School,95,94
13615,Kimberly Hudson,F,12th,Griffin High School,70,88
13616,Bonnie Owen,F,10th,Griffin High School,75,76
13617,Thomas Calderon,M,9th,Griffin High School,96,92
13618,Anthony Montgomery,M,12th,Griffin High School,80,82
13619,William Hernandez,M,9th,Griffin High School,75,70
13620,John Reed,M,10th,Griffin High School,82,72
13621,Steven Martin,M,11th,Griffin High School,72,90
13622,Cynthia Coleman,F,11th,Griffin High School,73,83
13623,Aaron Maldonado,M,9th,Griffin High School,73,97
13624,Kendra Burgess,F,10th,Griffin High School,79,88
13625,Zachary Hardy,M,11th,Griffin High School,81,71
13626,Wayne Richmond,M,9th,Griffin High School,88,83
13627,Steven Clark,M,9th,Griffin High School,90,78
13628,Brittney Watts,F,9th,Griffin High School,82,81
13629,Ryan Hall,M,11th,Griffin High School,74,85
13630,Joann Thomas,F,11th,Griffin High School,93,79
13631,Laura Carlson,F,9th,Griffin High School,99,94
13632,Hannah Potts,F,10th,Griffin High School,92,90
13633,Darren Huff,M,9th,Griffin High School,79,98
13634,Aaron Evans,M,11th,Griffin High School,74,83
13635,Stephanie Williams,F,10th,Griffin High School,86,84
13636,Cameron Carroll,M,10th,Griffin High School,83,99
13637,Kristen Castillo,F,11th,Griffin High School,77,77
13638,Steven Smith,M,12th,Griffin High School,74,95
13639,Lisa Burns,F,10th,Griffin High School,76,71
13640,Tyler Perry,M,10th,Griffin High School,96,85
13641,Jaime Lee,M,11th,Griffin High School,89,79
13642,Christopher Payne,M,9th,Griffin High School,72,73
13643,Amy Martin,F,12th,Griffin High School,83,91
13644,Kyle Landry,M,10th,Griffin High School,95,71
13645,Daryl Smith,M,9th,Griffin High School,74,83
13646,Nicole Mcdowell,F,10th,Griffin High School,75,73
13647,Sandra Cummings,F,9th,Griffin High School,82,80
13648,Mark Hart,M,10th,Griffin High School,71,92
13649,Michelle Estrada,F,11th,Griffin High School,97,75
13650,Gina Patton,F,9th,Griffin High School,90,85
13651,Justin Nielsen,M,9th,Griffin High School,96,78
13652,Elizabeth Sherman,F,10th,Griffin High School,75,83
13653,Nathan Carpenter,M,11th,Griffin High School,96,82
13654,Stuart Gross ,M,12th,Griffin High School,91,98
13655,Roger Lane,M,9th,Griffin High School,87,81
13656,Michael Hardy ,M,12th,Griffin High School,96,87
13657,Mark Porter,M,10th,Griffin High School,78,93
13658,Nicholas Miller,M,10th,Griffin High School,90,98
13659,Amanda Gray,F,9th,Griffin High School,94,69
13660,Brent Wells,M,12th,Griffin High School,92,78
13661,Angela Kennedy,F,11th,Griffin High School,71,70
13662,Teresa Perry,F,12th,Griffin High School,86,96
13663,Paul Robertson,M,10th,Griffin High School,75,87
13664,Nicholas Clarke,M,12th,Griffin High School,72,73
13665,Lacey Anderson,F,10th,Griffin High School,77,83
13666,Sheri Reynolds,F,12th,Griffin High School,91,98
13667,Sandra Brewer,F,11th,Griffin High School,84,88
13668,Lindsey Stewart,F,9th,Griffin High School,72,79
13669,Brandy Becker,F,11th,Griffin High School,86,96
13670,Mary Jensen,F,9th,Griffin High School,78,93
13671,Danielle Moreno,F,10th,Griffin High School,70,78
13672,Judy Nguyen,F,12th,Griffin High School,72,91
13673,Troy Wall,M,11th,Griffin High School,71,88
13674,Paul Leblanc,M,9th,Griffin High School,99,98
13675,Kenneth Chase,M,9th,Griffin High School,72,86
13676,Tonya Owens,F,11th,Griffin High School,69,74
13677,Gerald Paul,M,10th,Griffin High School,77,83
13678,Robert Vega,M,10th,Griffin High School,93,92
13679,Mrs. Anna Everett ,F,9th,Griffin High School,77,80
13680,Brian Martinez,M,12th,Griffin High School,85,74
13681,Danielle Howard,F,10th,Griffin High School,71,70
13682,Ruth Buchanan,F,11th,Griffin High School,92,86
13683,Joshua Young,M,11th,Griffin High School,82,98
13684,Theresa Ball,F,9th,Griffin High School,85,84
13685,Kelly Moore,F,10th,Griffin High School,85,97
13686,Andrew Adams,M,11th,Griffin High School,74,96
13687,Michelle Jones,F,12th,Griffin High School,97,75
13688,Mrs. Robin Lopez ,F,9th,Griffin High School,75,75
13689,Tammy Little,F,12th,Griffin High School,83,80
13690,Nicholas Hale,M,9th,Griffin High School,81,95
13691,Elizabeth Benson,F,9th,Griffin High School,72,70
13692,Scott Anderson,M,12th,Griffin High School,97,92
13693,Dawn Marquez,F,12th,Griffin High School,72,96
13694,Alexa Morris,F,9th,Griffin High School,99,75
13695,William Lloyd,M,9th,Griffin High School,97,74
13696,Douglas Yoder,M,11th,Griffin High School,84,71
13697,Joseph Ramirez,M,9th,Griffin High School,69,88
13698,Casey Hogan,M,9th,Griffin High School,80,72
13699,Jennifer Poole,F,9th,Griffin High School,74,78
13700,Robert Jones,M,11th,Griffin High School,79,75
13701,Michael Jones,M,11th,Griffin High School,77,87
13702,Mary Parrish,F,10th,Griffin High School,75,93
13703,Steven Kim,M,10th,Griffin High School,81,98
13704,Edward Ross,M,9th,Griffin High School,88,79
13705,Tony Howard,M,9th,Griffin High School,80,88
13706,Amanda Kelly,F,9th,Griffin High School,71,86
13707,Tanya Brown,F,10th,Griffin High School,97,78
13708,Ashley White,F,9th,Griffin High School,72,80
13709,Andrea Marquez,F,11th,Griffin High School,98,89
13710,Tammie Robinson,F,10th,Griffin High School,92,92
13711,Andrew Foster,M,10th,Griffin High School,74,92
13712,Angel Lee,F,9th,Griffin High School,94,71
13713,Kimberly Garrison,F,11th,Griffin High School,82,73
13714,Beverly Herring,F,10th,Griffin High School,98,79
13715,Tyler Russo,M,9th,Griffin High School,93,80
13716,Lance Price,M,9th,Griffin High School,81,70
13717,David James,M,11th,Griffin High School,78,82
13718,Michelle Snow,F,11th,Griffin High School,87,99
13719,Mikayla Lara,F,10th,Griffin High School,94,94
13720,David Arnold,M,12th,Griffin High School,81,71
13721,Kayla Lopez,F,11th,Griffin High School,98,86
13722,Sabrina Douglas,F,9th,Griffin High School,90,85
13723,Tyler Smith,M,9th,Griffin High School,89,95
13724,Daniel Phillips,M,12th,Griffin High School,82,74
13725,Jonathan Pollard,M,9th,Griffin High School,90,94
13726,Sarah Shah,F,9th,Griffin High School,99,75
13727,Megan Bennett,F,10th,Griffin High School,80,91
13728,Donald Barnett,M,12th,Griffin High School,91,96
13729,Kent Miller,M,9th,Griffin High School,91,99
13730,Kelli Anderson,F,10th,Wilson High School,84,71
13731,Russell Ramirez,M,10th,Wilson High School,72,87
13732,Eric Butler,M,10th,Wilson High School,97,82
13733,Warren Kerr,M,11th,Wilson High School,93,68
13734,Gail Hall,F,9th,Wilson High School,79,72
13735,Angela Walters,F,9th,Wilson High School,80,91
13736,Brandi Davila,F,11th,Wilson High School,92,95
13737,Natasha Williams,F,10th,Wilson High School,75,71
13738,James Owens,M,12th,Wilson High School,96,94
13739,Tamara Torres,F,9th,Wilson High School,84,76
13740,Emma Day,F,9th,Wilson High School,77,80
13741,David Brooks,M,10th,Wilson High School,75,75
13742,Madison Gregory,F,9th,Wilson High School,91,90
13743,Michael Clark,M,9th,Wilson High School,87,92
13744,Nathaniel Smith,M,9th,Wilson High School,90,87
13745,Cassandra Lopez,F,11th,Wilson High School,96,99
13746,Joseph Miller,M,11th,Wilson High School,98,74
13747,Nicholas Good,M,9th,Wilson High School,84,98
13748,Tracy Allen,F,12th,Wilson High School,86,71
13749,Candice Fischer,F,12th,Wilson High School,82,76
13750,Crystal Taylor,F,12th,Wilson High School,79,94
13751,Maria Swanson,F,10th,Wilson High School,72,95
13752,Kimberly Johnson,F,12th,Wilson High School,86,86
13753,Amber Parker,F,9th,Wilson High School,70,93
13754,Nathan Garcia,M,11th,Wilson High School,73,95
13755,Elizabeth Peterson ,F,10th,Wilson High School,91,78
13756,Jimmy Bell,M,9th,Wilson High School,78,84
13757,Eric Craig,M,9th,Wilson High School,98,72
13758,Alexis Hayes,F,9th,Wilson High School,97,82
13759,Jasmine Donovan,F,11th,Wilson High School,94,80
13760,Kayla Glenn,F,10th,Wilson High School,70,72
13761,Daniel Johnson,M,10th,Wilson High School,83,98
13762,Nicholas Jones,M,11th,Wilson High School,87,74
13763,Daniel Nash,M,10th,Wilson High School,70,95
13764,Kyle Price,M,10th,Wilson High School,81,70
13765,Donna Marks,F,9th,Wilson High School,86,74
13766,Erica Rice,F,9th,Wilson High School,92,72
13767,Theresa Rodriguez,F,11th,Wilson High School,78,79
13768,Chelsea Stanley,F,12th,Wilson High School,96,79
13769,Karina Glass,F,11th,Wilson High School,72,89
13770,David Scott,M,10th,Wilson High School,84,92
13771,Jeanette Parks,F,9th,Wilson High School,92,72
13772,Ryan Parker,M,9th,Wilson High School,79,79
13773,Tim Hart,M,10th,Wilson High School,71,91
13774,Christine Cline,F,11th,Wilson High School,72,88
13775,Kelsey Adams,F,12th,Wilson High School,80,70
13776,Benjamin Mathis,M,10th,Wilson High School,71,70
13777,Jacob Reed,M,12th,Wilson High School,73,86
13778,Brittany Rivera,F,11th,Wilson High School,73,81
13779,James Murphy,M,12th,Wilson High School,97,84
13780,Brandon Sparks,M,11th,Wilson High School,84,96
13781,Robert Garcia,M,9th,Wilson High School,81,69
13782,Ryan Cunningham,M,12th,Wilson High School,93,73
13783,Angela Glass,F,10th,Wilson High School,75,77
13784,Adrian Morrow,M,9th,Wilson High School,93,80
13785,Jared Wood,M,11th,Wilson High School,85,72
13786,Austin Butler,M,10th,Wilson High School,71,98
13787,Justin Mcdowell,M,12th,Wilson High School,87,70
13788,Scott Tapia,M,10th,Wilson High School,87,92
13789,Tiffany Gardner,F,10th,Wilson High School,77,90
13790,Kayla Ingram,F,10th,Wilson High School,94,74
13791,Bruce Sanchez,M,9th,Wilson High School,75,80
13792,Alan Jackson,M,9th,Wilson High School,87,97
13793,James Payne,M,10th,Wilson High School,86,88
13794,Robert Brown,M,11th,Wilson High School,86,80
13795,Christopher Patterson,M,12th,Wilson High School,85,88
13796,Amanda Sherman,F,12th,Wilson High School,85,93
13797,David Nguyen,M,11th,Wilson High School,81,82
13798,Stephanie Rojas,F,9th,Wilson High School,76,96
13799,Shannon Taylor,F,12th,Wilson High School,76,90
13800,Robert Hines,M,9th,Wilson High School,96,78
13801,Michael Hall,M,9th,Wilson High School,76,92
13802,Anna Bates,F,9th,Wilson High School,74,79
13803,William Ellis,M,11th,Wilson High School,76,81
13804,Timothy Cohen,M,9th,Wilson High School,96,71
13805,Karen Mcmillan,F,9th,Wilson High School,74,83
13806,Valerie Hayes,F,12th,Wilson High School,71,92
13807,Nicole Fitzpatrick,F,11th,Wilson High School,77,69
13808,Angela Franklin,F,12th,Wilson High School,82,96
13809,Marilyn Vasquez ,F,9th,Wilson High School,74,71
13810,Richard Thomas,M,11th,Wilson High School,82,74
13811,Zachary Allen,M,12th,Wilson High School,69,90
13812,Jennifer Smith,F,10th,Wilson High School,79,90
13813,Emily Diaz,F,10th,Wilson High School,86,93
13814,Jerry Franklin,M,10th,Wilson High School,91,97
13815,Craig Williams,M,12th,Wilson High School,74,74
13816,Daniel Brown,M,11th,Wilson High School,99,80
13817,Stephanie Lynn,F,9th,Wilson High School,85,87
13818,Jasmine Meyer,F,11th,Wilson High School,96,68
13819,Jack Reed,M,10th,Wilson High School,98,94
13820,Michelle Mills,F,9th,Wilson High School,83,89
13821,Dawn Stevens,F,10th,Wilson High School,80,76
13822,Benjamin Smith,M,12th,Wilson High School,86,73
13823,Penny Francis,F,9th,Wilson High School,91,94
13824,Allison Baker,F,12th,Wilson High School,79,79
13825,Howard James,M,12th,Wilson High School,99,98
13826,Kerri Bryan,F,11th,Wilson High School,79,89
13827,Norma Greene,F,12th,Wilson High School,72,68
13828,Joshua Phelps,M,9th,Wilson High School,74,78
13829,Spencer Hernandez,M,11th,Wilson High School,75,96
13830,Paul Harris,M,9th,Wilson High School,71,75
13831,Andre Mcdaniel,M,10th,Wilson High School,81,86
13832,Jessica Pearson,F,11th,Wilson High School,73,92
13833,Sydney Larson,F,12th,Wilson High School,85,83
13834,Jason Parks,M,11th,Wilson High School,75,79
13835,Nicole King,F,11th,Wilson High School,86,89
13836,Beverly Sanders,F,11th,Wilson High School,76,85
13837,Jordan White,M,9th,Wilson High School,89,75
13838,Sabrina Park,F,10th,Wilson High School,84,80
13839,Parker Oliver,M,9th,Wilson High School,76,74
13840,Angela Johns,F,9th,Wilson High School,81,94
13841,Carrie Lloyd,F,10th,Wilson High School,86,85
13842,Samantha Spears,F,11th,Wilson High School,96,91
13843,April Valenzuela,F,11th,Wilson High School,75,79
13844,Zachary Shields ,M,10th,Wilson High School,79,96
13845,Melvin Jones,M,10th,Wilson High School,77,69
13846,Katie Smith,F,9th,Wilson High School,72,94
13847,Jennifer Lawrence,F,10th,Wilson High School,70,73
13848,Mrs. Molly Lopez ,F,11th,Wilson High School,70,91
13849,Tina Flores,F,12th,Wilson High School,74,85
13850,Jimmy Hernandez,M,12th,Wilson High School,95,71
13851,Jonathan Carter,M,11th,Wilson High School,98,89
13852,Julia Mason,F,10th,Wilson High School,96,96
13853,Bruce Snow,M,11th,Wilson High School,98,96
13854,Megan Arellano,F,11th,Wilson High School,71,95
13855,Lisa Ross,F,12th,Wilson High School,95,89
13856,Patricia Maxwell,F,11th,Wilson High School,70,92
13857,Misty Mejia,F,11th,Wilson High School,70,68
13858,Stephanie Jones,F,10th,Wilson High School,74,95
13859,Jack Ruiz,M,10th,Wilson High School,98,86
13860,Jamie Patel,F,11th,Wilson High School,89,71
13861,Michael Sandoval,M,9th,Wilson High School,88,74
13862,Robert Wheeler,M,10th,Wilson High School,70,82
13863,Sharon Ferguson,F,10th,Wilson High School,89,93
13864,Carol Barton,F,9th,Wilson High School,86,73
13865,Tina Jones,F,11th,Wilson High School,83,82
13866,Mindy Barnett,F,12th,Wilson High School,97,95
13867,Michelle Castillo,F,11th,Wilson High School,89,74
13868,Timothy Lin,M,9th,Wilson High School,97,97
13869,Daniel Turner,M,12th,Wilson High School,92,84
13870,James Taylor,M,11th,Wilson High School,80,70
13871,Carlos Franklin,M,9th,Wilson High School,98,95
13872,Scott Gonzalez,M,11th,Wilson High School,76,83
13873,Jessica Rodriguez,F,10th,Wilson High School,97,90
13874,Pamela Morgan,F,10th,Wilson High School,93,78
13875,Aaron Johnson,M,9th,Wilson High School,84,90
13876,William Buck,M,11th,Wilson High School,93,88
13877,William Graham,M,9th,Wilson High School,76,86
13878,Matthew Payne,M,10th,Wilson High School,96,70
13879,Nicole Farley,F,12th,Wilson High School,95,84
13880,Stephen Velez,M,11th,Wilson High School,99,70
13881,Ronald Oliver,M,9th,Wilson High School,73,82
13882,Jacqueline Owen,F,9th,Wilson High School,79,70
13883,Thomas Morgan,M,10th,Wilson High School,88,94
13884,Michelle Lowe,F,9th,Wilson High School,89,79
13885,Suzanne Randolph,F,11th,Wilson High School,86,71
13886,Jordan Powell,M,12th,Wilson High School,84,81
13887,Megan Pearson,F,11th,Wilson High School,79,99
13888,Ashley Mccoy,F,12th,Wilson High School,81,78
13889,Lindsay Baird,F,10th,Wilson High School,79,89
13890,David Erickson,M,10th,Wilson High School,75,99
13891,Angela Davis,F,9th,Wilson High School,70,87
13892,Mary Moore,F,9th,Wilson High School,79,79
13893,Julia Wallace,F,10th,Wilson High School,93,92
13894,Jasmin Miller,F,12th,Wilson High School,77,88
13895,Ruth Hines,F,12th,Wilson High School,83,74
13896,Brandy Thomas,F,11th,Wilson High School,93,99
13897,James Sanchez,M,11th,Wilson High School,87,85
13898,Luis Garrett,M,12th,Wilson High School,92,97
13899,Kaitlyn Johnson,F,12th,Wilson High School,79,68
13900,Timothy Thompson,M,12th,Wilson High School,70,75
13901,Mark Jackson,M,11th,Wilson High School,86,93
13902,Erica Wu,F,9th,Wilson High School,86,94
13903,Michael Norman,M,12th,Wilson High School,75,90
13904,Cory Bennett,M,10th,Wilson High School,87,81
13905,Lisa Randolph,F,10th,Wilson High School,79,80
13906,Kevin Bennett,M,10th,Wilson High School,89,78
13907,Jonathan Fletcher,M,11th,Wilson High School,99,86
13908,Nicholas Patterson,M,9th,Wilson High School,94,87
13909,Matthew Campbell,M,10th,Wilson High School,90,68
13910,Andrea Murphy,F,12th,Wilson High School,74,94
13911,Linda Ford,F,10th,Wilson High School,92,95
13912,Benjamin George ,M,10th,Wilson High School,97,96
13913,Randall Crawford,M,10th,Wilson High School,95,98
13914,Mikayla Hunter,F,10th,Wilson High School,69,96
13915,Kara Harris,F,10th,Wilson High School,89,84
13916,Joseph Kim,M,12th,Wilson High School,84,82
13917,Craig Stone,M,11th,Wilson High School,88,86
13918,Jesse Kelley,M,9th,Wilson High School,97,93
13919,Shane Braun,M,9th,Wilson High School,75,77
13920,Amanda Cox,F,11th,Wilson High School,90,81
13921,Vickie Hayes,F,9th,Wilson High School,83,68
13922,Michael Garza,M,12th,Wilson High School,89,77
13923,Jessica Gonzalez,F,11th,Wilson High School,92,98
13924,Randy Carr,M,11th,Wilson High School,78,84
13925,Jennifer Johnson,F,12th,Wilson High School,94,81
13926,Miranda Moore,F,12th,Wilson High School,89,96
13927,Lisa Smith,F,12th,Wilson High School,89,68
13928,Jill Mccarty,F,9th,Wilson High School,71,75
13929,Kevin Wright,M,11th,Wilson High School,74,84
13930,Linda Foster,F,10th,Wilson High School,79,70
13931,Jacqueline Glenn,F,11th,Wilson High School,93,83
13932,Brandon Barry,M,12th,Wilson High School,69,84
13933,Gabrielle Harmon,F,12th,Wilson High School,93,73
13934,Adam Allen,M,9th,Wilson High School,93,94
13935,Derek Johnson,M,9th,Wilson High School,70,85
13936,Christopher Peters,M,11th,Wilson High School,97,71
13937,Brittney Terry,F,11th,Wilson High School,71,80
13938,Tonya Patterson,F,9th,Wilson High School,90,72
13939,Nicole Guzman,F,9th,Wilson High School,85,71
13940,Zachary Delacruz,M,12th,Wilson High School,72,95
13941,Mary Johnson,F,10th,Wilson High School,85,83
13942,Jordan Wood,M,10th,Wilson High School,87,68
13943,Joseph Zimmerman,M,9th,Wilson High School,92,68
13944,Jessica Reid,F,12th,Wilson High School,80,85
13945,George Wilkinson,M,9th,Wilson High School,83,77
13946,Michele Brooks,F,10th,Wilson High School,77,82
13947,Jerry Boyle,M,11th,Wilson High School,71,71
13948,Sandra Haas,F,12th,Wilson High School,70,95
13949,Anne Howard,F,10th,Wilson High School,77,75
13950,Douglas Gardner,M,12th,Wilson High School,87,96
13951,Andrew Ford,M,9th,Wilson High School,82,94
13952,Jasmine Graham,F,11th,Wilson High School,84,76
13953,Julie Guzman,F,9th,Wilson High School,81,71
13954,Brian Bailey,M,11th,Wilson High School,69,69
13955,Cheryl Pugh,F,9th,Wilson High School,81,89
13956,Rachel Hardy,F,10th,Wilson High School,86,85
13957,Randy Taylor,M,12th,Wilson High School,98,89
13958,Daniel Pineda,M,9th,Wilson High School,89,99
13959,Karen Scott,F,9th,Wilson High School,85,89
13960,William Moss,M,10th,Wilson High School,92,81
13961,Nicole Cain,F,10th,Wilson High School,77,78
13962,Marissa Key,F,12th,Wilson High School,91,78
13963,Joanna Thompson,F,9th,Wilson High School,83,74
13964,Andrew Werner,M,11th,Wilson High School,95,79
13965,Robert Mosley,M,9th,Wilson High School,90,76
13966,Michael Weaver,M,11th,Wilson High School,78,68
13967,Samantha Watts,F,9th,Wilson High School,98,90
13968,Jonathan Holmes,M,9th,Wilson High School,80,99
13969,Andre Griffin,M,9th,Wilson High School,94,69
13970,Barbara Simpson,F,12th,Wilson High School,73,95
13971,Melissa Mann,F,12th,Wilson High School,90,81
13972,Jamie Rivers,F,10th,Wilson High School,98,87
13973,Amanda Boyd,F,11th,Wilson High School,79,75
13974,Lee Wells,M,9th,Wilson High School,70,96
13975,Kelly Hanna,F,12th,Wilson High School,96,84
13976,Yesenia Ellis,F,11th,Wilson High School,76,68
13977,Shari Durham,F,9th,Wilson High School,82,95
13978,Kathleen Williams,F,10th,Wilson High School,74,76
13979,James Williams,M,9th,Wilson High School,73,69
13980,Melissa Johnson,F,11th,Wilson High School,71,78
13981,Meghan Arnold,F,10th,Wilson High School,83,96
13982,Melissa Brown,F,9th,Wilson High School,73,88
13983,Logan Miles,M,10th,Wilson High School,82,76
13984,David Mcknight,M,11th,Wilson High School,89,78
13985,Raymond Rhodes,M,11th,Wilson High School,82,70
13986,Mary Rice,F,12th,Wilson High School,89,84
13987,Nicholas Diaz,M,10th,Wilson High School,91,96
13988,Joe Payne,M,9th,Wilson High School,85,91
13989,Elizabeth Blankenship,F,12th,Wilson High School,69,81
13990,Barbara Bush,F,12th,Wilson High School,82,79
13991,Jennifer Wolfe,F,12th,Wilson High School,77,98
13992,Jon Mack,M,10th,Wilson High School,84,79
13993,Jay Smith,M,12th,Wilson High School,71,96
13994,Becky Washington,F,10th,Wilson High School,73,72
13995,David Reilly,M,12th,Wilson High School,99,95
13996,Miranda Johnson,F,11th,Wilson High School,76,73
13997,Ryan Williams,M,11th,Wilson High School,72,94
13998,Aaron James,M,11th,Wilson High School,73,89
13999,Derek Edwards,M,9th,Wilson High School,69,88
14000,Michael Calhoun,M,9th,Wilson High School,77,98
14001,Kevin Jones,M,10th,Wilson High School,98,90
14002,Andrew Michael,M,9th,Wilson High School,70,95
14003,Michele Jones,F,10th,Wilson High School,72,89
14004,Aaron Smith,M,12th,Wilson High School,98,98
14005,Frank Saunders,M,12th,Wilson High School,74,83
14006,Luis Glover,M,12th,Wilson High School,73,79
14007,Marie Sullivan,F,11th,Wilson High School,74,72
14008,Nina Figueroa,F,10th,Wilson High School,84,88
14009,Angela Hughes,F,10th,Wilson High School,83,79
14010,Michael Cooley,M,10th,Wilson High School,93,68
14011,Larry Taylor,M,10th,Wilson High School,91,89
14012,Lawrence Lang,M,9th,Wilson High School,93,94
14013,Elizabeth Macias,F,12th,Wilson High School,82,90
14014,Jessica Edwards,F,9th,Wilson High School,84,77
14015,Jennifer George,F,10th,Wilson High School,69,95
14016,Joshua Malone,M,11th,Wilson High School,85,81
14017,Michael Mcgee,M,10th,Wilson High School,69,95
14018,Paul Smith,M,9th,Wilson High School,87,74
14019,Elizabeth Buckley,F,9th,Wilson High School,98,79
14020,Daniel Martinez,M,10th,Wilson High School,92,85
14021,Todd Mcclure,M,10th,Wilson High School,82,96
14022,Stephanie Watson,F,12th,Wilson High School,85,68
14023,Julie Gomez,F,9th,Wilson High School,96,90
14024,Tiffany Vazquez,F,11th,Wilson High School,90,90
14025,Martha Carroll,F,12th,Wilson High School,83,94
14026,Daniel Higgins,M,11th,Wilson High School,90,84
14027,Mike Patterson,M,11th,Wilson High School,87,83
14028,Victoria Castro,F,9th,Wilson High School,86,74
14029,Jack Weeks,M,11th,Wilson High School,93,75
14030,Evan Montoya,M,10th,Wilson High School,84,78
14031,James King,M,10th,Wilson High School,86,86
14032,Janet Watkins,F,9th,Wilson High School,89,75
14033,Lydia Gomez,F,12th,Wilson High School,71,68
14034,Lori Peters,F,11th,Wilson High School,99,89
14035,Tamara Cunningham,F,12th,Wilson High School,98,68
14036,Larry Clark,M,11th,Wilson High School,88,68
14037,Brooke Hoffman,F,11th,Wilson High School,98,98
14038,Taylor Martinez,F,9th,Wilson High School,94,95
14039,Tammy Evans,F,9th,Wilson High School,83,92
14040,Gina Mclean,F,10th,Wilson High School,73,91
14041,Colin Farrell,M,10th,Wilson High School,76,91
14042,Benjamin Hoover,M,10th,Wilson High School,83,95
14043,Christopher Morrison,M,11th,Wilson High School,85,79
14044,Richard Bartlett,M,10th,Wilson High School,85,98
14045,Peter Mcdowell,M,9th,Wilson High School,72,94
14046,Mary Turner,F,11th,Wilson High School,86,72
14047,Alex Green,M,9th,Wilson High School,78,77
14048,Luis Johnson,M,11th,Wilson High School,94,70
14049,Ricardo Harris,M,10th,Wilson High School,76,78
14050,Miranda Murphy,F,10th,Wilson High School,87,99
14051,Jacqueline Hamilton,F,11th,Wilson High School,81,95
14052,David Thomas ,M,9th,Wilson High School,89,74
14053,Isabel Lopez,F,11th,Wilson High School,76,95
14054,Kelly Montoya,F,9th,Wilson High School,76,95
14055,Heather Weber,F,10th,Wilson High School,69,88
14056,Alexander Colon,M,9th,Wilson High School,92,78
14057,Julie Coleman,F,12th,Wilson High School,84,82
14058,Joseph Cross,M,9th,Wilson High School,80,88
14059,Lori Day,F,10th,Wilson High School,81,74
14060,Mark Soto,M,11th,Wilson High School,77,77
14061,Anthony Miller,M,12th,Wilson High School,86,84
14062,Curtis Alvarez,M,11th,Wilson High School,79,68
14063,Victoria Morrow,F,12th,Wilson High School,99,78
14064,Tyler Phillips,M,12th,Wilson High School,81,84
14065,John Wheeler,M,12th,Wilson High School,92,84
14066,Jesse Wright,M,12th,Wilson High School,92,83
14067,Lisa Hunter,F,11th,Wilson High School,74,80
14068,Brandi Snyder,F,9th,Wilson High School,95,94
14069,John Reynolds,M,11th,Wilson High School,81,99
14070,Brittney Rogers,F,10th,Wilson High School,84,70
14071,Maria Reyes,F,9th,Wilson High School,87,85
14072,Timothy Brooks,M,11th,Wilson High School,80,96
14073,Ariel Burke,F,11th,Wilson High School,70,87
14074,Adam Love,M,10th,Wilson High School,79,77
14075,Jill Hudson ,F,12th,Wilson High School,91,90
14076,Robert Baker,M,9th,Wilson High School,99,87
14077,April Rodriguez,F,9th,Wilson High School,74,91
14078,Alicia Robinson,F,11th,Wilson High School,91,69
14079,James Palmer,M,11th,Wilson High School,86,99
14080,Mary Mccormick ,F,10th,Wilson High School,87,85
14081,Michelle Smith ,F,9th,Wilson High School,94,68
14082,Tyler Nunez,M,11th,Wilson High School,92,96
14083,Douglas Oneal,M,11th,Wilson High School,75,94
14084,Jose Wagner,M,9th,Wilson High School,87,91
14085,Kelsey Garcia,F,10th,Wilson High School,73,71
14086,William Farley,M,12th,Wilson High School,73,90
14087,John Oconnell,M,12th,Wilson High School,84,78
14088,Brad Hardy,M,9th,Wilson High School,96,87
14089,Curtis Ford,M,12th,Wilson High School,93,80
14090,Melanie Aguilar,F,11th,Wilson High School,90,84
14091,Caleb Patrick,M,9th,Wilson High School,84,72
14092,Jay Mueller,M,9th,Wilson High School,70,77
14093,Sharon Rush,F,11th,Wilson High School,94,69
14094,Christina Fisher,F,10th,Wilson High School,84,73
14095,Brian Johnson,M,10th,Wilson High School,84,86
14096,Sara Montgomery,F,11th,Wilson High School,99,73
14097,Julie Ramos,F,9th,Wilson High School,86,75
14098,Travis Barnes,M,11th,Wilson High School,93,96
14099,Mark Lewis,M,9th,Wilson High School,97,89
14100,Brian Johnson,M,9th,Wilson High School,82,98
14101,Zachary Green,M,11th,Wilson High School,88,85
14102,James Walker,M,9th,Wilson High School,74,69
14103,Vickie Guerrero,F,9th,Wilson High School,89,93
14104,Joshua Chambers,M,10th,Wilson High School,91,94
14105,Robert Jordan,M,12th,Wilson High School,82,76
14106,Robert Fernandez,M,11th,Wilson High School,78,82
14107,Stephen Cortez,M,10th,Wilson High School,74,87
14108,Stephanie Coleman,F,11th,Wilson High School,73,77
14109,Margaret Smith,F,9th,Wilson High School,99,79
14110,Sherry Johnson,F,9th,Wilson High School,97,86
14111,Carl Burns ,M,9th,Wilson High School,81,83
14112,Joshua Vega,M,10th,Wilson High School,76,74
14113,Ian Simon,M,11th,Wilson High School,75,73
14114,Rodney Johns,M,11th,Wilson High School,98,80
14115,Ashlee Lee,F,11th,Wilson High School,90,73
14116,Judy Smith,F,10th,Wilson High School,91,70
14117,Theresa Bradley,F,10th,Wilson High School,72,91
14118,Melissa Tucker,F,11th,Wilson High School,84,74
14119,Christina Ray,F,11th,Wilson High School,91,77
14120,Juan Buckley ,M,9th,Wilson High School,77,89
14121,Melanie Lawrence,F,9th,Wilson High School,72,74
14122,Ashley Jones,F,11th,Wilson High School,72,83
14123,Crystal Poole,F,9th,Wilson High School,73,70
14124,Amy Salas,F,10th,Wilson High School,78,79
14125,Brenda Miller,F,10th,Wilson High School,88,85
14126,Michael Alvarez,M,10th,Wilson High School,99,71
14127,Lisa Villa,F,12th,Wilson High School,84,98
14128,David Salinas,M,11th,Wilson High School,72,88
14129,Scott Briggs,M,10th,Wilson High School,73,94
14130,Samantha Hall,F,10th,Wilson High School,76,94
14131,Erika Ford,F,11th,Wilson High School,84,76
14132,Julia Rodriguez,F,11th,Wilson High School,73,97
14133,Nancy Thompson,F,12th,Wilson High School,96,70
14134,Victoria Wang,F,9th,Wilson High School,81,68
14135,William Miller,M,10th,Wilson High School,91,69
14136,Krista Price,F,11th,Wilson High School,95,86
14137,Daniel Robinson,M,10th,Wilson High School,78,86
14138,Stacie Smith,F,10th,Wilson High School,89,70
14139,Douglas Jones,M,10th,Wilson High School,69,80
14140,Cynthia May,F,11th,Wilson High School,76,91
14141,Randy Deleon,M,9th,Wilson High School,96,74
14142,Jessica Acosta,F,11th,Wilson High School,91,77
14143,Jenna Jones,F,10th,Wilson High School,96,89
14144,Brandon Little,M,9th,Wilson High School,92,73
14145,Kenneth Bauer,M,10th,Wilson High School,94,98
14146,Douglas Rivera,M,11th,Wilson High School,85,89
14147,Natalie Skinner,F,11th,Wilson High School,85,81
14148,Amy Marshall,F,9th,Wilson High School,69,96
14149,Morgan Reyes,F,10th,Wilson High School,89,94
14150,Amy Delgado,F,12th,Wilson High School,86,77
14151,Michelle Brown,F,12th,Wilson High School,95,87
14152,Jacob Barber,M,11th,Wilson High School,84,80
14153,Raymond Krueger,M,12th,Wilson High School,98,78
14154,Richard Wilson,M,9th,Wilson High School,91,90
14155,Shane Cameron,M,9th,Wilson High School,96,97
14156,Sally Hines,F,10th,Wilson High School,82,99
14157,Timothy Brown,M,11th,Wilson High School,77,87
14158,Brian Montgomery,M,9th,Wilson High School,97,72
14159,Andrew Powell,M,12th,Wilson High School,99,83
14160,Maria Giles,F,10th,Wilson High School,89,96
14161,Timothy Rogers,M,10th,Wilson High School,99,78
14162,Bradley Sharp,M,12th,Wilson High School,98,73
14163,Adrienne Salazar,F,9th,Wilson High School,80,83
14164,Brian Espinoza,M,10th,Wilson High School,81,70
14165,James Cruz,M,9th,Wilson High School,98,85
14166,John Rodriguez,M,9th,Wilson High School,95,72
14167,Danielle Oneill,F,12th,Wilson High School,78,76
14168,David Horton,M,10th,Wilson High School,85,73
14169,Mary Morrison,F,12th,Wilson High School,70,96
14170,Michael Koch,M,12th,Wilson High School,88,89
14171,Brian Murphy,M,12th,Wilson High School,87,75
14172,Jordan Gaines,F,11th,Wilson High School,92,84
14173,Felicia Andrews,F,11th,Wilson High School,72,76
14174,Jose Huffman PhD,M,11th,Wilson High School,79,96
14175,Ashley Fischer,F,9th,Wilson High School,70,89
14176,Alexis Reid,F,11th,Wilson High School,69,85
14177,Melissa Patterson,F,11th,Wilson High School,71,93
14178,Ashley West,F,10th,Wilson High School,70,93
14179,Samuel Nichols,M,9th,Wilson High School,69,92
14180,Sara Hill,F,9th,Wilson High School,72,89
14181,Valerie Watson,F,12th,Wilson High School,97,74
14182,Pam Kelley,F,9th,Wilson High School,92,91
14183,Stephen Mercado,M,10th,Wilson High School,99,82
14184,Brandon Johnson,M,9th,Wilson High School,79,97
14185,Sheila Gonzalez,F,12th,Wilson High School,74,73
14186,Michelle Smith,F,10th,Wilson High School,98,95
14187,Amber Castro,F,11th,Wilson High School,93,75
14188,Brenda Davila,F,12th,Wilson High School,81,77
14189,Dennis Alexander,M,9th,Wilson High School,85,92
14190,Deanna Mccarthy ,F,9th,Wilson High School,75,94
14191,Reginald Rodriguez,M,12th,Wilson High School,86,82
14192,Sheri Smith,F,11th,Wilson High School,77,78
14193,Ariana Ellis,F,10th,Wilson High School,76,78
14194,Aaron Reyes,M,11th,Wilson High School,94,91
14195,Joseph Lee,M,10th,Wilson High School,89,91
14196,Karen Shaw,F,12th,Wilson High School,85,92
14197,Shannon Leach,M,12th,Wilson High School,89,90
14198,Renee Ramsey,F,10th,Wilson High School,87,98
14199,Jennifer Brown,F,12th,Wilson High School,80,93
14200,Andrew Park,M,12th,Wilson High School,95,84
14201,Nicholas Rodriguez,M,10th,Wilson High School,87,87
14202,Jared Smith,M,10th,Wilson High School,84,72
14203,Michelle Santana,F,11th,Wilson High School,80,95
14204,Linda Carter,F,9th,Wilson High School,96,68
14205,Daniel Castillo,M,10th,Wilson High School,83,77
14206,Grace Henson,F,11th,Wilson High School,73,92
14207,Kevin Medina,M,10th,Wilson High School,87,74
14208,Nicole Green,F,11th,Wilson High School,69,73
14209,Fernando Hines,M,11th,Wilson High School,92,82
14210,Mrs. Robin Hughes,F,11th,Wilson High School,99,88
14211,Vickie Williams,F,9th,Wilson High School,98,99
14212,Christopher Nielsen,M,11th,Wilson High School,74,79
14213,Tracy Jones,F,10th,Wilson High School,69,93
14214,Eduardo Stout,M,9th,Wilson High School,72,84
14215,Michelle Harper,F,11th,Wilson High School,77,97
14216,Sarah Peterson,F,11th,Wilson High School,70,95
14217,Gabriella Wood,F,10th,Wilson High School,79,79
14218,Adam Taylor,M,9th,Wilson High School,86,88
14219,Corey Oneill,M,10th,Wilson High School,98,86
14220,Brianna Jones,F,9th,Wilson High School,88,78
14221,Melanie Brown,F,12th,Wilson High School,89,88
14222,Christian Collier,M,10th,Wilson High School,92,94
14223,Samantha Bell,F,10th,Wilson High School,93,82
14224,Tanya Richmond,F,10th,Wilson High School,84,80
14225,Deborah Hughes,F,10th,Wilson High School,84,92
14226,Brianna Ritter,F,10th,Wilson High School,96,89
14227,Paul Davidson,M,9th,Wilson High School,69,70
14228,James Johnson,M,11th,Wilson High School,73,76
14229,Nichole Watson,F,9th,Wilson High School,80,72
14230,Brandon Thomas,M,12th,Wilson High School,82,77
14231,Chris Strong,M,12th,Wilson High School,73,72
14232,Kimberly Booth,F,10th,Wilson High School,99,82
14233,Jaime Young,M,10th,Wilson High School,88,83
14234,Alexa Park,F,9th,Wilson High School,94,90
14235,Laura Jones,F,9th,Wilson High School,71,71
14236,Joy Jefferson,F,9th,Wilson High School,91,70
14237,Donna Monroe,F,9th,Wilson High School,99,83
14238,Cheryl Gibson,F,11th,Wilson High School,73,81
14239,Charles Miller,M,12th,Wilson High School,95,85
14240,Stacey Jones,F,11th,Wilson High School,91,69
14241,Laura Shannon ,F,11th,Wilson High School,83,83
14242,Phillip Alvarez,M,10th,Wilson High School,97,96
14243,Sharon Edwards,F,10th,Wilson High School,88,83
14244,Kimberly Marshall,F,11th,Wilson High School,89,94
14245,Anthony Pitts,M,10th,Wilson High School,73,85
14246,Lauren Kim,F,12th,Wilson High School,69,78
14247,Lisa Lowe,F,9th,Wilson High School,93,73
14248,William Smith,M,10th,Wilson High School,86,84
14249,Amanda Weeks,F,10th,Wilson High School,81,84
14250,Patrick Lang,M,10th,Wilson High School,92,93
14251,Marcus Mccarthy,M,11th,Wilson High School,79,92
14252,Rodney Torres,M,11th,Wilson High School,83,77
14253,Mary Fox ,F,9th,Wilson High School,72,84
14254,Brandon Thompson,M,9th,Wilson High School,73,81
14255,Tara Carroll,F,9th,Wilson High School,98,78
14256,Jamie Sanchez,F,9th,Wilson High School,81,70
14257,Suzanne Mccann,F,9th,Wilson High School,78,90
14258,Abigail Lewis,F,11th,Wilson High School,98,74
14259,Samantha Holland,F,10th,Wilson High School,89,75
14260,Kristin Henry,F,9th,Wilson High School,91,78
14261,Kimberly Owens,F,10th,Wilson High School,79,93
14262,Kevin Walker,M,10th,Wilson High School,85,86
14263,Jeffrey Anderson,M,9th,Wilson High School,88,77
14264,Jamie Hayden,F,10th,Wilson High School,90,99
14265,Matthew Cooke,M,12th,Wilson High School,99,97
14266,James Wright,M,11th,Wilson High School,89,72
14267,John Soto,M,10th,Wilson High School,77,79
14268,Katherine Hicks,F,9th,Wilson High School,99,91
14269,Joshua Reed,M,9th,Wilson High School,79,75
14270,James Davis,M,9th,Wilson High School,95,90
14271,Thomas Chan,M,12th,Wilson High School,79,86
14272,Brent Yates,M,11th,Wilson High School,77,89
14273,George Maynard,M,9th,Wilson High School,92,71
14274,Meredith Tucker ,F,9th,Wilson High School,85,73
14275,Samantha Stewart,F,12th,Wilson High School,78,81
14276,Melissa Warren,F,11th,Wilson High School,74,93
14277,Blake Nelson,M,11th,Wilson High School,79,86
14278,Jennifer Cohen,F,12th,Wilson High School,90,75
14279,Mary Villanueva,F,10th,Wilson High School,87,85
14280,Stephanie Ryan,F,11th,Wilson High School,73,81
14281,Barbara Baird,F,11th,Wilson High School,70,70
14282,Eric Mccarthy,M,9th,Wilson High School,70,85
14283,Amanda Johnson,F,10th,Wilson High School,70,97
14284,Jose Ortiz,M,11th,Wilson High School,86,91
14285,Robert Owens,M,10th,Wilson High School,97,94
14286,Kelly Gates,F,10th,Wilson High School,75,84
14287,Ryan Munoz,M,10th,Wilson High School,96,96
14288,Jill Huff,F,10th,Wilson High School,83,92
14289,Mary Bradley,F,10th,Wilson High School,70,94
14290,Jenny Werner,F,9th,Wilson High School,69,71
14291,Randy Robinson,M,9th,Wilson High School,75,78
14292,Brenda Dawson,F,9th,Wilson High School,96,90
14293,Destiny Stephens,F,9th,Wilson High School,79,85
14294,Olivia Foster,F,9th,Wilson High School,74,89
14295,Jennifer Joyce,F,11th,Wilson High School,88,86
14296,John Greene,M,11th,Wilson High School,84,68
14297,Paul Aguilar,M,9th,Wilson High School,82,73
14298,Mary Wood,F,11th,Wilson High School,79,82
14299,Matthew Reese,M,9th,Wilson High School,80,84
14300,William Quinn,M,12th,Wilson High School,81,94
14301,Terry Dunn,M,10th,Wilson High School,90,94
14302,Steven Perkins,M,11th,Wilson High School,89,76
14303,Taylor Hendricks,F,11th,Wilson High School,78,97
14304,Michael Johnson,M,12th,Wilson High School,71,79
14305,Jose Manning ,M,10th,Wilson High School,91,72
14306,Megan Trujillo,F,12th,Wilson High School,90,91
14307,Patrick Lewis,M,9th,Wilson High School,72,82
14308,Elizabeth Gibbs,F,11th,Wilson High School,84,92
14309,Nicole Martinez,F,11th,Wilson High School,89,71
14310,Andrew Barnes,M,10th,Wilson High School,71,70
14311,Gary Cox,M,10th,Wilson High School,74,91
14312,Robin Carlson,F,12th,Wilson High School,88,82
14313,Kimberly Reyes,F,10th,Wilson High School,81,78
14314,Kellie Webb,F,9th,Wilson High School,76,72
14315,Nicholas Velasquez,M,9th,Wilson High School,76,75
14316,Marissa Roberts,F,11th,Wilson High School,77,99
14317,Donna Davis,F,10th,Wilson High School,84,75
14318,Lisa Bruce ,F,12th,Wilson High School,69,79
14319,Matthew Henry,M,11th,Wilson High School,92,80
14320,Stephanie Lloyd,F,9th,Wilson High School,86,78
14321,Regina Huang,F,11th,Wilson High School,84,94
14322,William Green,M,11th,Wilson High School,74,76
14323,Benjamin Rodriguez,M,12th,Wilson High School,84,85
14324,Timothy Brown,M,9th,Wilson High School,82,80
14325,Jeffery Conrad,M,10th,Wilson High School,74,93
14326,John Keith,M,9th,Wilson High School,73,93
14327,John Johnson,M,11th,Wilson High School,90,78
14328,Krista Lee,F,11th,Wilson High School,87,77
14329,Ariana Baker,F,10th,Wilson High School,75,82
14330,Timothy Arnold,M,10th,Wilson High School,88,81
14331,Matthew Wong,M,12th,Wilson High School,77,74
14332,Jason Mathis,M,12th,Wilson High School,70,78
14333,Dennis Parker,M,9th,Wilson High School,77,98
14334,Angela Snyder,F,11th,Wilson High School,93,98
14335,Angela Winters,F,10th,Wilson High School,81,73
14336,Steven Singh,M,9th,Wilson High School,88,69
14337,Larry Choi,M,12th,Wilson High School,95,86
14338,Crystal Howard ,F,11th,Wilson High School,97,98
14339,Angela Terry,F,10th,Wilson High School,93,98
14340,Rhonda Lopez,F,11th,Wilson High School,80,83
14341,John Bernard,M,10th,Wilson High School,70,79
14342,Rebecca Beck,F,10th,Wilson High School,98,87
14343,James Hill,M,9th,Wilson High School,79,72
14344,Richard Morton,M,10th,Wilson High School,81,87
14345,Mark Moore,M,10th,Wilson High School,79,75
14346,Elizabeth Dominguez,F,11th,Wilson High School,94,83
14347,Pamela Garcia,F,10th,Wilson High School,83,88
14348,Brenda Harris,F,9th,Wilson High School,94,98
14349,Bianca Mcclure,F,10th,Wilson High School,97,68
14350,Roberto Wilson,M,11th,Wilson High School,82,70
14351,Rachel Harris,F,11th,Wilson High School,74,68
14352,Vincent Lane,M,11th,Wilson High School,82,70
14353,Brandi Hoffman,F,11th,Wilson High School,90,94
14354,David Kelley,M,9th,Wilson High School,93,89
14355,Michael Jones,M,12th,Wilson High School,84,89
14356,Lauren Rose,F,11th,Wilson High School,97,93
14357,Mrs. Tracy Williams,F,12th,Wilson High School,83,86
14358,Jesus Johnson,M,9th,Wilson High School,87,86
14359,Adam Fleming,M,12th,Wilson High School,77,72
14360,Jose Sanders,M,10th,Wilson High School,91,87
14361,Michele Lewis,F,12th,Wilson High School,79,75
14362,Scott Davis,M,11th,Wilson High School,71,78
14363,Stephanie Anderson,F,11th,Wilson High School,81,88
14364,Jason Ray,M,9th,Wilson High School,70,97
14365,Pamela Kennedy,F,11th,Wilson High School,95,91
14366,Lisa Bender,F,11th,Wilson High School,77,69
14367,Carol Whitehead,F,12th,Wilson High School,71,73
14368,Kari Howard,F,11th,Wilson High School,73,72
14369,Roger Moreno,M,12th,Wilson High School,95,75
14370,Natasha Villa,F,10th,Wilson High School,93,75
14371,Robin Smith,F,9th,Wilson High School,69,81
14372,David Small,M,12th,Wilson High School,92,76
14373,Mark Collins,M,9th,Wilson High School,75,70
14374,Susan Cole,F,11th,Wilson High School,73,91
14375,Michael Garcia,M,9th,Wilson High School,75,90
14376,Brandon Vasquez,M,9th,Wilson High School,79,87
14377,Lauren Dominguez,F,11th,Wilson High School,69,84
14378,Natalie Hawkins,F,11th,Wilson High School,75,94
14379,David Johnson,M,9th,Wilson High School,70,96
14380,Jessica Murphy,F,9th,Wilson High School,97,89
14381,Carla Duran,F,10th,Wilson High School,80,75
14382,Andrew Carney,M,9th,Wilson High School,69,73
14383,Donald Johnson,M,10th,Wilson High School,99,71
14384,Amy Wood,F,10th,Wilson High School,71,97
14385,Martin Cox,M,9th,Wilson High School,84,68
14386,Tonya Burns,F,10th,Wilson High School,85,94
14387,Jodi Hendricks,F,11th,Wilson High School,95,91
14388,Gabriella Atkinson,F,10th,Wilson High School,71,80
14389,Marissa Hebert,F,12th,Wilson High School,70,86
14390,Timothy Martin,M,9th,Wilson High School,85,79
14391,Robert Jimenez,M,10th,Wilson High School,95,86
14392,Nicole Meyers,F,10th,Wilson High School,74,93
14393,Jimmy Green,M,10th,Wilson High School,91,93
14394,Caleb Ford,M,9th,Wilson High School,91,94
14395,Annette Ochoa,F,9th,Wilson High School,98,71
14396,Jeffery Diaz,M,10th,Wilson High School,87,91
14397,Mark Rios,M,11th,Wilson High School,82,94
14398,Mary Dorsey,F,12th,Wilson High School,96,87
14399,Samantha Chambers,F,10th,Wilson High School,87,75
14400,Richard Ritter,M,11th,Wilson High School,93,91
14401,Danielle Haynes,F,11th,Wilson High School,72,87
14402,Steven Espinoza,M,11th,Wilson High School,87,90
14403,Karl Solis,M,9th,Wilson High School,87,93
14404,James Harris,M,12th,Wilson High School,71,97
14405,William Martinez,M,12th,Wilson High School,76,71
14406,Robert Martin,M,11th,Wilson High School,97,85
14407,Brandon Coleman,M,9th,Wilson High School,77,69
14408,Alexis Esparza,F,12th,Wilson High School,90,94
14409,Annette Burns,F,12th,Wilson High School,82,82
14410,Mandy Myers,F,9th,Wilson High School,77,78
14411,Zoe Hawkins,F,9th,Wilson High School,77,71
14412,Julie Baker ,F,12th,Wilson High School,75,85
14413,Mark Mccann,M,9th,Wilson High School,83,78
14414,Ruth Thomas,F,12th,Wilson High School,73,79
14415,Shawn Hansen,M,11th,Wilson High School,88,76
14416,Danielle Adams,F,12th,Wilson High School,95,77
14417,Danielle Wood,F,12th,Wilson High School,99,73
14418,Lonnie Allen II,M,11th,Wilson High School,96,84
14419,Morgan Thomas,F,12th,Wilson High School,69,85
14420,Donald Hart,M,12th,Wilson High School,97,81
14421,Paul Moore,M,9th,Wilson High School,91,71
14422,Dylan Young,M,10th,Wilson High School,92,88
14423,Tiffany Todd,F,11th,Wilson High School,72,79
14424,Cody Chandler,M,11th,Wilson High School,69,78
14425,Katelyn Short,F,10th,Wilson High School,88,89
14426,Bryan Brooks,M,9th,Wilson High School,97,80
14427,James Mathis,M,10th,Wilson High School,77,91
14428,Christopher Jacobson,M,9th,Wilson High School,92,93
14429,Ashley Jimenez ,F,9th,Wilson High School,80,70
14430,John Klein,M,12th,Wilson High School,78,78
14431,Anna Cabrera,F,12th,Wilson High School,99,83
14432,Laura Herman,F,11th,Wilson High School,93,68
14433,Philip Mann,M,11th,Wilson High School,87,69
14434,Erica Jones,F,10th,Wilson High School,96,79
14435,Tyrone Clark III,M,12th,Wilson High School,73,86
14436,Amy Powers,F,10th,Wilson High School,77,93
14437,Amber Rice,F,11th,Wilson High School,98,71
14438,Justin Benson,M,10th,Wilson High School,99,81
14439,Brittany Booth,F,12th,Wilson High School,99,85
14440,Veronica Torres,F,10th,Wilson High School,94,72
14441,Anthony Moore,M,12th,Wilson High School,77,81
14442,Amy Johnson,F,10th,Wilson High School,75,71
14443,Lori Walker,F,11th,Wilson High School,87,85
14444,Mark Clark,M,11th,Wilson High School,89,98
14445,Erica Schaefer,F,11th,Wilson High School,93,86
14446,Jennifer Valenzuela,F,9th,Wilson High School,84,77
14447,Eric Mullins ,M,10th,Wilson High School,88,91
14448,Madison Wood,F,12th,Wilson High School,69,68
14449,Andrew Robinson,M,12th,Wilson High School,92,99
14450,Jennifer Mitchell,F,12th,Wilson High School,75,85
14451,Ethan Quinn,M,10th,Wilson High School,91,98
14452,Alexa White,F,12th,Wilson High School,89,84
14453,Amy Harris,F,10th,Wilson High School,79,81
14454,Michael Bailey,M,12th,Wilson High School,97,83
14455,Steven Logan,M,11th,Wilson High School,93,86
14456,Monica Kirby,F,11th,Wilson High School,98,75
14457,Ryan Stanley,M,9th,Wilson High School,69,72
14458,Edward Mckenzie,M,11th,Wilson High School,86,93
14459,Olivia Calderon,F,12th,Wilson High School,97,74
14460,James Hickman,M,9th,Wilson High School,77,91
14461,Robert Mcbride,M,10th,Wilson High School,69,96
14462,Aaron Robinson,M,12th,Wilson High School,82,93
14463,Michael Morris,M,10th,Wilson High School,81,71
14464,Lindsey Hays,F,10th,Wilson High School,79,72
14465,Emily Coleman,F,9th,Wilson High School,81,88
14466,Robert Davila,M,11th,Wilson High School,76,73
14467,David Moore,M,9th,Wilson High School,83,84
14468,Jonathan Walker,M,12th,Wilson High School,88,82
14469,Michelle Smith,F,9th,Wilson High School,88,76
14470,Lisa Osborne,F,11th,Wilson High School,74,95
14471,Gary Palmer,M,11th,Wilson High School,97,77
14472,Lisa Blair,F,9th,Wilson High School,80,75
14473,Maria Moreno,F,10th,Wilson High School,99,94
14474,Elizabeth Boyd,F,12th,Wilson High School,95,69
14475,John King,M,10th,Wilson High School,91,86
14476,Margaret Miller,F,11th,Wilson High School,97,91
14477,Christopher Rogers,M,9th,Wilson High School,95,74
14478,Stephanie Robertson,F,9th,Wilson High School,69,93
14479,Keith Orr,M,10th,Wilson High School,95,98
14480,Brooke Meyers,F,10th,Wilson High School,84,99
14481,Alex Hopkins,M,12th,Wilson High School,95,82
14482,Julie Martin,F,10th,Wilson High School,94,72
14483,Chase Henry,M,10th,Wilson High School,97,75
14484,Robert Grant,M,10th,Wilson High School,79,92
14485,Joshua Brown,M,11th,Wilson High School,93,81
14486,Bradley Miranda,M,9th,Wilson High School,71,90
14487,Michael Bradley,M,12th,Wilson High School,93,91
14488,Kevin Peters,M,12th,Wilson High School,99,96
14489,Danny Nelson,M,10th,Wilson High School,86,96
14490,Kimberly Peterson,F,12th,Wilson High School,71,85
14491,James Shaw,M,9th,Wilson High School,71,84
14492,Lisa Leon,F,11th,Wilson High School,85,91
14493,Cindy Hurst,F,10th,Wilson High School,98,97
14494,Adrian Hahn,M,11th,Wilson High School,98,83
14495,Cassidy Gilmore,F,9th,Wilson High School,87,87
14496,Tiffany Merritt,F,10th,Wilson High School,71,86
14497,Daniel Cruz,M,9th,Wilson High School,95,79
14498,Kari Leonard,F,12th,Wilson High School,71,69
14499,Allison Paul,F,9th,Wilson High School,76,73
14500,Frederick Medina,M,11th,Wilson High School,72,72
14501,Mary Hudson,F,10th,Wilson High School,71,84
14502,Jordan Mcgee,M,9th,Wilson High School,72,72
14503,Angel Fowler,F,12th,Wilson High School,71,76
14504,Travis Banks,M,9th,Wilson High School,99,81
14505,Patricia Villarreal ,F,9th,Wilson High School,77,80
14506,Kyle Jones,M,10th,Wilson High School,91,72
14507,Cory Moody,M,11th,Wilson High School,99,94
14508,Bryan Guzman,M,11th,Wilson High School,78,76
14509,Dana Baker,F,11th,Wilson High School,74,84
14510,Danny Wheeler,M,12th,Wilson High School,72,71
14511,Kelly Malone,M,12th,Wilson High School,97,78
14512,Morgan Jennings,F,9th,Wilson High School,85,75
14513,Mrs. Megan Kaufman ,F,12th,Wilson High School,73,99
14514,Susan Sanchez,F,9th,Wilson High School,71,73
14515,Karen Silva,F,9th,Wilson High School,95,92
14516,Daniel Horton,M,11th,Wilson High School,78,92
14517,Sandra Turner,F,10th,Wilson High School,87,95
14518,Luis Hester,M,10th,Wilson High School,84,75
14519,Suzanne Ford,F,11th,Wilson High School,97,86
14520,Melody Hamilton,F,9th,Wilson High School,82,73
14521,Larry Turner,M,11th,Wilson High School,97,96
14522,Brandon Maxwell,M,10th,Wilson High School,80,78
14523,Wesley Villa,M,11th,Wilson High School,81,91
14524,Joseph Brown,M,9th,Wilson High School,97,74
14525,Annette Gomez,F,11th,Wilson High School,70,68
14526,Jonathan Hayes,M,9th,Wilson High School,85,79
14527,Garrett Parker,M,10th,Wilson High School,69,87
14528,Jordan Hill,F,9th,Wilson High School,87,83
14529,Kathryn Velazquez,F,12th,Wilson High School,85,82
14530,Alyssa Cross,F,12th,Wilson High School,99,68
14531,Lori Cortez,F,11th,Wilson High School,97,88
14532,Sarah Reyes,F,10th,Wilson High School,69,80
14533,Wayne Trevino,M,9th,Wilson High School,84,95
14534,Rebecca Morgan,F,10th,Wilson High School,95,69
14535,Hannah Moore,F,9th,Wilson High School,94,99
14536,Michael Johnson,M,9th,Wilson High School,80,68
14537,Kaitlin Moore,F,10th,Wilson High School,98,96
14538,Jose Thornton,M,11th,Wilson High School,74,88
14539,Jody West,F,12th,Wilson High School,89,70
14540,Jason Roman,M,9th,Wilson High School,82,86
14541,Nicholas Perkins,M,11th,Wilson High School,82,89
14542,Ann Walker,F,11th,Wilson High School,98,90
14543,Rhonda Ruiz,F,11th,Wilson High School,90,89
14544,Debra Castillo,F,11th,Wilson High School,90,96
14545,Shannon Taylor,F,11th,Wilson High School,82,73
14546,Matthew Dixon,M,11th,Wilson High School,90,73
14547,Patricia Johnson,F,11th,Wilson High School,96,75
14548,Hannah Gordon,F,10th,Wilson High School,89,89
14549,Jeffrey Gregory,M,12th,Wilson High School,94,71
14550,Jessica Hoover,F,9th,Wilson High School,82,79
14551,Patrick Perez,M,9th,Wilson High School,86,69
14552,Terri Johnson,F,10th,Wilson High School,75,69
14553,Wayne Delacruz,M,9th,Wilson High School,77,79
14554,Hannah Santos,F,11th,Wilson High School,94,82
14555,Russell Gould,M,11th,Wilson High School,71,80
14556,Sarah Parsons,F,12th,Wilson High School,88,91
14557,Crystal Moore,F,10th,Wilson High School,78,68
14558,Martha Preston,F,12th,Wilson High School,73,81
14559,David Bowman,M,10th,Wilson High School,89,71
14560,Samantha Schneider,F,12th,Wilson High School,86,92
14561,Michael Chavez,M,11th,Wilson High School,99,92
14562,Elizabeth Rodriguez,F,10th,Wilson High School,81,83
14563,Alexander Wallace,M,10th,Wilson High School,81,95
14564,Brandon Martinez,M,11th,Wilson High School,83,69
14565,Jerry Carroll,M,11th,Wilson High School,86,80
14566,Holly Jackson,F,11th,Wilson High School,79,69
14567,Tina Reyes,F,9th,Wilson High School,92,96
14568,Isabel Russell,F,9th,Wilson High School,74,90
14569,Christopher Farrell,M,10th,Wilson High School,95,70
14570,Amy Ferguson,F,12th,Wilson High School,76,76
14571,Angela Fuller,F,9th,Wilson High School,77,88
14572,Charles Vazquez,M,12th,Wilson High School,75,74
14573,Lori Hernandez,F,12th,Wilson High School,83,89
14574,Gregory Nichols,M,9th,Wilson High School,83,84
14575,Frank Baker,M,9th,Wilson High School,95,98
14576,Jenna Stephens,F,11th,Wilson High School,74,72
14577,Hannah Schmidt,F,10th,Wilson High School,85,97
14578,Mark Lopez,M,12th,Wilson High School,90,71
14579,Chad Smith,M,11th,Wilson High School,87,71
14580,Christopher Joseph,M,9th,Wilson High School,85,77
14581,Rachel Crawford,F,12th,Wilson High School,78,98
14582,Diana Soto,F,12th,Wilson High School,75,76
14583,Mathew Thompson ,M,11th,Wilson High School,71,86
14584,Barry Gutierrez,M,10th,Wilson High School,90,80
14585,Timothy Rivera,M,10th,Wilson High School,81,97
14586,Jerry Torres,M,11th,Wilson High School,79,78
14587,Traci Taylor,F,9th,Wilson High School,92,90
14588,Kristen Fox,F,11th,Wilson High School,70,74
14589,Christina Long,F,12th,Wilson High School,78,96
14590,Joseph Schwartz,M,9th,Wilson High School,92,99
14591,Joseph Hawkins,M,12th,Wilson High School,82,97
14592,David Kelly,M,10th,Wilson High School,82,82
14593,Kevin Duncan,M,11th,Wilson High School,87,85
14594,Jessica Arias,F,11th,Wilson High School,79,75
14595,Kelly Walker,F,11th,Wilson High School,89,93
14596,Carol Craig,F,9th,Wilson High School,82,75
14597,Sarah Webb,F,10th,Wilson High School,84,88
14598,William Garrett,M,9th,Wilson High School,92,91
14599,Amanda White,F,12th,Wilson High School,94,98
14600,Rebecca Johnson,F,11th,Wilson High School,70,83
14601,Angela Clay,F,11th,Wilson High School,75,71
14602,Jeffrey Hernandez,M,9th,Wilson High School,87,86
14603,Theresa Moran,F,11th,Wilson High School,71,87
14604,Latoya Turner,F,9th,Wilson High School,92,74
14605,Tiffany Martinez,F,10th,Wilson High School,78,98
14606,Stephen Ramos,M,11th,Wilson High School,74,74
14607,Matthew Woods,M,10th,Wilson High School,94,75
14608,Kristen Aguirre,F,9th,Wilson High School,95,86
14609,Barry Copeland,M,12th,Wilson High School,74,70
14610,Scott Bennett,M,10th,Wilson High School,89,87
14611,Natasha Stark,F,9th,Wilson High School,94,70
14612,Spencer Cain,M,12th,Wilson High School,92,93
14613,Abigail Acosta,F,10th,Wilson High School,88,93
14614,Ronnie Mcclure,M,12th,Wilson High School,87,79
14615,Michaela Peterson,F,12th,Wilson High School,69,78
14616,Christopher Houston,M,11th,Wilson High School,93,92
14617,Joseph Elliott,M,9th,Wilson High School,81,82
14618,Michelle Mahoney,F,9th,Wilson High School,79,72
14619,Jennifer Dunn,F,10th,Wilson High School,84,86
14620,Rhonda Nelson,F,9th,Wilson High School,93,99
14621,Christine Briggs,F,9th,Wilson High School,82,72
14622,Christina Smith,F,9th,Wilson High School,91,86
14623,Sabrina Neal,F,10th,Wilson High School,90,68
14624,Dustin Scott,M,9th,Wilson High School,89,77
14625,Darrell Garcia,M,10th,Wilson High School,83,96
14626,Catherine Ramos,F,11th,Wilson High School,92,90
14627,Joshua Fletcher,M,9th,Wilson High School,76,83
14628,David Martinez,M,12th,Wilson High School,98,92
14629,Betty Powell,F,10th,Wilson High School,84,78
14630,Emma Andrade,F,11th,Wilson High School,94,84
14631,Mrs. Whitney Figueroa,F,12th,Wilson High School,89,70
14632,Richard Ramirez,M,11th,Wilson High School,92,68
14633,Ronald Herring,M,11th,Wilson High School,90,77
14634,Casey Horton,M,10th,Wilson High School,89,89
14635,Mitchell Levy,M,11th,Wilson High School,99,90
14636,Andrea Santiago,F,9th,Wilson High School,74,98
14637,Nicole Rasmussen,F,9th,Wilson High School,80,92
14638,Samantha Pace,F,11th,Wilson High School,76,80
14639,Sheila Watson,F,12th,Wilson High School,75,99
14640,Jennifer Wilson,F,9th,Wilson High School,89,69
14641,Brian Wolfe,M,10th,Wilson High School,97,74
14642,Diana Ford,F,12th,Wilson High School,73,91
14643,Brandon Thompson,M,11th,Wilson High School,98,81
14644,Stephanie Salazar,F,10th,Wilson High School,96,77
14645,Taylor Hayes,F,10th,Wilson High School,90,87
14646,John Bell,M,11th,Wilson High School,75,89
14647,Kayla Hayes,F,10th,Wilson High School,72,97
14648,Kathleen Hall,F,10th,Wilson High School,85,69
14649,Geoffrey George,M,9th,Wilson High School,70,90
14650,Natalie Davis,F,9th,Wilson High School,80,98
14651,Michael Greene,M,11th,Wilson High School,99,87
14652,Kari Ramos,F,9th,Wilson High School,86,97
14653,Morgan Kennedy,F,9th,Wilson High School,74,88
14654,John Juarez,M,9th,Wilson High School,85,81
14655,Megan Jackson,F,12th,Wilson High School,72,76
14656,Brad Johnson,M,11th,Wilson High School,77,82
14657,Hannah Krause,F,10th,Wilson High School,85,72
14658,Micheal Wolf,M,11th,Wilson High School,98,87
14659,Brandon Neal,M,9th,Wilson High School,69,74
14660,Ashley Jordan,F,12th,Wilson High School,73,86
14661,Shawn Kirk,M,9th,Wilson High School,98,84
14662,Steve Rodriguez,M,11th,Wilson High School,73,69
14663,Melissa May,F,11th,Wilson High School,80,79
14664,Brandon Smith,M,11th,Wilson High School,74,90
14665,Julia Myers,F,9th,Wilson High School,98,89
14666,Ray Ellison,M,11th,Wilson High School,83,98
14667,Jamie Gray,M,9th,Wilson High School,88,71
14668,Robert Dyer,M,9th,Wilson High School,71,86
14669,Jennifer Williams,F,12th,Wilson High School,99,91
14670,Brian Smith,M,11th,Wilson High School,82,90
14671,Kelsey Medina,F,11th,Wilson High School,95,73
14672,Adam Mason,M,12th,Wilson High School,79,69
14673,William Green,M,10th,Wilson High School,78,93
14674,Austin Thomas,M,10th,Wilson High School,98,87
14675,Lori Ortiz,F,12th,Wilson High School,87,73
14676,Alexis Green,F,9th,Wilson High School,91,99
14677,Jennifer Gates,F,11th,Wilson High School,79,74
14678,Jeff Shepherd,M,9th,Wilson High School,81,87
14679,Carla Herman,F,10th,Wilson High School,94,69
14680,Kristin Willis,F,10th,Wilson High School,83,89
14681,Heidi Fox,F,10th,Wilson High School,95,82
14682,Nicholas Riggs,M,10th,Wilson High School,95,79
14683,Alexander Levy,M,9th,Wilson High School,85,73
14684,Lauren Wright,F,12th,Wilson High School,69,81
14685,Charles Diaz,M,9th,Wilson High School,93,74
14686,Tina Malone,F,9th,Wilson High School,93,96
14687,George Shepherd,M,10th,Wilson High School,77,68
14688,Audrey Robertson,F,12th,Wilson High School,94,73
14689,Jeffery Chambers,M,11th,Wilson High School,93,71
14690,Debbie Chavez,F,10th,Wilson High School,92,86
14691,Brenda Schultz,F,12th,Wilson High School,79,84
14692,Jonathan Maldonado,M,10th,Wilson High School,91,99
14693,Emma Bates ,F,10th,Wilson High School,82,92
14694,Kara Jensen,F,10th,Wilson High School,74,69
14695,Aaron Hansen,M,9th,Wilson High School,80,88
14696,Richard King,M,11th,Wilson High School,88,86
14697,David Mcdowell,M,9th,Wilson High School,71,78
14698,Donna Potter,F,11th,Wilson High School,77,78
14699,Christopher Chen,M,11th,Wilson High School,96,80
14700,Holly Douglas,F,10th,Wilson High School,74,68
14701,Tony Lopez,M,9th,Wilson High School,74,76
14702,Jeffrey Nelson Jr.,M,9th,Wilson High School,73,88
14703,Rebecca Hess,F,9th,Wilson High School,98,83
14704,Christina Graham,F,10th,Wilson High School,84,74
14705,Joseph Barnett,M,10th,Wilson High School,86,81
14706,Michael Ortiz,M,9th,Wilson High School,96,93
14707,Melanie Henderson,F,12th,Wilson High School,73,74
14708,Kevin Krueger,M,12th,Wilson High School,83,97
14709,Caitlin Hanson,F,9th,Wilson High School,81,98
14710,Brandon Burnett,M,9th,Wilson High School,69,92
14711,Michael Mann II,M,12th,Wilson High School,83,71
14712,Michelle Watkins,F,9th,Wilson High School,83,68
14713,Kenneth Johnson,M,11th,Wilson High School,79,84
14714,Joel Baxter,M,9th,Wilson High School,76,78
14715,Jessica Nguyen,F,12th,Wilson High School,74,69
14716,Ashley Johnson,F,12th,Wilson High School,83,95
14717,Christina Gilbert,F,11th,Wilson High School,83,88
14718,Devon Jones,M,12th,Wilson High School,83,94
14719,Maria Solomon,F,10th,Wilson High School,99,76
14720,Maria Boone,F,11th,Wilson High School,85,73
14721,Jessica Cortez,F,11th,Wilson High School,99,94
14722,Luis Mccormick,M,9th,Wilson High School,81,81
14723,Beth Mcdowell,F,12th,Wilson High School,81,91
14724,Nicole Singh,F,12th,Wilson High School,96,82
14725,Sarah Hoffman,F,11th,Wilson High School,77,87
14726,Tracey Rasmussen,F,11th,Wilson High School,88,79
14727,Robin Schroeder,F,10th,Wilson High School,74,89
14728,Elizabeth Young,F,9th,Wilson High School,91,84
14729,Beth Schultz,F,12th,Wilson High School,98,89
14730,Jennifer Brooks,F,9th,Wilson High School,98,79
14731,Joseph Peters,M,10th,Wilson High School,80,92
14732,Donna Singh,F,9th,Wilson High School,91,79
14733,Robert Mason,M,12th,Wilson High School,87,78
14734,Mrs. Karina Perry,F,10th,Wilson High School,84,84
14735,Deborah Flores,F,10th,Wilson High School,96,90
14736,Christopher Grant,M,11th,Wilson High School,72,77
14737,Michael Brown,M,12th,Wilson High School,87,75
14738,Michael James,M,12th,Wilson High School,91,85
14739,Kevin Anderson,M,10th,Wilson High School,79,79
14740,Tiffany Acevedo,F,11th,Wilson High School,94,88
14741,Benjamin Le,M,11th,Wilson High School,84,93
14742,Pamela Johnson,F,9th,Wilson High School,70,86
14743,Steve Crane,M,11th,Wilson High School,85,75
14744,Matthew Wright,M,12th,Wilson High School,89,91
14745,Joseph Miller,M,12th,Wilson High School,96,83
14746,Mackenzie Smith,F,12th,Wilson High School,91,72
14747,Becky Jimenez,F,9th,Wilson High School,70,72
14748,Michael Kennedy,M,9th,Wilson High School,72,89
14749,Whitney Mills,F,11th,Wilson High School,76,84
14750,Misty Howard,F,12th,Wilson High School,96,69
14751,Steven Anderson,M,10th,Wilson High School,87,88
14752,Edward James,M,12th,Wilson High School,87,80
14753,Christopher Clark,M,9th,Wilson High School,78,90
14754,Shawn Pierce,M,12th,Wilson High School,85,76
14755,Alexa Robertson,F,12th,Wilson High School,83,71
14756,Heather Stewart,F,9th,Wilson High School,93,84
14757,Abigail Mason,F,9th,Wilson High School,70,75
14758,Judith Morgan,F,10th,Wilson High School,90,87
14759,Maria Gibbs,F,11th,Wilson High School,93,85
14760,Ronald Armstrong,M,10th,Wilson High School,94,89
14761,Susan Washington,F,10th,Wilson High School,83,75
14762,Travis Palmer,M,12th,Wilson High School,99,81
14763,Kathleen Graves,F,9th,Wilson High School,80,70
14764,Jenna Anderson,F,12th,Wilson High School,85,86
14765,Michael Shelton,M,9th,Wilson High School,83,68
14766,Amanda Hamilton,F,10th,Wilson High School,69,82
14767,Deborah Callahan,F,10th,Wilson High School,95,93
14768,Don Garcia,M,11th,Wilson High School,91,70
14769,Virginia Webb,F,10th,Wilson High School,70,68
14770,Michael Pena,M,9th,Wilson High School,90,68
14771,Janice Calderon,F,10th,Wilson High School,79,72
14772,Patricia Higgins,F,9th,Wilson High School,85,81
14773,Heather Evans,F,11th,Wilson High School,74,97
14774,Melanie Anderson,F,9th,Wilson High School,79,72
14775,Stacey Perez,F,10th,Wilson High School,90,88
14776,Kenneth Garner,M,12th,Wilson High School,76,71
14777,Sherry Rodriguez,F,12th,Wilson High School,91,96
14778,Robert Bush,M,12th,Wilson High School,83,74
14779,Courtney Keller,F,9th,Wilson High School,73,86
14780,Sandra Turner,F,9th,Wilson High School,92,76
14781,Lisa Bryant,F,12th,Wilson High School,94,96
14782,Andrew Moore,M,12th,Wilson High School,82,89
14783,Joy Simmons,F,11th,Wilson High School,98,77
14784,Richard Jackson,M,11th,Wilson High School,99,80
14785,Chelsey Williams ,F,9th,Wilson High School,96,87
14786,Kevin Payne,M,11th,Wilson High School,95,88
14787,Evelyn Peters,F,10th,Wilson High School,91,84
14788,Cynthia Whitaker,F,10th,Wilson High School,82,97
14789,Jennifer Joseph,F,10th,Wilson High School,78,96
14790,Jessica Sanchez PhD,F,11th,Wilson High School,82,75
14791,Anna Robbins,F,12th,Wilson High School,74,70
14792,Barbara Turner,F,9th,Wilson High School,81,78
14793,Hunter Sharp,M,10th,Wilson High School,80,84
14794,Julie Ingram,F,11th,Wilson High School,87,78
14795,Shannon Mcdowell,F,10th,Wilson High School,94,82
14796,Kevin Durham,M,12th,Wilson High School,71,84
14797,Laura Zimmerman,F,10th,Wilson High School,99,74
14798,Harold Hunt,M,9th,Wilson High School,92,83
14799,Jennifer Evans,F,11th,Wilson High School,71,88
14800,Meagan Jones,F,11th,Wilson High School,97,92
14801,Jason Chandler,M,9th,Wilson High School,71,92
14802,Tammy Lawrence,F,12th,Wilson High School,96,96
14803,Spencer Lamb,M,11th,Wilson High School,86,76
14804,Joseph Ellis PhD,M,12th,Wilson High School,84,90
14805,Justin Adkins,M,10th,Wilson High School,69,68
14806,Christopher Smith,M,11th,Wilson High School,80,89
14807,Marcus Pitts,M,10th,Wilson High School,70,86
14808,Kyle Roy,M,11th,Wilson High School,86,96
14809,Melissa Flynn,F,9th,Wilson High School,70,99
14810,David Greene,M,11th,Wilson High School,82,88
14811,Nathan Fernandez,M,9th,Wilson High School,78,74
14812,Erik Lee,M,12th,Wilson High School,84,90
14813,Tammy Newton,F,11th,Wilson High School,92,84
14814,David Williams,M,11th,Wilson High School,78,78
14815,Michelle Hunter,F,9th,Wilson High School,70,95
14816,Savannah Mitchell,F,10th,Wilson High School,98,96
14817,Shannon Brooks,F,12th,Wilson High School,91,91
14818,Michelle Mills,F,10th,Wilson High School,69,84
14819,Amanda Hoffman,F,11th,Wilson High School,95,98
14820,Angela Fields,F,11th,Wilson High School,93,90
14821,Craig Clark,M,12th,Wilson High School,74,79
14822,Michael Martin,M,12th,Wilson High School,90,92
14823,Jason Carrillo,M,9th,Wilson High School,75,73
14824,Kayla Mcbride,F,10th,Wilson High School,83,84
14825,Jill Carter,F,10th,Wilson High School,87,78
14826,Jennifer Cardenas,F,12th,Wilson High School,97,84
14827,Shawn Baker,M,9th,Wilson High School,84,92
14828,Jonathan Harrison,M,9th,Wilson High School,99,80
14829,Benjamin Chapman,M,11th,Wilson High School,80,79
14830,Carol Decker,F,10th,Wilson High School,70,86
14831,Matthew Kline,M,11th,Wilson High School,93,77
14832,Kenneth Dalton,M,11th,Wilson High School,77,78
14833,Glenn Green,M,11th,Wilson High School,73,84
14834,Alyssa King,F,9th,Wilson High School,72,69
14835,Joanne Lopez,F,12th,Wilson High School,90,78
14836,Timothy Fowler,M,12th,Wilson High School,89,70
14837,Emma Burns,F,10th,Wilson High School,97,76
14838,Kyle Davis,M,9th,Wilson High School,92,70
14839,Anne Davis,F,12th,Wilson High School,73,88
14840,John Wolfe,M,11th,Wilson High School,88,68
14841,William Warren,M,11th,Wilson High School,97,81
14842,Martin Barnes,M,9th,Wilson High School,95,92
14843,Jesus Holden,M,11th,Wilson High School,91,92
14844,Beth Taylor,F,11th,Wilson High School,82,77
14845,Michael Coleman,M,12th,Wilson High School,92,83
14846,Samantha Olson,F,9th,Wilson High School,81,72
14847,Michele Chen,F,12th,Wilson High School,87,91
14848,Susan Lindsey,F,10th,Wilson High School,86,80
14849,Jamie Moore,F,11th,Wilson High School,77,87
14850,Shannon Banks,F,12th,Wilson High School,83,78
14851,Richard Small,M,10th,Wilson High School,74,73
14852,Danielle Hayden,F,11th,Wilson High School,71,85
14853,Jasmine Barry,F,11th,Wilson High School,87,99
14854,Michelle Mccullough,F,12th,Wilson High School,74,92
14855,Jennifer Patel,F,11th,Wilson High School,83,71
14856,Amber Clark,F,11th,Wilson High School,77,91
14857,David Anderson,M,10th,Wilson High School,78,72
14858,Jason Brooks,M,9th,Wilson High School,87,80
14859,Toni Anderson,F,9th,Wilson High School,77,98
14860,Barbara Sanchez,F,11th,Wilson High School,71,80
14861,Bill Burns,M,11th,Wilson High School,94,95
14862,Debbie Bailey,F,11th,Wilson High School,99,93
14863,Tina Ryan,F,9th,Wilson High School,80,79
14864,Richard Robinson,M,9th,Wilson High School,90,71
14865,April Miller,F,9th,Wilson High School,94,69
14866,Matthew Decker,M,10th,Wilson High School,74,76
14867,Alexa Diaz,F,10th,Wilson High School,85,96
14868,Brianna Pruitt,F,10th,Wilson High School,98,73
14869,Brian Cooper,M,11th,Wilson High School,71,88
14870,Kelly Price,F,9th,Wilson High School,75,92
14871,Timothy Mcclain,M,12th,Wilson High School,82,89
14872,Kimberly Johnson,F,12th,Wilson High School,70,79
14873,Teresa Walker,F,10th,Wilson High School,70,97
14874,Michael Little,M,12th,Wilson High School,83,77
14875,Nathan Thompson,M,11th,Wilson High School,84,74
14876,James Phillips,M,10th,Wilson High School,71,93
14877,Crystal Hobbs,F,11th,Wilson High School,98,87
14878,John Thompson,M,12th,Wilson High School,96,82
14879,Marcus Harris,M,12th,Wilson High School,73,99
14880,Peter West,M,11th,Wilson High School,81,76
14881,John Cole,M,11th,Wilson High School,69,72
14882,Monica Park,F,10th,Wilson High School,96,78
14883,Wayne Newton,M,12th,Wilson High School,85,97
14884,Virginia Reyes,F,12th,Wilson High School,98,71
14885,Steven Watts,M,10th,Wilson High School,93,94
14886,Robert Chen,M,10th,Wilson High School,73,71
14887,Michelle Henderson,F,12th,Wilson High School,71,72
14888,Michelle Harris,F,11th,Wilson High School,85,86
14889,Lori Rivas,F,10th,Wilson High School,88,76
14890,Cassandra Chavez,F,9th,Wilson High School,83,75
14891,Benjamin James,M,9th,Wilson High School,82,98
14892,Mrs. Heather Gregory,F,11th,Wilson High School,85,71
14893,Molly Hunter,F,9th,Wilson High School,99,85
14894,Bridget Rodriguez,F,10th,Wilson High School,70,91
14895,Haley Holloway,F,11th,Wilson High School,84,92
14896,Christopher Norton,M,9th,Wilson High School,90,78
14897,Catherine Wagner,F,9th,Wilson High School,74,68
14898,Emily Henderson,F,9th,Wilson High School,69,87
14899,Sandra Arroyo,F,10th,Wilson High School,75,96
14900,Julia Carter,F,9th,Wilson High School,95,77
14901,Diana Morgan,F,9th,Wilson High School,94,72
14902,Michelle Lopez,F,10th,Wilson High School,98,92
14903,Kelly Hoover,F,9th,Wilson High School,86,79
14904,Steven Davies,M,9th,Wilson High School,91,86
14905,Steven Martinez,M,11th,Wilson High School,97,69
14906,Tracy Wong,F,9th,Wilson High School,80,69
14907,Jack Drake,M,10th,Wilson High School,91,87
14908,Alexander Bryant,M,12th,Wilson High School,95,86
14909,Cheryl Ward,F,10th,Wilson High School,87,78
14910,Tracy Herrera,F,11th,Wilson High School,94,80
14911,Karina King,F,12th,Wilson High School,87,98
14912,Terri Mack,F,10th,Wilson High School,76,88
14913,Stanley Le,M,12th,Wilson High School,87,81
14914,Mitchell Morales,M,9th,Wilson High School,79,99
14915,Charles Smith,M,9th,Wilson High School,76,95
14916,Bridget Doyle,F,10th,Wilson High School,69,83
14917,Jason Olson,M,10th,Wilson High School,98,68
14918,Kenneth Washington,M,11th,Wilson High School,99,97
14919,Allen Moore,M,9th,Wilson High School,80,91
14920,Lauren Brown,F,10th,Wilson High School,98,93
14921,Angela Cherry,F,12th,Wilson High School,93,70
14922,Theresa Barron,F,9th,Wilson High School,84,93
14923,Jessica Randolph,F,12th,Wilson High School,76,85
14924,Jose Meyer,M,10th,Wilson High School,82,82
14925,Andrea Fuller,F,11th,Wilson High School,92,86
14926,Kyle Ferguson,M,11th,Wilson High School,95,89
14927,William Johnson,M,10th,Wilson High School,75,80
14928,Jeffrey Mueller,M,9th,Wilson High School,93,81
14929,Erika Davis,F,12th,Wilson High School,79,85
14930,Melanie Copeland,F,10th,Wilson High School,87,72
14931,Jeremy Hart,M,10th,Wilson High School,75,73
14932,Edward Gonzalez,M,9th,Wilson High School,96,77
14933,Paula Rivers,F,9th,Wilson High School,77,82
14934,Jack Shepherd,M,10th,Wilson High School,79,97
14935,Anthony Hunter,M,12th,Wilson High School,80,69
14936,Katherine Hall,F,12th,Wilson High School,89,94
14937,James Bell,M,11th,Wilson High School,71,81
14938,Brooke Rhodes,F,10th,Wilson High School,87,98
14939,Charles Jones,M,11th,Wilson High School,95,69
14940,Mary Carey,F,9th,Wilson High School,78,87
14941,Caitlin Wells,F,11th,Wilson High School,79,79
14942,Jordan Padilla,M,10th,Wilson High School,90,75
14943,Mark Meadows,M,9th,Wilson High School,79,92
14944,Paula Hughes,F,11th,Wilson High School,84,77
14945,Brett Garcia ,M,10th,Wilson High School,87,82
14946,Tamara Smith,F,10th,Wilson High School,72,84
14947,Tammy Rodriguez,F,10th,Wilson High School,74,71
14948,Jordan Willis,M,11th,Wilson High School,84,77
14949,Lisa Montes,F,9th,Wilson High School,71,81
14950,Sean Collier,M,9th,Wilson High School,82,71
14951,Patricia Chang,F,9th,Wilson High School,76,84
14952,Dylan Smith,M,11th,Wilson High School,78,99
14953,Robert Bernard,M,9th,Wilson High School,79,92
14954,Robert Moody,M,10th,Wilson High School,85,81
14955,Michael Murray,M,9th,Wilson High School,89,88
14956,Crystal Rodriguez,F,10th,Wilson High School,90,69
14957,Sean Leblanc,M,9th,Wilson High School,82,68
14958,Albert Richard,M,11th,Wilson High School,77,84
14959,Ryan Jones,M,10th,Wilson High School,97,90
14960,Robin Shah,F,12th,Wilson High School,86,99
14961,Peter Hamilton,M,10th,Wilson High School,95,81
14962,Melissa Harrell,F,10th,Wilson High School,98,79
14963,Alyssa Martin,F,10th,Wilson High School,90,94
14964,Katherine Payne,F,11th,Wilson High School,78,93
14965,Dorothy May,F,11th,Wilson High School,71,80
14966,Fred Martin,M,9th,Wilson High School,71,70
14967,Anthony Davis ,M,9th,Wilson High School,85,99
14968,Bryan Price,M,11th,Wilson High School,72,71
14969,Kimberly Mercado,F,9th,Wilson High School,93,97
14970,Nathan Russell,M,11th,Wilson High School,78,81
14971,Gregory Scott,M,10th,Wilson High School,76,88
14972,Kaitlyn Hansen,F,12th,Wilson High School,86,82
14973,Kristen Whitehead,F,12th,Wilson High School,86,77
14974,Emily Owens,F,11th,Wilson High School,82,72
14975,Cynthia Davidson,F,9th,Wilson High School,92,88
14976,Matthew May,M,11th,Wilson High School,90,85
14977,Joseph Lee,M,12th,Wilson High School,83,68
14978,Brandon Gomez,M,11th,Wilson High School,93,97
14979,Tina White,F,9th,Wilson High School,69,90
14980,Ashley Newton,F,12th,Wilson High School,87,72
14981,Jennifer Smith,F,9th,Wilson High School,98,85
14982,Nicole Williams,F,12th,Wilson High School,85,80
14983,Bryan Arroyo,M,12th,Wilson High School,71,83
14984,Kevin Taylor,M,10th,Wilson High School,88,91
14985,Michael Bridges,M,10th,Wilson High School,93,88
14986,Mary Obrien,F,10th,Wilson High School,89,98
14987,Bill Smith,M,10th,Wilson High School,87,87
14988,Derek Smith,M,9th,Wilson High School,95,88
14989,Thomas Thomas,M,11th,Wilson High School,90,93
14990,Jennifer Walls,F,10th,Wilson High School,77,76
14991,Deborah Allen,F,9th,Wilson High School,86,71
14992,Austin Owens,M,12th,Wilson High School,84,71
14993,Karen Carr,F,10th,Wilson High School,73,73
14994,Richard Ramirez,M,9th,Wilson High School,73,94
14995,Jennifer Johnson,F,10th,Wilson High School,88,70
14996,Paul Schmidt,M,9th,Wilson High School,88,97
14997,Jo Vaughn,F,10th,Wilson High School,83,89
14998,Julie Morris,F,10th,Wilson High School,84,68
14999,Michael Hubbard,M,11th,Wilson High School,79,94
15000,Ashley Perry,F,11th,Wilson High School,83,96
15001,Tracie Villanueva,F,9th,Wilson High School,96,88
15002,Jennifer Palmer,F,9th,Wilson High School,93,76
15003,Pamela Andrews,F,9th,Wilson High School,87,79
15004,Angela Mahoney,F,10th,Wilson High School,71,76
15005,Caitlin Conner,F,10th,Wilson High School,87,72
15006,Nicole Morgan,F,9th,Wilson High School,97,79
15007,Anita Salazar ,F,11th,Wilson High School,87,73
15008,Amanda Lang,F,11th,Wilson High School,99,80
15009,Sarah Wilson,F,9th,Wilson High School,91,75
15010,Jaime Franklin,M,11th,Wilson High School,85,94
15011,Julia Webb,F,10th,Wilson High School,70,86
15012,Dawn Smith,F,11th,Wilson High School,69,97
15013,Victoria Carr,F,11th,Wilson High School,71,73
15014,Sarah Hughes,F,11th,Wilson High School,69,85
15015,Brian West,M,9th,Wilson High School,78,80
15016,Chad Hood,M,9th,Wilson High School,76,78
15017,Bruce Collins,M,11th,Wilson High School,83,90
15018,Kara Jenkins,F,11th,Wilson High School,77,94
15019,James Dean,M,9th,Wilson High School,79,87
15020,Allison Schmitt,F,11th,Wilson High School,69,97
15021,John Wright,M,11th,Wilson High School,86,95
15022,Tracy Walker,M,10th,Wilson High School,87,69
15023,Krystal Newman,F,10th,Wilson High School,69,93
15024,Christopher Kelly,M,10th,Wilson High School,76,93
15025,Joseph Jones ,M,12th,Wilson High School,71,83
15026,James Nguyen,M,11th,Wilson High School,71,70
15027,Ronald Williams,M,10th,Wilson High School,82,76
15028,Andrew Kerr,M,12th,Wilson High School,87,72
15029,Stacy Hurst,F,9th,Wilson High School,99,68
15030,Tracy Welch,F,10th,Wilson High School,86,75
15031,Judy Ellis,F,12th,Wilson High School,87,94
15032,Gina Brown,F,9th,Wilson High School,98,87
15033,Vernon Sharp,M,10th,Wilson High School,72,93
15034,Blake Carter,M,9th,Wilson High School,75,71
15035,Nicholas Brooks,M,10th,Wilson High School,87,87
15036,John Davidson,M,12th,Wilson High School,73,89
15037,Andrea Silva,F,11th,Wilson High School,98,85
15038,David Leonard,M,10th,Wilson High School,97,77
15039,Justin Odonnell,M,10th,Wilson High School,83,76
15040,Angela Byrd,F,12th,Wilson High School,85,73
15041,Kim Miller,F,11th,Wilson High School,84,81
15042,Tony Ramos,M,10th,Wilson High School,90,76
15043,Larry Barnes,M,11th,Wilson High School,75,69
15044,David Fields,M,9th,Wilson High School,96,71
15045,Vanessa West,F,10th,Wilson High School,81,91
15046,Geoffrey Shields,M,11th,Wilson High School,75,72
15047,James Tanner,M,11th,Wilson High School,72,81
15048,Amanda Lewis,F,9th,Wilson High School,75,90
15049,Sherry Fox,F,9th,Wilson High School,98,91
15050,Jason Lopez,M,10th,Wilson High School,75,96
15051,Mary Robinson,F,11th,Wilson High School,83,90
15052,Logan Anderson,M,10th,Wilson High School,77,90
15053,Chase Page,M,10th,Wilson High School,78,98
15054,Gary Jenkins,M,10th,Wilson High School,85,75
15055,Erika Allen,F,11th,Wilson High School,75,94
15056,Jeremy Everett,M,10th,Wilson High School,77,84
15057,Kurt Doyle,M,12th,Wilson High School,70,93
15058,Ronald Jackson,M,9th,Wilson High School,95,73
15059,Darin Solis,M,12th,Wilson High School,75,71
15060,Michele Dixon,F,10th,Wilson High School,89,75
15061,Amber Brown,F,9th,Wilson High School,85,71
15062,Jennifer Ramirez,F,9th,Wilson High School,87,81
15063,Dustin Johnson,M,11th,Wilson High School,76,71
15064,David Klein,M,9th,Wilson High School,89,86
15065,Kayla White,F,11th,Wilson High School,98,74
15066,Edward Davis ,M,11th,Wilson High School,70,98
15067,Jon Guzman,M,9th,Wilson High School,91,92
15068,Bonnie Ortega,F,9th,Wilson High School,76,72
15069,Pam Gray,F,11th,Wilson High School,87,83
15070,Johnny Houston,M,9th,Wilson High School,82,92
15071,Jared Garcia,M,9th,Wilson High School,98,93
15072,Erika Campbell,F,9th,Wilson High School,77,68
15073,Jamie Gallegos,F,12th,Wilson High School,81,73
15074,William Barnett,M,10th,Wilson High School,90,71
15075,Steven Sweeney,M,10th,Wilson High School,86,91
15076,Jaclyn Williams,F,11th,Wilson High School,78,84
15077,Jason Phillips,M,9th,Wilson High School,76,92
15078,Kelly Duncan,F,10th,Wilson High School,81,88
15079,Gary Strong,M,11th,Wilson High School,90,71
15080,Brian Abbott,M,10th,Wilson High School,81,98
15081,Brian Cunningham,M,11th,Wilson High School,76,98
15082,Darlene Glenn,F,9th,Wilson High School,90,93
15083,Gina Hart,F,12th,Wilson High School,72,74
15084,Scott Pena,M,11th,Wilson High School,70,93
15085,Justin Davis,M,11th,Wilson High School,99,97
15086,Jodi Martin,F,11th,Wilson High School,79,93
15087,Gina Hebert,F,12th,Wilson High School,81,95
15088,William Schmitt,M,10th,Wilson High School,83,83
15089,Bryan Dominguez,M,9th,Wilson High School,85,91
15090,Douglas Ortega,M,9th,Wilson High School,94,81
15091,Tiffany Carroll,F,12th,Wilson High School,77,74
15092,Philip Martinez,M,11th,Wilson High School,84,68
15093,Kyle Harding,M,11th,Wilson High School,69,91
15094,Teresa Johnson,F,11th,Wilson High School,85,73
15095,Shawn Ortiz,M,12th,Wilson High School,78,93
15096,Adam Kim,M,9th,Wilson High School,86,68
15097,Kelsey Fletcher,F,9th,Wilson High School,93,99
15098,Nicholas Ward,M,9th,Wilson High School,70,75
15099,Anne Vaughn,F,11th,Wilson High School,86,95
15100,Kevin Turner,M,10th,Wilson High School,85,90
15101,Mallory Travis,F,10th,Wilson High School,73,83
15102,Valerie Weber,F,12th,Wilson High School,96,73
15103,David Morgan,M,11th,Wilson High School,87,86
15104,Jane Campbell,F,12th,Wilson High School,69,76
15105,Jacob Ferguson,M,9th,Wilson High School,87,82
15106,Amanda Raymond,F,10th,Wilson High School,83,85
15107,Shelly Garner,F,11th,Wilson High School,89,93
15108,Brooke Miller,F,12th,Wilson High School,84,75
15109,Scott Thomas,M,10th,Wilson High School,77,97
15110,Caitlin Kelley,F,11th,Wilson High School,69,95
15111,Lisa Berry,F,11th,Wilson High School,85,71
15112,Christopher Stark,M,9th,Wilson High School,94,82
15113,Nicole Pennington ,F,10th,Wilson High School,99,85
15114,Sarah Ortega,F,11th,Wilson High School,89,91
15115,Kenneth Anderson,M,10th,Wilson High School,83,90
15116,Jacob Cortez,M,12th,Wilson High School,83,75
15117,Kelly Doyle ,F,12th,Wilson High School,77,83
15118,Kyle Murphy,M,12th,Wilson High School,74,85
15119,Adam Fields,M,12th,Wilson High School,77,72
15120,Elizabeth Allen,F,9th,Wilson High School,88,91
15121,Mike Ward,M,10th,Wilson High School,74,79
15122,Matthew Smith,M,11th,Wilson High School,92,90
15123,Marcus Martin,M,12th,Wilson High School,81,68
15124,Mark Mckay,M,12th,Wilson High School,73,94
15125,Morgan Clark,F,10th,Wilson High School,78,70
15126,Phillip Carpenter,M,11th,Wilson High School,85,73
15127,Sara Lopez,F,12th,Wilson High School,97,75
15128,Patrick Herrera,M,10th,Wilson High School,87,85
15129,Richard Jackson,M,11th,Wilson High School,98,91
15130,Amanda Miller,F,11th,Wilson High School,87,94
15131,Elizabeth Martin,F,12th,Wilson High School,97,86
15132,Tiffany Ramirez,F,9th,Wilson High School,74,86
15133,Charles Hughes,M,10th,Wilson High School,87,88
15134,Robin Wallace,F,10th,Wilson High School,69,89
15135,Dawn Davidson,F,11th,Wilson High School,69,81
15136,Shawn Taylor,M,11th,Wilson High School,71,68
15137,Heather Rodriguez,F,10th,Wilson High School,77,92
15138,Sean Ross,M,9th,Wilson High School,69,74
15139,Kara Maynard,F,11th,Wilson High School,97,70
15140,Timothy Schultz,M,9th,Wilson High School,87,72
15141,Kimberly Mcgee,F,10th,Wilson High School,97,73
15142,Olivia Sanchez,F,12th,Wilson High School,90,68
15143,Daniel Dean,M,12th,Wilson High School,98,95
15144,Franklin Chen ,M,11th,Wilson High School,91,98
15145,Stephanie Kim,F,9th,Wilson High School,79,98
15146,Jordan Carter,M,10th,Wilson High School,95,68
15147,Karen Velasquez,F,10th,Wilson High School,84,85
15148,Sydney Andrews,F,10th,Wilson High School,73,83
15149,Joseph Larsen,M,11th,Wilson High School,83,93
15150,Angela Young,F,9th,Wilson High School,74,95
15151,Jason Kennedy,M,10th,Wilson High School,95,80
15152,Tamara Warren,F,9th,Wilson High School,82,83
15153,Theresa Fowler,F,11th,Wilson High School,69,74
15154,Christopher Davis,M,9th,Wilson High School,84,93
15155,Michael Bowen,M,9th,Wilson High School,77,90
15156,Daniel Reid,M,9th,Wilson High School,71,69
15157,Julie Griffin,F,9th,Wilson High School,97,83
15158,Michael Kim,M,11th,Wilson High School,90,68
15159,Jason Edwards,M,10th,Wilson High School,82,97
15160,Jeremy Cole,M,11th,Wilson High School,81,87
15161,Leah Mason,F,12th,Wilson High School,94,90
15162,Devin Parker,M,9th,Wilson High School,74,82
15163,Benjamin Allison,M,12th,Wilson High School,90,69
15164,Mathew Kirby,M,10th,Wilson High School,86,93
15165,Catherine Burton,F,10th,Wilson High School,78,77
15166,Madison Williams,F,12th,Wilson High School,98,83
15167,Jeffrey Flores,M,11th,Wilson High School,99,73
15168,Dustin Barker,M,9th,Wilson High School,72,77
15169,Jeffrey Green,M,10th,Wilson High School,72,73
15170,Kimberly Garcia,F,9th,Wilson High School,79,84
15171,Heather Bell,F,12th,Wilson High School,96,91
15172,Casey Clark,M,9th,Wilson High School,71,92
15173,Annette Lopez,F,9th,Wilson High School,94,84
15174,Nicole Hanson,F,10th,Wilson High School,99,86
15175,Lindsey Bryant,F,10th,Wilson High School,88,83
15176,Manuel Johnston,M,10th,Wilson High School,91,89
15177,Felicia Burke,F,11th,Wilson High School,72,96
15178,Eric Mcdonald,M,10th,Wilson High School,86,82
15179,Cindy Ho,F,9th,Wilson High School,77,90
15180,Christopher Miller,M,9th,Wilson High School,85,93
15181,David Watson,M,11th,Wilson High School,99,94
15182,Michelle Payne,F,11th,Wilson High School,73,81
15183,Cody Hudson,M,10th,Wilson High School,75,83
15184,Denise Woodward,F,10th,Wilson High School,87,86
15185,Tim Jenkins,M,12th,Wilson High School,83,98
15186,Scott Brown,M,10th,Wilson High School,81,94
15187,Phyllis Gonzalez,F,12th,Wilson High School,91,88
15188,Patricia Serrano,F,12th,Wilson High School,82,99
15189,Kayla Oneill,F,9th,Wilson High School,96,86
15190,Christopher King,M,9th,Wilson High School,69,75
15191,Brandon Young,M,10th,Wilson High School,69,73
15192,Kevin Shelton,M,9th,Wilson High School,92,76
15193,Samuel Moore,M,9th,Wilson High School,77,68
15194,Timothy Jones,M,12th,Wilson High School,74,94
15195,Sarah Hanna,F,11th,Wilson High School,99,76
15196,Stephanie Berger,F,9th,Wilson High School,74,79
15197,Kim Turner,F,11th,Wilson High School,83,79
15198,Mary Jackson,F,11th,Wilson High School,73,79
15199,Eric Myers,M,11th,Wilson High School,69,97
15200,Amy Rosales,F,12th,Wilson High School,96,97
15201,Nathan Welch PhD,M,10th,Wilson High School,82,84
15202,Lisa Galloway,F,9th,Wilson High School,97,81
15203,John Bailey,M,10th,Wilson High School,92,96
15204,Christopher Bailey,M,9th,Wilson High School,91,79
15205,Melanie Flowers,F,10th,Wilson High School,91,75
15206,Jennifer Wang,F,12th,Wilson High School,91,98
15207,Anthony Austin,M,11th,Wilson High School,77,73
15208,Ricky Harper,M,10th,Wilson High School,80,94
15209,Danielle Hall,F,10th,Wilson High School,89,81
15210,Jennifer Baird,F,10th,Wilson High School,99,75
15211,Christopher Ballard,M,11th,Wilson High School,79,78
15212,Susan Lopez,F,10th,Wilson High School,78,69
15213,Ashley Palmer,F,12th,Wilson High School,85,85
15214,Brian Cunningham,M,9th,Wilson High School,69,91
15215,Kristen Daniels,F,11th,Wilson High School,89,94
15216,Katrina Farmer,F,9th,Wilson High School,72,86
15217,Teresa Brown,F,12th,Wilson High School,95,87
15218,Kenneth Prince,M,11th,Wilson High School,96,72
15219,Donald Ramos,M,11th,Wilson High School,77,72
15220,Andrea Brandt,F,9th,Wilson High School,71,72
15221,Joseph Taylor,M,9th,Wilson High School,71,79
15222,Joseph Sanders,M,12th,Wilson High School,72,86
15223,Christine Stevens,F,12th,Wilson High School,79,81
15224,Jordan Foley,M,9th,Wilson High School,71,76
15225,Dawn Bowers,F,12th,Wilson High School,83,75
15226,Robert Ramirez,M,11th,Wilson High School,81,96
15227,Rodney Novak,M,10th,Wilson High School,79,87
15228,Jessica Anderson,F,12th,Wilson High School,88,87
15229,Ariana Carpenter,F,11th,Wilson High School,71,79
15230,Michelle Olson,F,11th,Wilson High School,83,92
15231,Jacob Suarez,M,9th,Wilson High School,87,79
15232,Chelsea Coleman,F,10th,Wilson High School,99,73
15233,James Davis,M,9th,Wilson High School,91,87
15234,Holly Page,F,9th,Wilson High School,71,72
15235,Scott Mcdonald,M,10th,Wilson High School,93,87
15236,James Guerra,M,11th,Wilson High School,87,88
15237,Alexander Williams,M,11th,Wilson High School,81,86
15238,Angel Pratt,M,9th,Wilson High School,86,87
15239,Monica Moreno,F,11th,Wilson High School,90,81
15240,Johnny Kelly,M,11th,Wilson High School,83,76
15241,Jennifer Stafford,F,10th,Wilson High School,90,72
15242,Jordan Taylor,F,11th,Wilson High School,90,72
15243,David Johnson Jr.,M,10th,Wilson High School,82,70
15244,George Copeland,M,11th,Wilson High School,69,78
15245,Christopher Stewart,M,11th,Wilson High School,91,86
15246,Pamela Little,F,11th,Wilson High School,83,97
15247,Carrie Johnson,F,11th,Wilson High School,89,94
15248,David Rose,M,11th,Wilson High School,92,71
15249,Nicole Mcdowell,F,10th,Wilson High School,85,77
15250,Dorothy Miller,F,10th,Wilson High School,72,77
15251,James Douglas,M,11th,Wilson High School,94,76
15252,Jared Thomas,M,9th,Wilson High School,77,74
15253,Lisa Ortiz,F,10th,Wilson High School,87,97
15254,Scott Sanchez,M,9th,Wilson High School,96,73
15255,Lisa Phillips,F,9th,Wilson High School,96,80
15256,Christopher Morales,M,10th,Wilson High School,84,83
15257,Jeff Mcdowell,M,11th,Wilson High School,86,69
15258,Autumn Rush,F,12th,Wilson High School,88,81
15259,Susan Hansen,F,11th,Wilson High School,77,99
15260,Luke Fuller,M,10th,Wilson High School,81,98
15261,William Cox,M,10th,Wilson High School,82,91
15262,Glenn Allison,M,10th,Wilson High School,70,98
15263,David Chan,M,10th,Wilson High School,90,69
15264,Rodney Brown,M,9th,Wilson High School,98,79
15265,Vincent Browning,M,11th,Wilson High School,99,91
15266,Angela Davenport,F,10th,Wilson High School,93,83
15267,Lisa Davis,F,10th,Wilson High School,99,75
15268,Erin Bailey,F,10th,Wilson High School,69,78
15269,Joshua Harris,M,9th,Wilson High School,79,83
15270,Andre Mosley,M,9th,Wilson High School,83,83
15271,Dana Park,F,12th,Wilson High School,87,80
15272,Brian Lopez,M,11th,Wilson High School,82,77
15273,Elizabeth Solis,F,10th,Wilson High School,84,80
15274,Timothy Chavez Jr.,M,9th,Wilson High School,84,96
15275,Deborah Jones,F,12th,Wilson High School,79,78
15276,Kevin Hall,M,9th,Wilson High School,80,99
15277,Christopher Henry,M,12th,Wilson High School,94,83
15278,Christopher Hart,M,11th,Wilson High School,92,90
15279,Donna Beasley,F,11th,Wilson High School,87,72
15280,Rebecca Martin,F,11th,Wilson High School,75,75
15281,Susan Bowen,F,9th,Wilson High School,98,83
15282,Jeffery Hamilton,M,9th,Wilson High School,73,81
15283,Charles Webb,M,12th,Wilson High School,79,89
15284,Aaron Gonzalez,M,10th,Wilson High School,98,92
15285,Stacie Bowman,F,11th,Wilson High School,94,82
15286,Sharon Pacheco,F,9th,Wilson High School,82,69
15287,Michele Oconnell ,F,9th,Wilson High School,79,72
15288,Stephanie Scott,F,12th,Wilson High School,99,72
15289,Matthew Murray,M,12th,Wilson High School,71,99
15290,Charles Mccormick,M,11th,Wilson High School,81,91
15291,Gabriel Anderson,M,9th,Wilson High School,95,97
15292,Alejandra Church,F,12th,Wilson High School,75,78
15293,Monica Shaw,F,12th,Wilson High School,96,92
15294,Lee Mahoney,M,12th,Wilson High School,77,78
15295,Timothy Saunders,M,11th,Wilson High School,82,81
15296,Matthew Richardson,M,11th,Wilson High School,76,93
15297,Mary Lam,F,9th,Wilson High School,92,91
15298,Elizabeth Tran ,F,11th,Wilson High School,95,73
15299,Russell Manning,M,11th,Wilson High School,84,80
15300,Bradley Johnson,M,11th,Wilson High School,69,70
15301,David Glenn,M,12th,Wilson High School,82,76
15302,Danielle Ryan,F,10th,Wilson High School,75,87
15303,Jacqueline Rogers,F,11th,Wilson High School,91,68
15304,Grace Martin,F,10th,Wilson High School,70,92
15305,Brianna Fritz,F,10th,Wilson High School,94,76
15306,Michael Kennedy,M,11th,Wilson High School,86,75
15307,Henry Hall,M,11th,Wilson High School,86,94
15308,Andrea Murphy,F,12th,Wilson High School,92,80
15309,Natalie Williams,F,9th,Wilson High School,76,98
15310,Joseph Lamb,M,11th,Wilson High School,98,97
15311,Raymond Nguyen,M,9th,Wilson High School,89,83
15312,Nicole Jones,F,9th,Wilson High School,81,92
15313,Catherine Hubbard,F,9th,Wilson High School,76,76
15314,Juan Becker,M,12th,Wilson High School,70,96
15315,Thomas Stewart,M,12th,Wilson High School,71,93
15316,Maria Craig,F,11th,Wilson High School,75,80
15317,Christine Stafford,F,9th,Wilson High School,77,72
15318,Darlene Meadows,F,10th,Wilson High School,81,87
15319,Robert Mckee,M,10th,Wilson High School,86,68
15320,Yvonne Smith,F,9th,Wilson High School,80,87
15321,Miguel Short,M,9th,Wilson High School,69,89
15322,Ryan Cruz,M,12th,Wilson High School,93,81
15323,Monica Holt,F,10th,Wilson High School,79,77
15324,Timothy Brown,M,11th,Wilson High School,75,73
15325,Eric Lee,M,9th,Wilson High School,71,99
15326,Kari Murphy,F,10th,Wilson High School,78,85
15327,Nicolas Valenzuela,M,9th,Wilson High School,71,73
15328,Roger Jackson,M,12th,Wilson High School,77,74
15329,Shirley Schmidt,F,9th,Wilson High School,93,84
15330,Michael Jacobs,M,9th,Wilson High School,69,71
15331,Robert Roberts,M,11th,Wilson High School,80,75
15332,Joseph Johnson,M,12th,Wilson High School,69,70
15333,Michelle Malone,F,10th,Wilson High School,91,88
15334,Michael Wallace,M,9th,Wilson High School,77,86
15335,Peter Anderson,M,10th,Wilson High School,81,76
15336,Stephen Jackson,M,9th,Wilson High School,95,74
15337,Amanda Ward,F,10th,Wilson High School,81,76
15338,Chad Hayes,M,10th,Wilson High School,71,89
15339,Nancy Lawson,F,12th,Wilson High School,92,81
15340,Albert Wilson,M,12th,Wilson High School,70,80
15341,Natalie Thomas,F,11th,Wilson High School,72,93
15342,Elizabeth Foster,F,11th,Wilson High School,84,73
15343,Michael Welch,M,9th,Wilson High School,94,92
15344,Erica Schmidt,F,10th,Wilson High School,92,93
15345,Harold Osborn,M,9th,Wilson High School,70,89
15346,Anthony Walker,M,12th,Wilson High School,78,68
15347,Joseph Butler,M,12th,Wilson High School,78,74
15348,Chris Wilson,M,10th,Wilson High School,99,92
15349,Stephanie Stewart,F,12th,Wilson High School,81,81
15350,Emma Hawkins,F,9th,Wilson High School,98,99
15351,Kelly Freeman,F,11th,Wilson High School,76,82
15352,Kevin Davis,M,11th,Wilson High School,95,86
15353,Felicia Williams,F,11th,Wilson High School,93,91
15354,David Hansen,M,11th,Wilson High School,97,70
15355,Keith Williams,M,12th,Wilson High School,87,91
15356,Emily Lin,F,9th,Wilson High School,79,92
15357,Sharon Thomas,F,9th,Wilson High School,99,95
15358,David Rogers,M,11th,Wilson High School,99,97
15359,Emily Smith,F,12th,Wilson High School,92,71
15360,Anne Barrett,F,11th,Wilson High School,86,68
15361,Joshua Casey,M,9th,Wilson High School,99,70
15362,Laura Cardenas,F,11th,Wilson High School,72,81
15363,Bradley Moore,M,9th,Wilson High School,98,74
15364,Sarah Chaney ,F,10th,Wilson High School,79,91
15365,Dylan Jackson,M,9th,Wilson High School,84,91
15366,Connie Hanson,F,11th,Wilson High School,85,89
15367,Jennifer Love,F,11th,Wilson High School,81,82
15368,Jordan West,M,9th,Wilson High School,82,69
15369,Rachael Cameron,F,9th,Wilson High School,81,69
15370,Elizabeth Thomas,F,9th,Wilson High School,77,83
15371,Isabella Williams,F,9th,Wilson High School,87,88
15372,Lynn Stanley,F,12th,Wilson High School,86,94
15373,Abigail Blair,F,10th,Wilson High School,85,73
15374,Jenna Rodriguez,F,11th,Wilson High School,86,98
15375,Mary Rose,F,9th,Wilson High School,97,88
15376,John Diaz,M,10th,Wilson High School,91,71
15377,Debra Vance,F,9th,Wilson High School,85,81
15378,Dominic Mitchell,M,9th,Wilson High School,83,72
15379,Richard Wong,M,12th,Wilson High School,76,87
15380,Andrew James,M,12th,Wilson High School,77,95
15381,Kevin Haney,M,9th,Wilson High School,90,97
15382,Jason Tucker,M,11th,Wilson High School,95,94
15383,James Brown,M,9th,Wilson High School,94,86
15384,Timothy Jensen,M,9th,Wilson High School,69,89
15385,Tammy Garcia,F,9th,Wilson High School,77,82
15386,Jody Potts,F,11th,Wilson High School,80,75
15387,Christina Rich,F,9th,Wilson High School,88,98
15388,Jeremiah Wood,M,9th,Wilson High School,97,98
15389,Vanessa Howard,F,12th,Wilson High School,92,85
15390,Matthew Jensen,M,11th,Wilson High School,86,92
15391,Douglas Moore,M,10th,Wilson High School,70,68
15392,Brittney Lee,F,11th,Wilson High School,77,97
15393,Dylan Ferguson,M,12th,Wilson High School,75,86
15394,Edward Simpson,M,11th,Wilson High School,82,90
15395,Jessica Suarez,F,10th,Wilson High School,86,98
15396,Brittany Benitez,F,10th,Wilson High School,79,99
15397,Trevor Parsons,M,10th,Wilson High School,79,78
15398,Matthew Myers,M,10th,Wilson High School,74,94
15399,Joseph Scott,M,10th,Wilson High School,78,75
15400,Cindy Burnett,F,12th,Wilson High School,96,79
15401,Gina Lamb,F,11th,Wilson High School,86,70
15402,Martin Schneider,M,10th,Wilson High School,94,75
15403,Shane Hernandez,M,10th,Wilson High School,80,92
15404,Laura Shepherd,F,11th,Wilson High School,75,94
15405,Chelsea Warren,F,12th,Wilson High School,79,86
15406,Rhonda Payne,F,12th,Wilson High School,79,83
15407,William Williams,M,9th,Wilson High School,87,85
15408,John Cline,M,9th,Wilson High School,81,77
15409,Scott Gallagher,M,11th,Wilson High School,93,89
15410,Sharon Moody,F,9th,Wilson High School,99,69
15411,Vincent Watkins,M,12th,Wilson High School,87,84
15412,Mrs. Brooke Henry ,F,11th,Wilson High School,90,81
15413,James Pham,M,10th,Wilson High School,84,81
15414,Robin Brooks,F,10th,Wilson High School,74,90
15415,Douglas Little,M,9th,Wilson High School,90,98
15416,Jason Anderson,M,9th,Wilson High School,76,87
15417,Caroline Romero,F,12th,Wilson High School,87,71
15418,Mark Wright,M,11th,Wilson High School,96,71
15419,Christopher Bradford,M,11th,Wilson High School,73,97
15420,Alexander Merritt,M,11th,Wilson High School,76,85
15421,James Walters,M,11th,Wilson High School,71,77
15422,Christian Campbell,M,10th,Wilson High School,92,84
15423,Matthew Evans,M,12th,Wilson High School,92,89
15424,Robert Anderson,M,12th,Wilson High School,94,84
15425,Melissa Brown,F,10th,Wilson High School,97,94
15426,Monica Shaffer,F,10th,Wilson High School,82,78
15427,Kimberly Williams,F,11th,Wilson High School,73,68
15428,Leslie Zamora,F,9th,Wilson High School,75,72
15429,Donna Thompson,F,10th,Wilson High School,84,97
15430,Gregory Carlson,M,11th,Wilson High School,95,76
15431,Alexis Turner,F,10th,Wilson High School,87,74
15432,Kimberly Carroll,F,9th,Wilson High School,82,83
15433,Franklin Humphrey,M,11th,Wilson High School,86,79
15434,Lisa Coleman,F,11th,Wilson High School,92,86
15435,Craig Hall,M,11th,Wilson High School,77,93
15436,Angelica Hobbs,F,10th,Wilson High School,83,72
15437,Annette Martin,F,9th,Wilson High School,83,92
15438,Melissa Jordan,F,11th,Wilson High School,75,81
15439,Kenneth Sweeney,M,9th,Wilson High School,86,92
15440,Jennifer Martin,F,10th,Wilson High School,69,89
15441,Mary Scott,F,10th,Wilson High School,86,94
15442,Nathaniel Fernandez,M,10th,Wilson High School,82,78
15443,Jennifer Coleman,F,9th,Wilson High School,71,80
15444,Brittany Walsh,F,11th,Wilson High School,99,83
15445,Robert Blackburn,M,10th,Wilson High School,79,77
15446,Monica Santiago,F,9th,Wilson High School,91,71
15447,Joshua Sanchez,M,12th,Wilson High School,91,77
15448,Julie Baker,F,9th,Wilson High School,85,73
15449,David Rose,M,10th,Wilson High School,84,89
15450,Louis Wilson,M,11th,Wilson High School,78,96
15451,Brian Powell III,M,9th,Wilson High School,77,99
15452,Christina Perry,F,12th,Wilson High School,71,85
15453,Dillon Rogers,M,9th,Wilson High School,70,68
15454,Jose Snyder,M,10th,Wilson High School,74,77
15455,Brian Lee,M,9th,Wilson High School,93,69
15456,Raymond Cole,M,9th,Wilson High School,78,95
15457,James Johnson,M,10th,Wilson High School,86,73
15458,Paula Waters,F,11th,Wilson High School,83,95
15459,Jonathan Morgan,M,10th,Wilson High School,89,90
15460,Scott Watson,M,9th,Wilson High School,81,70
15461,Kenneth Smith,M,12th,Wilson High School,84,93
15462,Christina Cook,F,9th,Wilson High School,84,78
15463,Barbara Caldwell,F,11th,Wilson High School,92,72
15464,Nicholas Carson,M,10th,Wilson High School,91,87
15465,Jesus Jones,M,11th,Wilson High School,85,90
15466,Caitlin Gordon,F,12th,Wilson High School,71,93
15467,Megan Benitez,F,11th,Wilson High School,94,73
15468,Kayla Garcia,F,10th,Wilson High School,89,74
15469,James Velasquez,M,9th,Wilson High School,71,83
15470,Gerald Reilly,M,9th,Wilson High School,75,91
15471,Michael Coleman,M,9th,Wilson High School,99,98
15472,Robin Frey,F,12th,Wilson High School,69,82
15473,Marissa Jones,F,9th,Wilson High School,89,94
15474,Logan Oconnell PhD,M,10th,Wilson High School,85,76
15475,Diane Williams,F,10th,Wilson High School,92,87
15476,Nicole Bates,F,10th,Wilson High School,78,97
15477,Nathan Jones,M,10th,Wilson High School,80,74
15478,Nathan York,M,12th,Wilson High School,74,87
15479,Rachel Elliott,F,12th,Wilson High School,69,98
15480,Emily Williams,F,12th,Wilson High School,69,73
15481,Sara Estrada,F,11th,Wilson High School,88,90
15482,Lori Martin,F,9th,Wilson High School,96,86
15483,Angela Bolton,F,10th,Wilson High School,91,77
15484,Jessica Wilson,F,10th,Wilson High School,85,72
15485,Sarah Lewis,F,11th,Wilson High School,70,78
15486,Julia Jackson,F,11th,Wilson High School,90,87
15487,Mark Randall,M,9th,Wilson High School,80,89
15488,Chris Clark,M,10th,Wilson High School,79,91
15489,Keith Oconnor,M,12th,Wilson High School,95,68
15490,Lance Rangel Jr.,M,12th,Wilson High School,94,72
15491,Corey Jackson,M,11th,Wilson High School,90,91
15492,John Cain,M,9th,Wilson High School,99,72
15493,Brian Sparks,M,12th,Wilson High School,80,92
15494,Amanda Bennett,F,10th,Wilson High School,79,92
15495,Richard Waters,M,12th,Wilson High School,78,92
15496,Justin Vasquez,M,9th,Wilson High School,91,89
15497,Jason Archer,M,9th,Wilson High School,89,88
15498,Tamara James,F,9th,Wilson High School,78,75
15499,Rodney Hendricks,M,12th,Wilson High School,83,99
15500,Nicole King,F,10th,Wilson High School,77,74
15501,Michael Johnson,M,11th,Wilson High School,92,75
15502,Christina Alvarez,F,10th,Wilson High School,87,71
15503,Jeffrey Sims,M,12th,Wilson High School,74,98
15504,Jay Henderson,M,9th,Wilson High School,73,91
15505,Kelly Powell,F,9th,Wilson High School,83,80
15506,John Carroll,M,9th,Wilson High School,80,79
15507,Mark Foley,M,12th,Wilson High School,90,72
15508,Emily Nelson,F,11th,Wilson High School,81,71
15509,Brenda White,F,9th,Wilson High School,76,88
15510,Anthony Mccormick,M,12th,Wilson High School,78,91
15511,Richard Gray,M,10th,Wilson High School,91,79
15512,Diane Smith,F,12th,Wilson High School,99,94
15513,Meghan Torres,F,10th,Wilson High School,79,85
15514,Jacqueline Wise,F,9th,Wilson High School,95,71
15515,Zachary Smith,M,11th,Wilson High School,87,77
15516,Roger Wilson,M,11th,Wilson High School,91,83
15517,Melissa Shelton,F,9th,Wilson High School,97,77
15518,Cindy Williams,F,12th,Wilson High School,84,68
15519,Jose Rodriguez,M,11th,Wilson High School,78,92
15520,Janet Hubbard,F,11th,Wilson High School,69,94
15521,Brandi Williams,F,12th,Wilson High School,84,70
15522,Veronica Hernandez,F,12th,Wilson High School,71,79
15523,Caitlin Osborne,F,10th,Wilson High School,73,70
15524,Samuel Ruiz ,M,12th,Wilson High School,89,74
15525,Julie Christian,F,12th,Wilson High School,76,84
15526,Stephanie Garcia,F,10th,Wilson High School,71,74
15527,Jon Robinson,M,9th,Wilson High School,99,77
15528,Kenneth Williams,M,11th,Wilson High School,97,79
15529,Jennifer Richard,F,9th,Wilson High School,85,76
15530,Sara Freeman,F,12th,Wilson High School,76,82
15531,Juan Edwards,M,9th,Wilson High School,76,68
15532,Steven Roberts,M,11th,Wilson High School,70,83
15533,Steven Rogers,M,10th,Wilson High School,94,78
15534,Charles Herrera,M,10th,Wilson High School,80,99
15535,Joshua Kaufman,M,10th,Wilson High School,85,94
15536,Bradley Strong,M,11th,Wilson High School,72,80
15537,April Johnson,F,12th,Wilson High School,69,88
15538,Andrea Wood,F,9th,Wilson High School,82,80
15539,Michael Roy,M,10th,Wilson High School,82,94
15540,Sandra Foster,F,9th,Wilson High School,99,75
15541,Robert Smith,M,10th,Wilson High School,86,79
15542,Ashlee Hays,F,12th,Wilson High School,82,83
15543,Scott Davis,M,12th,Wilson High School,94,80
15544,Carolyn Garza,F,10th,Wilson High School,99,90
15545,David Owens,M,10th,Wilson High School,94,85
15546,Joseph Greene,M,12th,Wilson High School,77,72
15547,Allison Smith,F,11th,Wilson High School,91,95
15548,Joseph Miller,M,12th,Wilson High School,82,98
15549,Stephen Cochran,M,9th,Wilson High School,84,74
15550,Jason Taylor,M,9th,Wilson High School,74,94
15551,Lauren Ward,F,9th,Wilson High School,70,98
15552,Richard Smith,M,11th,Wilson High School,87,97
15553,Joseph Mcclure,M,10th,Wilson High School,78,92
15554,Jennifer Kennedy,F,10th,Wilson High School,70,83
15555,Leslie Calhoun,F,10th,Wilson High School,97,75
15556,Brad Curtis,M,11th,Wilson High School,72,87
15557,Taylor Suarez,M,10th,Wilson High School,93,95
15558,Gerald Oneill,M,11th,Wilson High School,97,79
15559,Eric Ramirez,M,12th,Wilson High School,92,93
15560,Charles Henderson,M,9th,Wilson High School,93,79
15561,Peggy Gonzales,F,10th,Wilson High School,91,94
15562,Victor Jones,M,12th,Wilson High School,95,81
15563,Jeffrey Smith,M,12th,Wilson High School,90,90
15564,Alicia Kelley,F,9th,Wilson High School,92,72
15565,Theresa Sandoval,F,11th,Wilson High School,78,85
15566,Ronald Newton,M,12th,Wilson High School,91,72
15567,Gregory White,M,10th,Wilson High School,81,71
15568,Mark Brewer,M,9th,Wilson High School,94,96
15569,Tracey Snyder,F,12th,Wilson High School,71,93
15570,John Cooper,M,11th,Wilson High School,90,74
15571,David Lewis,M,9th,Wilson High School,83,88
15572,Karen Woods,F,10th,Wilson High School,98,70
15573,Mary Harris,F,11th,Wilson High School,83,79
15574,Joseph Montgomery,M,10th,Wilson High School,69,68
15575,Randy Johnson,M,10th,Wilson High School,74,68
15576,Kimberly Berg,F,11th,Wilson High School,73,96
15577,Derek Wilson,M,9th,Wilson High School,87,87
15578,Allen Jones,M,11th,Wilson High School,74,71
15579,Kristin Rodriguez,F,10th,Wilson High School,85,96
15580,Douglas Blake,M,11th,Wilson High School,84,73
15581,Joshua Powers,M,10th,Wilson High School,92,84
15582,Craig Smith,M,10th,Wilson High School,71,75
15583,Kimberly Thompson,F,11th,Wilson High School,82,95
15584,Gary Jarvis ,M,9th,Wilson High School,94,92
15585,Angela Mann,F,9th,Wilson High School,87,90
15586,Christine Patterson,F,9th,Wilson High School,81,89
15587,Dustin Stephenson ,M,11th,Wilson High School,74,81
15588,Laura Ramirez,F,9th,Wilson High School,97,70
15589,James Ray,M,10th,Wilson High School,87,72
15590,Brendan Sullivan,M,11th,Wilson High School,92,87
15591,Wanda Edwards,F,10th,Wilson High School,94,78
15592,Robin Mccoy,F,12th,Wilson High School,93,97
15593,Beverly Beasley,F,9th,Wilson High School,87,89
15594,Lori Coffey,F,11th,Wilson High School,83,90
15595,Sharon Nolan,F,10th,Wilson High School,93,81
15596,Mikayla Patterson,F,9th,Wilson High School,90,83
15597,Shelley Griffin,F,10th,Wilson High School,85,75
15598,Cole Oliver,M,9th,Wilson High School,70,96
15599,Larry Medina,M,10th,Wilson High School,92,70
15600,Sarah Adams,F,11th,Wilson High School,91,88
15601,Amy Kramer,F,9th,Wilson High School,71,77
15602,Pam Bass,F,12th,Wilson High School,78,85
15603,Melissa Burgess,F,10th,Wilson High School,86,83
15604,Thomas Aguilar,M,9th,Wilson High School,87,80
15605,Melissa Smith,F,10th,Wilson High School,88,88
15606,Carrie Smith,F,11th,Wilson High School,99,85
15607,Lindsay Lopez,F,10th,Wilson High School,92,91
15608,Brooke Larson,F,9th,Wilson High School,87,77
15609,Alison Aguilar,F,12th,Wilson High School,87,71
15610,David Carter,M,10th,Wilson High School,89,90
15611,John Brown,M,11th,Wilson High School,69,84
15612,Tammy Smith,F,9th,Wilson High School,78,69
15613,Patrick Gonzalez,M,9th,Wilson High School,86,83
15614,John Wright,M,10th,Wilson High School,79,75
15615,Diana Thompson,F,11th,Wilson High School,83,88
15616,Derek Orr,M,12th,Wilson High School,96,79
15617,Cristian Lucas,M,10th,Wilson High School,81,81
15618,Leslie Simmons,F,12th,Wilson High School,80,82
15619,David Santana,M,12th,Wilson High School,96,80
15620,Vincent Allen,M,10th,Wilson High School,87,80
15621,Michael Lozano,M,11th,Wilson High School,84,71
15622,Samantha Andrade,F,10th,Wilson High School,77,73
15623,Cody Chapman,M,9th,Wilson High School,94,99
15624,Ashley Walker,F,9th,Wilson High School,75,95
15625,Micheal Wilson,M,12th,Wilson High School,83,86
15626,Sharon Diaz,F,10th,Wilson High School,77,98
15627,Judith Powers,F,11th,Wilson High School,98,91
15628,Donna Gay,F,12th,Wilson High School,98,75
15629,Anthony Ortiz,M,12th,Wilson High School,94,91
15630,Jacqueline Kirk,F,10th,Wilson High School,91,93
15631,Jason Smith,M,9th,Wilson High School,98,81
15632,Nicolas Moore,M,9th,Wilson High School,93,81
15633,Tracy Robertson,F,9th,Wilson High School,97,83
15634,Gary Mitchell,M,10th,Wilson High School,69,70
15635,Matthew Anderson,M,9th,Wilson High School,92,76
15636,Amy Thomas,F,11th,Wilson High School,86,86
15637,Jessica Strickland,F,9th,Wilson High School,91,85
15638,Alexandra Yu,F,11th,Wilson High School,97,84
15639,Jordan Stewart,F,12th,Wilson High School,87,81
15640,Ryan Castillo,M,11th,Wilson High School,76,76
15641,Kenneth Olson,M,11th,Wilson High School,70,85
15642,Stacey Richmond,F,11th,Wilson High School,93,83
15643,Kevin Hurst,M,11th,Wilson High School,90,79
15644,Derrick Campbell ,M,11th,Wilson High School,79,84
15645,Christina Torres,F,11th,Wilson High School,74,86
15646,Lori Brown ,F,10th,Wilson High School,84,72
15647,Mrs. Brooke Rodgers,F,12th,Wilson High School,93,81
15648,Jennifer Erickson,F,10th,Wilson High School,73,95
15649,Christopher Mullins,M,11th,Wilson High School,98,71
15650,Gregory Arias,M,11th,Wilson High School,71,93
15651,Anthony Johnson,M,9th,Wilson High School,96,77
15652,Christopher Lopez,M,11th,Wilson High School,73,76
15653,Brent Jones,M,10th,Wilson High School,89,98
15654,Rebecca Martinez,F,12th,Wilson High School,95,94
15655,Cynthia Nicholson,F,12th,Wilson High School,99,85
15656,Sharon White,F,10th,Wilson High School,93,68
15657,Nathaniel Parks,M,10th,Wilson High School,81,80
15658,John Medina,M,12th,Wilson High School,93,80
15659,Michael Ellis,M,11th,Wilson High School,88,81
15660,Nathan Banks,M,10th,Wilson High School,88,68
15661,Doris Jones,F,9th,Wilson High School,72,71
15662,Veronica Lopez,F,11th,Wilson High School,86,77
15663,David White,M,10th,Wilson High School,81,92
15664,Marc Collins,M,11th,Wilson High School,70,81
15665,Michael Cervantes,M,9th,Wilson High School,99,71
15666,Nicole Ball,F,9th,Wilson High School,91,95
15667,Kyle Cox,M,10th,Wilson High School,75,91
15668,Katie Ramirez,F,10th,Wilson High School,88,97
15669,Elizabeth Ross,F,9th,Wilson High School,95,82
15670,Robert Reynolds,M,12th,Wilson High School,83,80
15671,Jasmine Griffin,F,9th,Wilson High School,78,81
15672,Elizabeth Hansen,F,12th,Wilson High School,72,77
15673,Scott Malone,M,12th,Wilson High School,76,81
15674,Heather Rodriguez,F,11th,Wilson High School,98,75
15675,Jessica Newton,F,12th,Wilson High School,95,94
15676,David Moss,M,10th,Wilson High School,99,94
15677,Justin James,M,9th,Wilson High School,93,88
15678,Brooke Diaz,F,11th,Wilson High School,91,75
15679,Abigail Charles,F,9th,Wilson High School,88,95
15680,Terry James,M,11th,Wilson High School,93,74
15681,Robyn Ryan,F,10th,Wilson High School,73,90
15682,Ashley Hall,F,9th,Wilson High School,78,85
15683,Sandra Smith,F,12th,Wilson High School,95,89
15684,Ashlee Barr,F,10th,Wilson High School,83,70
15685,Rachael Gordon,F,12th,Wilson High School,97,84
15686,Holly Vega,F,9th,Wilson High School,97,77
15687,Lisa Diaz,F,10th,Wilson High School,70,78
15688,Danielle Mcclain,F,10th,Wilson High School,80,85
15689,Elizabeth Cooper,F,11th,Wilson High School,99,69
15690,Michael Chen,M,10th,Wilson High School,70,74
15691,Donald Harris,M,9th,Wilson High School,80,70
15692,Carolyn Jones,F,10th,Wilson High School,87,99
15693,Tanner Cruz,M,11th,Wilson High School,78,78
15694,Tony Daniels,M,12th,Wilson High School,73,99
15695,Derrick Carrillo,M,12th,Wilson High School,89,72
15696,Stephanie Reed,F,12th,Wilson High School,83,99
15697,Michael Allen,M,10th,Wilson High School,96,85
15698,Kristin Chase,F,9th,Wilson High School,91,72
15699,Laurie Jones,F,9th,Wilson High School,91,85
15700,Matthew Vargas,M,9th,Wilson High School,84,77
15701,Timothy Stanley,M,9th,Wilson High School,78,97
15702,Bruce Hernandez,M,10th,Wilson High School,92,91
15703,Crystal Perez,F,9th,Wilson High School,99,98
15704,Julie Mayer,F,9th,Wilson High School,89,97
15705,Gina Grimes,F,11th,Wilson High School,94,91
15706,Jamie Mcdaniel,F,11th,Wilson High School,75,83
15707,Joshua Leblanc,M,12th,Wilson High School,73,90
15708,Joseph Knight ,M,10th,Wilson High School,99,96
15709,Shelley Williams,F,12th,Wilson High School,97,90
15710,April Rodriguez,F,10th,Wilson High School,77,75
15711,Heather Francis,F,9th,Wilson High School,86,91
15712,Linda Bush,F,11th,Wilson High School,90,98
15713,Jonathan Nelson,M,9th,Wilson High School,89,94
15714,Jason Ellis,M,9th,Wilson High School,77,89
15715,Donald Roth,M,10th,Wilson High School,93,75
15716,Hayley Arnold,F,12th,Wilson High School,93,86
15717,Stacy Hamilton,F,10th,Wilson High School,94,83
15718,Tiffany Coleman,F,9th,Wilson High School,93,84
15719,Craig Bowen,M,11th,Wilson High School,77,92
15720,Brandon Wallace,M,10th,Wilson High School,69,81
15721,Carmen Russell,F,11th,Wilson High School,80,90
15722,Sheila Hernandez,F,11th,Wilson High School,73,75
15723,Eric Green,M,9th,Wilson High School,85,76
15724,Jeremy Jones,M,10th,Wilson High School,96,76
15725,Richard Cervantes,M,9th,Wilson High School,80,98
15726,Nicole Jordan,F,10th,Wilson High School,98,99
15727,Mrs. Brittany Duncan ,F,10th,Wilson High School,83,99
15728,Cindy Howell,F,11th,Wilson High School,95,76
15729,Heather Bradford,F,11th,Wilson High School,71,75
15730,Shaun Pierce,M,9th,Wilson High School,93,88
15731,Kathryn Holland,F,11th,Wilson High School,79,86
15732,James Golden,M,10th,Wilson High School,72,91
15733,Nicole Wiggins,F,9th,Wilson High School,79,82
15734,Anthony Moore,M,9th,Wilson High School,74,92
15735,Karen Richardson,F,9th,Wilson High School,77,68
15736,Mary Baldwin,F,10th,Wilson High School,81,79
15737,Jeff Clark,M,12th,Wilson High School,95,85
15738,Tyler Jones,M,10th,Wilson High School,96,81
15739,Tracy Johnson,F,10th,Wilson High School,89,72
15740,Sarah Boyd,F,10th,Wilson High School,88,72
15741,Daniel Griffin,M,11th,Wilson High School,81,96
15742,Amanda Howell,F,12th,Wilson High School,98,88
15743,Jesus Lamb,M,9th,Wilson High School,80,95
15744,Diane Hess,F,12th,Wilson High School,89,86
15745,David Dickerson,M,11th,Wilson High School,71,98
15746,Kevin Wilson,M,11th,Wilson High School,94,78
15747,Glenda Evans,F,9th,Wilson High School,82,73
15748,Matthew Moreno,M,9th,Wilson High School,79,89
15749,Tammy Nichols,F,12th,Wilson High School,81,99
15750,Nicole Simpson,F,9th,Wilson High School,79,88
15751,Lauren Andrade,F,10th,Wilson High School,98,95
15752,Yolanda Cole,F,10th,Wilson High School,82,95
15753,Bradley Martin,M,11th,Wilson High School,74,92
15754,Deanna Howell,F,10th,Wilson High School,88,82
15755,Carrie Wright,F,11th,Wilson High School,86,83
15756,Thomas Novak,M,9th,Wilson High School,71,79
15757,Haley Parrish,F,12th,Wilson High School,87,97
15758,Alan Clark,M,9th,Wilson High School,75,68
15759,Ian Fuentes,M,10th,Wilson High School,72,76
15760,Michael Clay,M,11th,Wilson High School,86,86
15761,Terry Cruz,F,11th,Wilson High School,69,94
15762,Andrea Wilson,F,11th,Wilson High School,83,99
15763,Larry Young,M,10th,Wilson High School,94,98
15764,Bryan Osborne,M,9th,Wilson High School,77,72
15765,Mrs. Jennifer Edwards ,F,10th,Wilson High School,71,86
15766,Willie Doyle,M,12th,Wilson High School,86,96
15767,Emily Thomas,F,10th,Wilson High School,74,92
15768,Ashley Khan,F,12th,Wilson High School,94,69
15769,Richard Bradford,M,9th,Wilson High School,90,85
15770,Sarah Brooks,F,11th,Wilson High School,79,82
15771,Zachary Scott,M,10th,Wilson High School,93,86
15772,Destiny Maldonado,F,10th,Wilson High School,97,82
15773,Eric Henry,M,12th,Wilson High School,93,88
15774,Christopher Flowers,M,9th,Wilson High School,95,73
15775,Deborah Wade,F,10th,Wilson High School,83,77
15776,Joshua Williamson,M,10th,Wilson High School,81,85
15777,Amber Santiago,F,12th,Wilson High School,79,77
15778,David Johnson,M,9th,Wilson High School,97,95
15779,Caitlin Stevenson,F,10th,Wilson High School,77,72
15780,Joshua Morales,M,10th,Wilson High School,70,83
15781,William Greene,M,12th,Wilson High School,69,75
15782,Brian Jackson,M,12th,Wilson High School,78,91
15783,Tammy Maxwell,F,9th,Wilson High School,88,99
15784,Mackenzie Holmes,F,11th,Wilson High School,82,71
15785,Holly Miles,F,11th,Wilson High School,85,82
15786,Robert Watts,M,9th,Wilson High School,97,94
15787,Kevin Deleon,M,9th,Wilson High School,96,73
15788,Charles Cox,M,11th,Wilson High School,74,70
15789,Kyle Dixon,M,9th,Wilson High School,74,90
15790,Michael Miller,M,10th,Wilson High School,95,72
15791,Michael Combs,M,12th,Wilson High School,96,72
15792,Richard Martinez,M,12th,Wilson High School,86,89
15793,Sandra Johnson,F,12th,Wilson High School,97,70
15794,Amy Mclean,F,11th,Wilson High School,77,83
15795,Jessica Mckinney,F,10th,Wilson High School,80,72
15796,Elizabeth Ayala,F,11th,Wilson High School,78,81
15797,Aaron Mcdonald,M,11th,Wilson High School,72,77
15798,Ronald Barrett,M,9th,Wilson High School,89,74
15799,Debra Brown,F,11th,Wilson High School,78,96
15800,Sarah Perez,F,11th,Wilson High School,81,88
15801,Eric Molina,M,9th,Wilson High School,77,87
15802,Lori Parks,F,12th,Wilson High School,81,78
15803,Jessica Taylor,F,11th,Wilson High School,77,95
15804,Brandon Salazar,M,10th,Wilson High School,82,94
15805,Robert Larson,M,10th,Wilson High School,71,86
15806,Shelly Woods,F,12th,Wilson High School,90,77
15807,Christina Colon,F,12th,Wilson High School,89,81
15808,Danielle Sanchez,F,10th,Wilson High School,99,85
15809,Michael Hunter,M,9th,Wilson High School,98,80
15810,Tina Moore,F,10th,Wilson High School,77,92
15811,Ryan Gonzalez,M,10th,Wilson High School,69,82
15812,Trevor Lee,M,10th,Wilson High School,81,86
15813,Paula White,F,11th,Wilson High School,89,90
15814,Robert Cooper,M,11th,Wilson High School,83,90
15815,Andrew Rose,M,11th,Wilson High School,79,90
15816,Amanda Neal,F,11th,Wilson High School,93,75
15817,Denise Marquez,F,12th,Wilson High School,79,79
15818,Cynthia Thornton,F,9th,Wilson High School,79,96
15819,Diane Curry,F,10th,Wilson High School,94,98
15820,Sara Jensen,F,11th,Wilson High School,94,68
15821,Samuel Mercer,M,11th,Wilson High School,91,79
15822,Brandon Garcia,M,9th,Wilson High School,98,71
15823,Jasmin Montgomery,F,11th,Wilson High School,76,77
15824,Megan Brown,F,9th,Wilson High School,72,96
15825,Rodney Davis,M,10th,Wilson High School,94,79
15826,Robin Palmer,F,9th,Wilson High School,80,77
15827,Jeanette Todd,F,9th,Wilson High School,86,87
15828,Bryan Mitchell,M,11th,Wilson High School,82,68
15829,Virginia Williams,F,11th,Wilson High School,70,92
15830,Patrick Jacobson,M,12th,Wilson High School,95,74
15831,Steven Parks,M,10th,Wilson High School,90,80
15832,Michael Fritz,M,9th,Wilson High School,72,81
15833,Kayla Henry,F,10th,Wilson High School,74,70
15834,David Phillips,M,11th,Wilson High School,97,80
15835,Kristen Adams,F,10th,Wilson High School,85,97
15836,Erika Black,F,11th,Wilson High School,73,69
15837,Megan Wise,F,12th,Wilson High School,75,77
15838,Gregg Garcia,M,11th,Wilson High School,75,93
15839,Jeremy Clark,M,12th,Wilson High School,89,84
15840,Karen Clark,F,11th,Wilson High School,79,84
15841,Carla Davis,F,11th,Wilson High School,75,92
15842,Lawrence Hamilton,M,9th,Wilson High School,92,77
15843,Christina Walsh,F,12th,Wilson High School,81,70
15844,Renee Freeman,F,10th,Wilson High School,88,80
15845,Ricardo Rodriguez,M,9th,Wilson High School,97,95
15846,Michelle Farrell,F,9th,Wilson High School,85,68
15847,Kristin Clark,F,11th,Wilson High School,97,84
15848,Deborah Li,F,10th,Wilson High School,99,96
15849,Jamie Collins,F,9th,Wilson High School,83,84
15850,Shannon Rice,F,10th,Wilson High School,83,81
15851,Natalie Perry,F,12th,Wilson High School,70,94
15852,Rita Owens,F,10th,Wilson High School,84,98
15853,Daniel Blair,M,9th,Wilson High School,95,97
15854,Rachel Davis,F,10th,Wilson High School,75,69
15855,William Cook PhD,M,9th,Wilson High School,87,73
15856,Tracy Serrano,F,9th,Wilson High School,76,99
15857,Jade Hall,F,9th,Wilson High School,77,92
15858,Christine Morales,F,10th,Wilson High School,75,72
15859,Mark Rogers,M,10th,Wilson High School,72,70
15860,Robert Walker,M,10th,Wilson High School,76,94
15861,Andrea Clark,F,12th,Wilson High School,77,82
15862,Corey Anderson,M,12th,Wilson High School,86,90
15863,Brianna Sawyer,F,10th,Wilson High School,98,97
15864,Dwayne Jimenez,M,11th,Wilson High School,87,82
15865,Jacob Mckee,M,12th,Wilson High School,81,70
15866,Becky Davis,F,12th,Wilson High School,85,75
15867,Daniel Williams,M,11th,Wilson High School,84,69
15868,Anthony Ryan,M,10th,Wilson High School,91,70
15869,Natalie Baldwin,F,10th,Wilson High School,80,73
15870,Jeff Stephens,M,9th,Wilson High School,84,82
15871,Shawn Stone,M,11th,Wilson High School,80,86
15872,Ricky Simpson,M,11th,Wilson High School,89,88
15873,Terry Maddox,M,12th,Wilson High School,85,72
15874,Kent Simpson,M,12th,Wilson High School,83,95
15875,Martin Wu,M,10th,Wilson High School,70,96
15876,Holly Potter,F,9th,Wilson High School,84,70
15877,Cynthia Sharp,F,9th,Wilson High School,83,96
15878,Jesse Randall,M,12th,Wilson High School,70,86
15879,Sandra Mcmahon,F,10th,Wilson High School,89,85
15880,Todd Carroll,M,12th,Wilson High School,86,88
15881,Calvin Watson,M,9th,Wilson High School,80,77
15882,Anthony Jones,M,11th,Wilson High School,81,74
15883,Felicia Acevedo,F,12th,Wilson High School,77,98
15884,Patrick Dixon,M,9th,Wilson High School,85,95
15885,Curtis Rodriguez,M,9th,Wilson High School,83,80
15886,Lynn Humphrey,F,11th,Wilson High School,70,70
15887,Kelsey Brown,F,9th,Wilson High School,78,69
15888,Marcus Jones,M,12th,Wilson High School,95,68
15889,Briana Dyer,F,12th,Wilson High School,89,79
15890,Monica Ward,F,10th,Wilson High School,87,98
15891,Theresa Anderson,F,10th,Wilson High School,89,96
15892,Jonathan Villa,M,9th,Wilson High School,88,89
15893,Julie Clark,F,11th,Wilson High School,86,85
15894,Darlene Todd,F,11th,Wilson High School,78,90
15895,Lisa Marshall,F,11th,Wilson High School,82,75
15896,Amanda Anthony,F,11th,Wilson High School,73,76
15897,Kristina White ,F,10th,Wilson High School,97,89
15898,Christopher Juarez,M,9th,Wilson High School,81,85
15899,Charles Lopez,M,10th,Wilson High School,96,78
15900,Lindsey Wall,F,11th,Wilson High School,82,98
15901,Roy Hernandez,M,10th,Wilson High School,89,81
15902,Erica Stone,F,9th,Wilson High School,88,76
15903,Mary Kelly,F,11th,Wilson High School,91,93
15904,Karen Douglas,F,12th,Wilson High School,89,96
15905,William Pittman,M,11th,Wilson High School,83,85
15906,Lawrence Sanchez,M,10th,Wilson High School,78,68
15907,Danielle Maldonado,F,9th,Wilson High School,82,72
15908,Jason Clark,M,11th,Wilson High School,80,96
15909,Erin Simmons,F,10th,Wilson High School,82,83
15910,Kurt Reed,M,10th,Wilson High School,89,98
15911,Tammy Carter,F,10th,Wilson High School,76,99
15912,Steven Bonilla,M,12th,Wilson High School,89,88
15913,Cindy Rodriguez,F,9th,Wilson High School,99,91
15914,Natasha Rodriguez,F,12th,Wilson High School,75,84
15915,Jill Porter,F,11th,Wilson High School,69,86
15916,Donna Dickerson,F,12th,Wilson High School,78,94
15917,Andrea Coleman,F,11th,Wilson High School,86,89
15918,Eric Jones,M,9th,Wilson High School,88,98
15919,Angela Johnson,F,12th,Wilson High School,72,85
15920,Pam Davis,F,10th,Wilson High School,84,75
15921,Derek Pitts,M,10th,Wilson High School,86,75
15922,Vicki Stein,F,9th,Wilson High School,91,73
15923,Mackenzie Michael,F,9th,Wilson High School,71,89
15924,Chelsea Reed,F,11th,Wilson High School,95,82
15925,Karen Garcia,F,10th,Wilson High School,85,75
15926,Angel Nunez,F,12th,Wilson High School,77,81
15927,Michael Newman,M,12th,Wilson High School,82,93
15928,Ronald Santiago,M,11th,Wilson High School,90,77
15929,Shelley Dominguez,F,11th,Wilson High School,73,71
15930,Jason Luna,M,12th,Wilson High School,78,71
15931,Brandon Reese,M,9th,Wilson High School,75,80
15932,Corey Robinson,M,9th,Wilson High School,89,89
15933,Katie Kim,F,10th,Wilson High School,77,79
15934,Jonathan Mckenzie,M,9th,Wilson High School,97,90
15935,Julia Matthews,F,10th,Wilson High School,75,99
15936,Alicia Price,F,10th,Wilson High School,85,99
15937,Joel Taylor,M,9th,Wilson High School,75,81
15938,Mary Wood,F,10th,Wilson High School,84,98
15939,Susan Jones,F,12th,Wilson High School,94,90
15940,Tonya Henry ,F,11th,Wilson High School,85,78
15941,Ann Knox,F,10th,Wilson High School,91,70
15942,Ronald Erickson,M,11th,Wilson High School,99,89
15943,Richard Pena,M,12th,Wilson High School,97,71
15944,Johnny Valenzuela,M,9th,Wilson High School,83,69
15945,Jacob Cruz,M,9th,Wilson High School,82,94
15946,Robert Sanders PhD,M,12th,Wilson High School,70,69
15947,Jamie David,F,12th,Wilson High School,97,68
15948,Lawrence Franklin,M,9th,Wilson High School,97,79
15949,Haley Hicks,F,11th,Wilson High School,89,91
15950,Chelsea Irwin,F,9th,Wilson High School,70,92
15951,Jose Evans,M,9th,Wilson High School,72,94
15952,Danielle Cook,F,10th,Wilson High School,96,91
15953,Kathleen King,F,11th,Wilson High School,85,78
15954,Wyatt Roberts,M,9th,Wilson High School,78,87
15955,Amanda Bell,F,9th,Wilson High School,77,74
15956,Timothy Miller,M,11th,Wilson High School,85,91
15957,Sharon Brown,F,9th,Wilson High School,79,69
15958,Lauren Cameron,F,9th,Wilson High School,88,89
15959,Matthew Flores,M,9th,Wilson High School,75,92
15960,Mark Warren,M,12th,Wilson High School,94,79
15961,Angelica Smith,F,11th,Wilson High School,96,80
15962,Jason Clark,M,11th,Wilson High School,92,85
15963,Cynthia Kelley,F,9th,Wilson High School,90,93
15964,Ashley White,F,12th,Wilson High School,84,89
15965,Noah Herrera Jr.,M,10th,Wilson High School,71,68
15966,Matthew Murphy,M,11th,Wilson High School,93,80
15967,Benjamin Freeman,M,10th,Wilson High School,90,71
15968,Douglas Goodman,M,10th,Wilson High School,69,79
15969,Tamara Jefferson,F,11th,Wilson High School,71,89
15970,Brittney Olson,F,9th,Wilson High School,78,96
15971,Angela Johnston,F,9th,Wilson High School,99,83
15972,Tracy Haas,M,10th,Wilson High School,93,69
15973,Sandra Castillo,F,11th,Wilson High School,88,86
15974,Hannah Khan,F,9th,Wilson High School,69,98
15975,Christine Stephenson,F,9th,Wilson High School,86,80
15976,Mark Casey,M,10th,Wilson High School,72,80
15977,Melissa Cole,F,9th,Wilson High School,91,73
15978,Victoria Hayden,F,10th,Wilson High School,85,88
15979,Jeffrey Davis,M,11th,Wilson High School,93,73
15980,Gordon Espinoza,M,10th,Wilson High School,95,81
15981,Joshua Jones,M,12th,Wilson High School,94,95
15982,Angela Watson,F,9th,Wilson High School,93,91
15983,Brittany Anderson,F,11th,Wilson High School,88,79
15984,Johnny Stout,M,10th,Wilson High School,72,98
15985,Madison Cruz,F,12th,Wilson High School,70,96
15986,Sheila Santiago,F,10th,Wilson High School,87,80
15987,Kevin Lara,M,9th,Wilson High School,80,93
15988,John Stewart,M,9th,Wilson High School,79,81
15989,Adrian Delacruz,M,9th,Wilson High School,70,78
15990,Linda Marshall ,F,11th,Wilson High School,71,74
15991,James Wiley,M,10th,Wilson High School,82,76
15992,Julia Tucker,F,12th,Wilson High School,91,88
15993,Anne Mosley,F,12th,Wilson High School,90,79
15994,Glenn Miller,M,10th,Wilson High School,73,86
15995,Dennis Daniels,M,9th,Wilson High School,78,90
15996,Gina King,F,9th,Wilson High School,79,87
15997,Gregory Baker,M,10th,Wilson High School,79,73
15998,James Davis ,M,11th,Wilson High School,86,99
15999,Jon Moore,M,11th,Wilson High School,97,91
16000,Anthony Juarez,M,10th,Wilson High School,72,85
16001,John Williams,M,9th,Wilson High School,77,88
16002,Thomas White,M,9th,Wilson High School,92,81
16003,Ashley Mann,F,10th,Wilson High School,74,68
16004,Michael Vargas,M,12th,Wilson High School,98,72
16005,Becky Garza,F,10th,Wilson High School,83,95
16006,Kelly Willis,F,9th,Wilson High School,82,81
16007,Stephanie Jones,F,12th,Wilson High School,79,73
16008,Sydney Taylor,F,9th,Wilson High School,72,88
16009,Steven Holt,M,9th,Wilson High School,92,93
16010,Hailey Scott,F,10th,Wilson High School,93,96
16011,Barbara Nicholson,F,11th,Wilson High School,77,97
16012,Eric Anderson,M,12th,Wilson High School,89,95
16013,Olivia Short,F,11th,Cabrera High School,94,94
16014,Kerry Jones,F,9th,Cabrera High School,98,97
16015,Bruce Jackson,M,12th,Cabrera High School,78,83
16016,Amy Green,F,12th,Cabrera High School,89,92
16017,Melanie Mason,F,12th,Cabrera High School,96,71
16018,Donna Knapp,F,10th,Cabrera High School,82,72
16019,Dylan Elliott,M,12th,Cabrera High School,95,97
16020,Renee Randall,F,10th,Cabrera High School,99,70
16021,Dennis Castaneda,M,11th,Cabrera High School,86,89
16022,Nicole Petersen,F,9th,Cabrera High School,86,96
16023,Michael Curry,M,10th,Cabrera High School,89,99
16024,Joseph Evans,M,11th,Cabrera High School,95,84
16025,Dawn Gilbert ,F,10th,Cabrera High School,79,82
16026,William Vasquez,M,9th,Cabrera High School,72,69
16027,Selena West,F,10th,Cabrera High School,90,70
16028,Shawn Jackson,M,11th,Cabrera High School,89,95
16029,Jason Gardner,M,9th,Cabrera High School,73,84
16030,Charles Odonnell,M,10th,Cabrera High School,80,98
16031,Isaiah Marshall,M,9th,Cabrera High School,92,94
16032,Juan Ibarra,M,11th,Cabrera High School,77,68
16033,Christopher Anderson,M,10th,Cabrera High School,70,70
16034,Christopher Carter,M,12th,Cabrera High School,94,68
16035,Susan Hernandez,F,10th,Cabrera High School,95,79
16036,Mary Powell,F,10th,Cabrera High School,71,68
16037,Benjamin Mcgee,M,9th,Cabrera High School,93,81
16038,Melissa Barker,F,10th,Cabrera High School,82,82
16039,Joshua Mercado,M,10th,Cabrera High School,75,71
16040,Steven Perez,M,10th,Cabrera High School,87,94
16041,Lindsey Lee,F,11th,Cabrera High School,95,76
16042,Melissa Martin,F,10th,Cabrera High School,70,94
16043,Michael Harris,M,12th,Cabrera High School,88,86
16044,Jason Cabrera,M,9th,Cabrera High School,95,85
16045,Amanda White,F,10th,Cabrera High School,73,93
16046,Todd Wade,M,9th,Cabrera High School,73,87
16047,Kevin Young,M,10th,Cabrera High School,75,71
16048,Thomas Woodard,M,10th,Cabrera High School,87,73
16049,John Cooper,M,9th,Cabrera High School,77,71
16050,Nicole Evans,F,11th,Cabrera High School,83,81
16051,Ronnie Hoffman,M,11th,Cabrera High School,94,88
16052,James Cruz,M,12th,Cabrera High School,86,68
16053,Danielle Smith,F,10th,Cabrera High School,91,80
16054,Joseph King,M,11th,Cabrera High School,90,69
16055,Theresa Fuller,F,9th,Cabrera High School,77,91
16056,Kendra Chambers,F,9th,Cabrera High School,99,79
16057,Dennis Andrews,M,11th,Cabrera High School,83,68
16058,Julie Harris,F,12th,Cabrera High School,78,92
16059,Jaime Brooks,F,11th,Cabrera High School,84,90
16060,Christine Miller,F,9th,Cabrera High School,87,91
16061,Julie Wells,F,12th,Cabrera High School,70,77
16062,Courtney Ramirez,F,11th,Cabrera High School,69,79
16063,Jeffrey Owens,M,10th,Cabrera High School,88,85
16064,Michael West,M,11th,Cabrera High School,72,71
16065,John Evans,M,10th,Cabrera High School,79,69
16066,Craig Fernandez,M,12th,Cabrera High School,96,77
16067,Gary Wise,M,9th,Cabrera High School,73,86
16068,Gregory Walton,M,12th,Cabrera High School,94,78
16069,Shelly Foley,F,10th,Cabrera High School,89,96
16070,Ashley Fleming,F,11th,Cabrera High School,99,78
16071,Lisa Burke,F,10th,Cabrera High School,70,75
16072,Brian Oneal,M,12th,Cabrera High School,69,95
16073,Lisa David,F,11th,Cabrera High School,87,84
16074,Dylan Bradley,M,9th,Cabrera High School,90,97
16075,Susan Leonard,F,12th,Cabrera High School,98,75
16076,Michael Brooks,M,11th,Cabrera High School,94,72
16077,Darius Thomas,M,12th,Cabrera High School,99,90
16078,Adrian Smith,M,12th,Cabrera High School,77,77
16079,Matthew Wilson,M,9th,Cabrera High School,91,92
16080,Cory Reeves,M,9th,Cabrera High School,70,70
16081,Linda Lyons,F,12th,Cabrera High School,88,73
16082,Shannon Ortiz ,F,12th,Cabrera High School,93,94
16083,Jaime Cunningham,M,11th,Cabrera High School,91,97
16084,Kenneth Howard,M,9th,Cabrera High School,76,85
16085,Daniel Baker,M,9th,Cabrera High School,91,95
16086,Lee Griffin,M,10th,Cabrera High School,87,70
16087,Vickie Rice,F,12th,Cabrera High School,92,99
16088,Jesus Thompson,M,10th,Cabrera High School,87,86
16089,John Lambert,M,10th,Cabrera High School,91,89
16090,Emily Short,F,10th,Cabrera High School,98,82
16091,Brett Trujillo,M,10th,Cabrera High School,82,95
16092,Tonya Lewis,F,10th,Cabrera High School,82,76
16093,Bonnie Miller,F,12th,Cabrera High School,93,74
16094,Tara Bishop,F,11th,Cabrera High School,85,86
16095,Bryan Blackwell,M,12th,Cabrera High School,91,91
16096,Ashley Jones,F,9th,Cabrera High School,95,80
16097,Holly Stephens,F,12th,Cabrera High School,92,80
16098,Suzanne Kelly,F,12th,Cabrera High School,76,80
16099,Richard Lloyd,M,9th,Cabrera High School,74,87
16100,Daniel Carr,M,11th,Cabrera High School,73,74
16101,Jonathan Diaz,M,12th,Cabrera High School,83,86
16102,Michael Moore,M,9th,Cabrera High School,97,81
16103,Lisa Jones,F,12th,Cabrera High School,81,78
16104,Nicholas Green,M,9th,Cabrera High School,87,81
16105,Timothy Wagner,M,12th,Cabrera High School,77,70
16106,Mrs. Brenda Bishop ,F,9th,Cabrera High School,70,78
16107,Stephen Lawrence,M,9th,Cabrera High School,94,79
16108,Michael Kelley,M,12th,Cabrera High School,93,87
16109,Jerry Holland,M,9th,Cabrera High School,76,89
16110,Cindy Washington,F,10th,Cabrera High School,74,96
16111,Ashley Singh,F,10th,Cabrera High School,89,74
16112,Robert Aguilar,M,11th,Cabrera High School,82,92
16113,Carol Hopkins,F,10th,Cabrera High School,94,75
16114,Daniel Brewer,M,10th,Cabrera High School,79,69
16115,Mallory Solomon,F,10th,Cabrera High School,71,70
16116,Richard Lyons,M,11th,Cabrera High School,84,88
16117,Chelsea Nicholson,F,12th,Cabrera High School,79,91
16118,Thomas Flores,M,9th,Cabrera High School,79,80
16119,Wanda Miller ,F,10th,Cabrera High School,98,80
16120,Erica Allison,F,9th,Cabrera High School,89,95
16121,Micheal Potter,M,11th,Cabrera High School,72,75
16122,Brandon Mathews,M,10th,Cabrera High School,91,86
16123,Christopher Green,M,10th,Cabrera High School,71,89
16124,Patrick Robinson,M,11th,Cabrera High School,90,83
16125,Kevin Whitehead,M,11th,Cabrera High School,76,71
16126,Linda Cooper,F,9th,Cabrera High School,98,72
16127,Kathryn Robertson,F,9th,Cabrera High School,85,96
16128,Kelly Bennett,F,9th,Cabrera High School,86,78
16129,Mrs. Sheila Wagner,F,12th,Cabrera High School,84,93
16130,Jennifer Morris,F,9th,Cabrera High School,86,97
16131,Rebecca Brooks,F,9th,Cabrera High School,92,75
16132,David Cochran,M,11th,Cabrera High School,88,83
16133,Chelsey Fowler,F,10th,Cabrera High School,86,89
16134,Eric Davis,M,10th,Cabrera High School,88,88
16135,Brandy White,F,9th,Cabrera High School,85,91
16136,John Porter,M,12th,Cabrera High School,91,81
16137,Michael Forbes,M,11th,Cabrera High School,77,76
16138,Jonathan Calhoun,M,9th,Cabrera High School,80,73
16139,Ronald Miller,M,10th,Cabrera High School,83,94
16140,Cory Rodgers,M,10th,Cabrera High School,91,95
16141,Catherine Solis,F,9th,Cabrera High School,92,79
16142,Kristina Black,F,12th,Cabrera High School,83,85
16143,William Osborn,M,10th,Cabrera High School,85,89
16144,Ryan Archer,M,12th,Cabrera High School,69,86
16145,Patrick Wong,M,9th,Cabrera High School,70,78
16146,Katrina Walker,F,10th,Cabrera High School,88,70
16147,Crystal Wood,F,12th,Cabrera High School,93,92
16148,Stacey Franco,F,9th,Cabrera High School,86,78
16149,Angelica Curry,F,10th,Cabrera High School,72,83
16150,Christopher Harris,M,12th,Cabrera High School,81,93
16151,Stephen Trujillo,M,10th,Cabrera High School,79,85
16152,Mrs. Kathleen Johnson ,F,11th,Cabrera High School,96,72
16153,Stephanie Watson,F,10th,Cabrera High School,74,70
16154,Wanda Collins,F,11th,Cabrera High School,77,95
16155,Robert Jones,M,12th,Cabrera High School,99,95
16156,Jeffery Cook,M,9th,Cabrera High School,90,84
16157,Joseph Sanchez,M,11th,Cabrera High School,89,78
16158,Kelsey Perry,F,9th,Cabrera High School,93,83
16159,Brendan Cole,M,11th,Cabrera High School,83,92
16160,Morgan Owens,F,10th,Cabrera High School,76,81
16161,Erin Campos,F,10th,Cabrera High School,74,79
16162,Edward Nichols,M,12th,Cabrera High School,98,93
16163,Rodney Parker,M,10th,Cabrera High School,85,89
16164,Nicholas Smith,M,10th,Cabrera High School,79,68
16165,Spencer Griffith,M,12th,Cabrera High School,88,79
16166,Thomas Mendoza,M,10th,Cabrera High School,77,84
16167,Shannon Moss,F,10th,Cabrera High School,75,95
16168,Teresa Mcdonald,F,10th,Cabrera High School,98,76
16169,Joel Hall,M,10th,Cabrera High School,73,84
16170,Michael Brennan,M,10th,Cabrera High School,96,72
16171,Andrew Morris,M,9th,Cabrera High School,87,73
16172,Nancy Heath,F,11th,Cabrera High School,77,88
16173,Anthony Moody,M,11th,Cabrera High School,86,96
16174,Brooke Johnson,F,10th,Cabrera High School,76,91
16175,Denise Wilkerson,F,10th,Cabrera High School,72,72
16176,Jennifer Kennedy,F,10th,Cabrera High School,75,77
16177,Robert French,M,11th,Cabrera High School,87,81
16178,Cassandra Reid,F,9th,Cabrera High School,71,73
16179,Shawn Rodriguez,M,9th,Cabrera High School,93,84
16180,Eric Watson,M,11th,Cabrera High School,78,89
16181,Toni Shaw,F,9th,Cabrera High School,86,92
16182,Diana Stokes,F,9th,Cabrera High School,71,78
16183,Mike Erickson,M,12th,Cabrera High School,71,72
16184,Tonya Anderson,F,10th,Cabrera High School,97,80
16185,Sean Pineda,M,12th,Cabrera High School,83,84
16186,Kelly Smith,F,11th,Cabrera High School,91,79
16187,Shannon Russo,F,12th,Cabrera High School,88,69
16188,Laura Lewis,F,12th,Cabrera High School,96,79
16189,Daniel Diaz,M,12th,Cabrera High School,86,75
16190,Anthony Hodges,M,9th,Cabrera High School,83,94
16191,Christine Oliver,F,9th,Cabrera High School,74,74
16192,Marc Davis,M,11th,Cabrera High School,74,79
16193,Steven Murphy,M,10th,Cabrera High School,83,70
16194,Adam Moore,M,11th,Cabrera High School,85,76
16195,Stephanie Gibson,F,9th,Cabrera High School,90,70
16196,Christina Casey,F,11th,Cabrera High School,79,94
16197,Jennifer Moyer,F,9th,Cabrera High School,91,85
16198,Krystal Mcdaniel,F,9th,Cabrera High School,86,81
16199,Janet Lewis,F,9th,Cabrera High School,93,76
16200,Laura Barry,F,11th,Cabrera High School,84,77
16201,Anthony West,M,12th,Cabrera High School,80,86
16202,Stefanie Jennings,F,12th,Cabrera High School,86,78
16203,Amy Wilson,F,10th,Cabrera High School,73,81
16204,Felicia Turner,F,9th,Cabrera High School,80,98
16205,Brenda Rice,F,10th,Cabrera High School,83,76
16206,Holly Davis,F,9th,Cabrera High School,81,89
16207,Michelle Miller,F,12th,Cabrera High School,83,77
16208,Chad Chavez ,M,11th,Cabrera High School,81,77
16209,Donna Hernandez,F,11th,Cabrera High School,79,78
16210,Shane Lyons,M,12th,Cabrera High School,70,70
16211,William Holt,M,10th,Cabrera High School,78,68
16212,Paul Jensen PhD,M,9th,Cabrera High School,84,78
16213,Mark Edwards,M,11th,Cabrera High School,78,74
16214,Jenna Garcia,F,9th,Cabrera High School,81,90
16215,Bradley Young,M,9th,Cabrera High School,78,95
16216,Joshua Green,M,10th,Cabrera High School,91,94
16217,Cheryl Bryant,F,10th,Cabrera High School,91,74
16218,Curtis Nelson,M,9th,Cabrera High School,96,70
16219,Heather Watson,F,9th,Cabrera High School,72,94
16220,James Ferguson,M,9th,Cabrera High School,87,75
16221,Samuel Gonzalez,M,11th,Cabrera High School,73,89
16222,Daniel Diaz,M,10th,Cabrera High School,91,71
16223,David Gilbert,M,11th,Cabrera High School,93,92
16224,Jill Sweeney,F,9th,Cabrera High School,78,89
16225,Cassandra Gardner ,F,12th,Cabrera High School,86,77
16226,Mrs. Susan Klein,F,10th,Cabrera High School,79,83
16227,Scott Shelton,M,12th,Cabrera High School,69,71
16228,Lisa Morris,F,9th,Cabrera High School,97,86
16229,Jacob Rodriguez,M,11th,Cabrera High School,95,76
16230,Tyler Butler,M,11th,Cabrera High School,71,84
16231,Jessica Brown,F,10th,Cabrera High School,71,96
16232,Shelly Poole,F,11th,Cabrera High School,96,89
16233,Allison Wood,F,12th,Cabrera High School,99,84
16234,Nicholas Baldwin,M,11th,Cabrera High School,70,89
16235,Samuel Roy,M,10th,Cabrera High School,69,70
16236,Richard Fritz,M,9th,Cabrera High School,75,96
16237,Raymond Williams,M,10th,Cabrera High School,77,95
16238,John Sullivan,M,12th,Cabrera High School,97,72
16239,Nicholas Schultz,M,11th,Cabrera High School,98,81
16240,William White,M,11th,Cabrera High School,82,97
16241,Louis Flowers,M,10th,Cabrera High School,93,77
16242,Jessica Beltran,F,9th,Cabrera High School,75,71
16243,Maria Perez,F,11th,Cabrera High School,76,97
16244,Jeffery Martinez,M,9th,Cabrera High School,75,78
16245,Sergio Moody,M,12th,Cabrera High School,86,85
16246,William Jimenez,M,11th,Cabrera High School,83,90
16247,Caitlin Rivera,F,9th,Cabrera High School,87,99
16248,Jessica Elliott,F,11th,Cabrera High School,81,71
16249,Joshua Shelton,M,12th,Cabrera High School,76,95
16250,Robert Brown,M,11th,Cabrera High School,71,86
16251,Daniel Glover,M,9th,Cabrera High School,72,79
16252,Jeffrey Young,M,10th,Cabrera High School,75,82
16253,Roger Walker,M,11th,Cabrera High School,80,85
16254,Mario Adams,M,9th,Cabrera High School,76,79
16255,Tracey Harrison,F,10th,Cabrera High School,87,77
16256,Natalie Garcia,F,12th,Cabrera High School,71,82
16257,John Mayo,M,12th,Cabrera High School,84,75
16258,Chelsea Neal,F,9th,Cabrera High School,79,70
16259,Amber Mccarty,F,11th,Cabrera High School,89,71
16260,Tara Fowler,F,10th,Cabrera High School,88,81
16261,Ian Glover,M,11th,Cabrera High School,86,74
16262,Elizabeth Mora,F,10th,Cabrera High School,91,71
16263,Jared Young,M,12th,Cabrera High School,76,93
16264,Laura Blevins,F,9th,Cabrera High School,74,70
16265,Lori Mejia,F,12th,Cabrera High School,94,70
16266,Joshua Morris,M,12th,Cabrera High School,96,94
16267,Phillip Hall,M,10th,Cabrera High School,80,92
16268,Nathaniel Marshall,M,10th,Cabrera High School,88,72
16269,Lynn Mcdonald,F,11th,Cabrera High School,82,77
16270,Jeffery Martin,M,11th,Cabrera High School,89,82
16271,Christine Meyer,F,9th,Cabrera High School,69,85
16272,Jennifer Ferguson,F,10th,Cabrera High School,87,87
16273,Nicole Smith,F,11th,Cabrera High School,76,76
16274,Martin Jacobs,M,10th,Cabrera High School,93,72
16275,Allison Jones,F,9th,Cabrera High School,72,70
16276,Lisa Todd,F,10th,Cabrera High School,95,72
16277,Patrick Owens,M,10th,Cabrera High School,93,74
16278,David Willis,M,10th,Cabrera High School,92,76
16279,Jessica Jackson,F,11th,Cabrera High School,72,87
16280,Kimberly Stanley,F,9th,Cabrera High School,80,98
16281,Tami Vargas,F,12th,Cabrera High School,78,88
16282,Michelle Dalton,F,10th,Cabrera High School,79,79
16283,Steven Price,M,9th,Cabrera High School,89,74
16284,Johnathan Zamora,M,12th,Cabrera High School,96,69
16285,Diane Ryan,F,10th,Cabrera High School,80,79
16286,Gina Morales,F,11th,Cabrera High School,94,94
16287,Jeffrey Smith,M,10th,Cabrera High School,69,81
16288,Susan Martinez,F,10th,Cabrera High School,80,97
16289,Kimberly Bowen,F,12th,Cabrera High School,99,85
16290,Brooke Gutierrez,F,12th,Cabrera High School,78,82
16291,Heather Harrington,F,11th,Cabrera High School,85,78
16292,Anna Kim,F,10th,Cabrera High School,71,79
16293,Stacy Hall,F,11th,Cabrera High School,86,83
16294,Mary Willis,F,9th,Cabrera High School,96,70
16295,Daniel Spears,M,9th,Cabrera High School,75,71
16296,Anne Rodriguez,F,11th,Cabrera High School,96,70
16297,Mandy Adams,F,9th,Cabrera High School,89,73
16298,Diana Diaz,F,11th,Cabrera High School,98,86
16299,Lisa Cross,F,10th,Cabrera High School,79,68
16300,Kellie Sanchez,F,9th,Cabrera High School,69,96
16301,Chris Gilmore,M,11th,Cabrera High School,78,93
16302,Sharon Hunter,F,9th,Cabrera High School,73,93
16303,Amy Barker,F,11th,Cabrera High School,85,91
16304,Jessica Dixon,F,10th,Cabrera High School,87,73
16305,Julie Davis,F,12th,Cabrera High School,99,97
16306,Brittany Holmes,F,11th,Cabrera High School,90,94
16307,Jeffery Johnson,M,9th,Cabrera High School,89,92
16308,Lindsay Torres,F,11th,Cabrera High School,69,94
16309,Valerie Castillo,F,11th,Cabrera High School,79,89
16310,Sara Sandoval,F,12th,Cabrera High School,84,68
16311,Sarah Brown,F,9th,Cabrera High School,86,91
16312,Danielle Hicks,F,10th,Cabrera High School,74,80
16313,William Moore,M,12th,Cabrera High School,87,83
16314,Savannah Jenkins,F,12th,Cabrera High School,76,92
16315,Allison Davis,F,12th,Cabrera High School,79,68
16316,Kelly Kennedy,F,12th,Cabrera High School,91,68
16317,Travis Cantrell,M,12th,Cabrera High School,84,95
16318,David Holden,M,12th,Cabrera High School,99,94
16319,Mark Gomez,M,11th,Cabrera High School,91,71
16320,Wanda Jefferson,F,10th,Cabrera High School,90,80
16321,James Smith,M,12th,Cabrera High School,85,78
16322,Clarence Lewis,M,12th,Cabrera High School,83,86
16323,Henry Tran,M,12th,Cabrera High School,72,85
16324,Carol Salazar,F,12th,Cabrera High School,84,95
16325,Stephen Pearson,M,9th,Cabrera High School,78,96
16326,Maria Velasquez,F,9th,Cabrera High School,91,74
16327,Brandon Brown,M,10th,Cabrera High School,83,81
16328,Crystal Larson,F,11th,Cabrera High School,92,83
16329,Amanda Nguyen,F,10th,Cabrera High School,97,79
16330,Timothy Holmes,M,12th,Cabrera High School,87,81
16331,Paula Martinez,F,10th,Cabrera High School,90,68
16332,George Robertson,M,9th,Cabrera High School,98,78
16333,Cassandra Bautista,F,11th,Cabrera High School,72,81
16334,Joshua Mcdonald,M,11th,Cabrera High School,98,77
16335,Dorothy Taylor,F,9th,Cabrera High School,82,98
16336,Adam Simpson,M,12th,Cabrera High School,81,78
16337,Sabrina Mcpherson,F,12th,Cabrera High School,75,89
16338,Pamela Scott,F,10th,Cabrera High School,96,95
16339,Richard Garcia,M,10th,Cabrera High School,90,76
16340,Linda Coleman,F,9th,Cabrera High School,84,73
16341,Christopher Stevens,M,11th,Cabrera High School,74,90
16342,Ronald Clark,M,10th,Cabrera High School,85,89
16343,Ashley Hunt,F,11th,Cabrera High School,86,73
16344,David Fisher,M,11th,Cabrera High School,93,78
16345,Mrs. Leslie Esparza,F,9th,Cabrera High School,85,85
16346,William Garcia,M,9th,Cabrera High School,83,73
16347,Gavin Waters,M,9th,Cabrera High School,95,98
16348,Susan Phillips,F,9th,Cabrera High School,77,89
16349,Angela Davidson,F,10th,Cabrera High School,99,68
16350,Kimberly Jennings,F,9th,Cabrera High School,69,80
16351,Jessica Johnson,F,11th,Cabrera High School,71,78
16352,Victor Mills,M,11th,Cabrera High School,78,68
16353,Kristina Munoz,F,12th,Cabrera High School,69,71
16354,Andrew Ho,M,11th,Cabrera High School,97,93
16355,Richard Avery,M,9th,Cabrera High School,95,78
16356,Adam Allen,M,12th,Cabrera High School,78,98
16357,Russell Padilla,M,10th,Cabrera High School,94,90
16358,Sarah Fisher,F,11th,Cabrera High School,70,80
16359,Taylor Morris,M,12th,Cabrera High School,70,96
16360,Gerald Diaz,M,11th,Cabrera High School,70,79
16361,Joshua Dixon,M,10th,Cabrera High School,99,68
16362,Brian White,M,9th,Cabrera High School,87,96
16363,Eric Williams,M,10th,Cabrera High School,79,90
16364,Frank Dyer,M,9th,Cabrera High School,93,84
16365,Randy Valdez,M,12th,Cabrera High School,69,73
16366,Jennifer Nguyen,F,12th,Cabrera High School,86,92
16367,Jonathan Nguyen,M,9th,Cabrera High School,95,81
16368,Andrew Martinez,M,10th,Cabrera High School,81,94
16369,Cynthia Dominguez,F,10th,Cabrera High School,98,99
16370,Natalie Miller,F,9th,Cabrera High School,92,70
16371,Annette Blake,F,11th,Cabrera High School,69,73
16372,David Gallegos,M,11th,Cabrera High School,78,96
16373,Robert Lopez,M,10th,Cabrera High School,74,94
16374,Jamie Ware,F,12th,Cabrera High School,76,87
16375,Chad Ryan,M,11th,Cabrera High School,74,85
16376,Melissa Mason,F,9th,Cabrera High School,74,75
16377,Cameron Fletcher,M,11th,Cabrera High School,93,85
16378,Jessica Benson,F,12th,Cabrera High School,94,88
16379,Amy Franco,F,11th,Cabrera High School,86,84
16380,Heather Norman,F,10th,Cabrera High School,83,91
16381,Kelsey Moore,F,10th,Cabrera High School,94,70
16382,Nicholas Gibson,M,10th,Cabrera High School,73,82
16383,Anthony Robinson,M,9th,Cabrera High School,76,83
16384,Emily Mckee,F,11th,Cabrera High School,70,80
16385,Tina Snyder,F,10th,Cabrera High School,89,97
16386,Susan Steele,F,12th,Cabrera High School,69,85
16387,Bradley Baldwin,M,11th,Cabrera High School,89,82
16388,Amy Leblanc,F,10th,Cabrera High School,89,70
16389,Angela Walker,F,10th,Cabrera High School,78,86
16390,Amber Johnson,F,10th,Cabrera High School,70,78
16391,Rhonda Bowen,F,10th,Cabrera High School,82,82
16392,Stephanie Vance,F,10th,Cabrera High School,72,68
16393,Mrs. Jacqueline Simpson,F,9th,Cabrera High School,86,70
16394,Vicki Benson,F,11th,Cabrera High School,70,90
16395,Jill Wilson,F,9th,Cabrera High School,88,87
16396,Ryan Patrick,M,9th,Cabrera High School,99,80
16397,Kayla Horn,F,12th,Cabrera High School,86,93
16398,Jennifer Keller,F,12th,Cabrera High School,74,87
16399,Bradley Ward,M,10th,Cabrera High School,98,88
16400,Scott Smith,M,12th,Cabrera High School,94,91
16401,Mary Becker,F,11th,Cabrera High School,82,78
16402,Janet James,F,12th,Cabrera High School,98,78
16403,Breanna Potter,F,12th,Cabrera High School,83,82
16404,Michael Willis,M,9th,Cabrera High School,79,78
16405,Carrie Mcdonald,F,10th,Cabrera High School,81,82
16406,Alec Morris,M,10th,Cabrera High School,81,89
16407,Nicole White,F,9th,Cabrera High School,69,82
16408,Jay Gonzalez,M,11th,Cabrera High School,77,72
16409,Deborah Moody,F,10th,Cabrera High School,99,77
16410,Sarah Lawrence,F,9th,Cabrera High School,79,92
16411,Zachary Lewis,M,11th,Cabrera High School,96,71
16412,Sandra Simpson,F,9th,Cabrera High School,89,82
16413,Crystal Watts,F,9th,Cabrera High School,94,93
16414,Jade Flores,F,9th,Cabrera High School,70,70
16415,Joshua Boyle,M,10th,Cabrera High School,80,79
16416,Michael Meyers,M,11th,Cabrera High School,82,98
16417,Peter Cohen,M,10th,Cabrera High School,81,92
16418,Nathan Burke,M,10th,Cabrera High School,72,98
16419,Kaitlyn Cox,F,9th,Cabrera High School,71,96
16420,Michael Hunt,M,9th,Cabrera High School,69,96
16421,David Smith,M,10th,Cabrera High School,76,96
16422,Christine Richardson,F,12th,Cabrera High School,80,94
16423,Alan Chan,M,12th,Cabrera High School,93,96
16424,Jeffrey Davis,M,10th,Cabrera High School,75,78
16425,Rebecca Ramirez,F,12th,Cabrera High School,85,84
16426,John Goodwin,M,10th,Cabrera High School,89,95
16427,Manuel Garcia,M,10th,Cabrera High School,74,84
16428,Sara Mclaughlin,F,10th,Cabrera High School,92,81
16429,William Jensen,M,10th,Cabrera High School,84,72
16430,Rebecca Williams,F,10th,Cabrera High School,83,70
16431,Mrs. Tammy Crane,F,12th,Cabrera High School,83,99
16432,Thomas Lewis,M,11th,Cabrera High School,95,70
16433,Eric Garcia,M,11th,Cabrera High School,73,72
16434,Chad Lang,M,10th,Cabrera High School,96,84
16435,Christine Norris,F,11th,Cabrera High School,76,99
16436,Patricia Brooks,F,10th,Cabrera High School,76,87
16437,Carla Freeman,F,9th,Cabrera High School,72,86
16438,Deborah Mercado,F,12th,Cabrera High School,99,71
16439,Sean Johnson,M,10th,Cabrera High School,75,89
16440,Joseph Wilson,M,9th,Cabrera High School,69,70
16441,Kathy Schroeder,F,10th,Cabrera High School,94,82
16442,Rodney Cannon,M,10th,Cabrera High School,69,87
16443,Becky Davidson,F,10th,Cabrera High School,74,94
16444,Jeffery Simmons,M,9th,Cabrera High School,83,71
16445,Lisa Harris,F,9th,Cabrera High School,71,88
16446,Misty Stanton,F,9th,Cabrera High School,81,71
16447,John Rodriguez,M,11th,Cabrera High School,90,91
16448,Angela Jackson,F,11th,Cabrera High School,98,75
16449,Benjamin Banks,M,10th,Cabrera High School,85,73
16450,Kristi Frye,F,11th,Cabrera High School,85,97
16451,Wendy Oliver,F,11th,Cabrera High School,96,80
16452,Karl Brown,M,12th,Cabrera High School,93,78
16453,Melissa Jones,F,9th,Cabrera High School,70,96
16454,Michael Torres,M,12th,Cabrera High School,74,90
16455,Lori Miller,F,11th,Cabrera High School,69,77
16456,William Baird,M,12th,Cabrera High School,92,78
16457,James Taylor,M,9th,Cabrera High School,80,90
16458,Timothy Simpson,M,11th,Cabrera High School,73,93
16459,Daniel Foster,M,11th,Cabrera High School,76,78
16460,James Reyes,M,12th,Cabrera High School,86,85
16461,Aaron George,M,10th,Cabrera High School,69,75
16462,Sarah Mason,F,9th,Cabrera High School,92,97
16463,Joseph Lee,M,11th,Cabrera High School,81,77
16464,Kimberly Knox,F,12th,Cabrera High School,96,97
16465,Jessica Espinoza,F,10th,Cabrera High School,92,91
16466,Emily Nicholson,F,9th,Cabrera High School,82,89
16467,Manuel Gutierrez,M,10th,Cabrera High School,98,71
16468,Aaron Williams,M,11th,Cabrera High School,75,96
16469,Carol Vance,F,10th,Cabrera High School,86,68
16470,David Anderson,M,10th,Cabrera High School,84,87
16471,Brittney Marsh,F,10th,Cabrera High School,91,86
16472,Gina White,F,12th,Cabrera High School,83,90
16473,Ricky Smith,M,12th,Cabrera High School,78,89
16474,Samantha Reeves,F,9th,Cabrera High School,75,86
16475,Katelyn Mejia ,F,11th,Cabrera High School,97,99
16476,Gabrielle Ingram,F,9th,Cabrera High School,92,75
16477,David Hubbard,M,11th,Cabrera High School,80,90
16478,Jennifer Lewis,F,9th,Cabrera High School,97,92
16479,Mason Stevens,M,9th,Cabrera High School,79,92
16480,Miguel Rivera,M,11th,Cabrera High School,87,75
16481,Vickie Smith,F,9th,Cabrera High School,82,69
16482,Cassandra Pruitt,F,12th,Cabrera High School,83,76
16483,Jon Mann,M,12th,Cabrera High School,73,91
16484,Tina Acosta,F,10th,Cabrera High School,76,97
16485,Breanna Jones,F,10th,Cabrera High School,88,80
16486,Michele Armstrong,F,9th,Cabrera High School,96,91
16487,Nathan Gardner,M,9th,Cabrera High School,97,79
16488,Lindsey Perez,F,9th,Cabrera High School,78,79
16489,Robert Sanders,M,12th,Cabrera High School,71,75
16490,Mrs. Nancy Landry,F,10th,Cabrera High School,84,73
16491,Austin Hansen,M,9th,Cabrera High School,79,77
16492,Elijah Taylor,M,9th,Cabrera High School,77,87
16493,Stephanie Johnson,F,12th,Cabrera High School,70,86
16494,Paula Mack,F,9th,Cabrera High School,91,94
16495,Jennifer Dean,F,9th,Cabrera High School,80,98
16496,Robert Lewis,M,11th,Cabrera High School,94,69
16497,Stacy Clark,F,11th,Cabrera High School,95,93
16498,Terry Reed,M,9th,Cabrera High School,99,90
16499,Renee Stewart ,F,12th,Cabrera High School,77,82
16500,Ashley Simmons,F,11th,Cabrera High School,85,76
16501,Breanna Mcintyre ,F,10th,Cabrera High School,79,91
16502,Joseph Kelly,M,9th,Cabrera High School,84,78
16503,Derrick Suarez,M,9th,Cabrera High School,74,89
16504,Donna Morales,F,9th,Cabrera High School,80,77
16505,Kimberly Lane,F,12th,Cabrera High School,85,94
16506,Kendra Johnson,F,9th,Cabrera High School,81,94
16507,Alyssa Nichols,F,10th,Cabrera High School,95,70
16508,Brandon Campos,M,9th,Cabrera High School,97,88
16509,Gregory Bush,M,10th,Cabrera High School,81,92
16510,Glenn Peterson,M,9th,Cabrera High School,96,87
16511,Antonio Richardson,M,12th,Cabrera High School,85,82
16512,Steven Wright,M,9th,Cabrera High School,82,91
16513,Brittany Colon,F,10th,Cabrera High School,90,97
16514,Samantha Hernandez,F,10th,Cabrera High School,83,81
16515,Monique Osborne,F,9th,Cabrera High School,88,92
16516,Lisa Gaines,F,11th,Cabrera High School,78,91
16517,Andrea Green,F,11th,Cabrera High School,90,94
16518,Sarah Fischer ,F,9th,Cabrera High School,87,70
16519,Carla Weber,F,10th,Cabrera High School,95,75
16520,Erica Brewer,F,12th,Cabrera High School,91,75
16521,Daniel Lee,M,12th,Cabrera High School,70,68
16522,Hannah Hanson,F,11th,Cabrera High School,69,69
16523,Dustin Scott,M,10th,Cabrera High School,73,98
16524,David Jones,M,10th,Cabrera High School,96,69
16525,Amy Brown,F,10th,Cabrera High School,95,85
16526,Samuel Smith,M,12th,Cabrera High School,81,90
16527,Alicia Taylor,F,10th,Cabrera High School,71,77
16528,Christian Flores,M,11th,Cabrera High School,76,83
16529,Brian Terry,M,10th,Cabrera High School,72,89
16530,Robert Garcia,M,10th,Cabrera High School,86,94
16531,Shannon Tran,F,9th,Cabrera High School,82,71
16532,Kyle Irwin,M,10th,Cabrera High School,92,83
16533,Ronald Berry ,M,10th,Cabrera High School,85,90
16534,Danielle Williams,F,10th,Cabrera High School,83,90
16535,Mary Carson,F,9th,Cabrera High School,75,89
16536,Sharon Dean,F,11th,Cabrera High School,82,78
16537,David Becker,M,9th,Cabrera High School,99,82
16538,Debra Quinn,F,9th,Cabrera High School,73,98
16539,Sabrina Johnston,F,11th,Cabrera High School,93,77
16540,Eric Carroll,M,11th,Cabrera High School,79,98
16541,Louis Franco,M,12th,Cabrera High School,90,89
16542,Lindsay Long,F,9th,Cabrera High School,95,99
16543,Amanda Baker,F,9th,Cabrera High School,80,89
16544,Raymond Riley,M,11th,Cabrera High School,76,93
16545,Bianca Hernandez,F,11th,Cabrera High School,72,95
16546,Nicholas Gould,M,9th,Cabrera High School,95,98
16547,Jonathan King,M,10th,Cabrera High School,93,75
16548,Nancy Jordan,F,10th,Cabrera High School,87,88
16549,Keith Santos,M,10th,Cabrera High School,87,97
16550,Stephanie Gonzalez,F,10th,Cabrera High School,97,89
16551,Bethany Davis,F,12th,Cabrera High School,79,73
16552,Edward Gallagher,M,11th,Cabrera High School,76,69
16553,Michael Shaw,M,12th,Cabrera High School,76,79
16554,Kimberly Bell,F,9th,Cabrera High School,77,91
16555,Mrs. Amanda Cook,F,12th,Cabrera High School,92,79
16556,Christine Ortiz,F,9th,Cabrera High School,90,76
16557,Ryan Wilson,M,10th,Cabrera High School,87,86
16558,William Fisher,M,9th,Cabrera High School,80,76
16559,Natalie Contreras,F,11th,Cabrera High School,74,90
16560,Michael Cruz,M,9th,Cabrera High School,84,74
16561,Scott Butler,M,11th,Cabrera High School,98,98
16562,Emily Camacho,F,11th,Cabrera High School,74,75
16563,Jeffrey Wagner,M,11th,Cabrera High School,70,97
16564,Lisa Anderson,F,12th,Cabrera High School,91,91
16565,Matthew Grant,M,9th,Cabrera High School,77,88
16566,Briana Nguyen,F,12th,Cabrera High School,95,88
16567,Erik Barron,M,11th,Cabrera High School,99,98
16568,Angel Hanson,F,11th,Cabrera High School,89,69
16569,Stacy Walton,F,11th,Cabrera High School,80,79
16570,Gina Archer,F,9th,Cabrera High School,89,73
16571,Loretta Woods,F,10th,Cabrera High School,71,99
16572,James Ruiz,M,10th,Cabrera High School,97,70
16573,Ashley Shelton,F,11th,Cabrera High School,73,78
16574,Alyssa Brown,F,11th,Cabrera High School,69,78
16575,Kimberly Reyes,F,9th,Cabrera High School,75,92
16576,Sarah Mitchell,F,11th,Cabrera High School,71,75
16577,Luis Meyer,M,9th,Cabrera High School,83,94
16578,James Johnson,M,10th,Cabrera High School,99,95
16579,Brian Zavala,M,10th,Cabrera High School,79,94
16580,Veronica Lopez,F,10th,Cabrera High School,96,94
16581,Katherine Johnson,F,11th,Cabrera High School,87,97
16582,Elizabeth Moyer,F,9th,Cabrera High School,71,75
16583,Peter Ramirez,M,10th,Cabrera High School,95,74
16584,Alicia Gonzales,F,10th,Cabrera High School,82,88
16585,Natalie Sanders,F,9th,Cabrera High School,77,88
16586,Thomas Brooks,M,10th,Cabrera High School,72,69
16587,Ryan Vincent,M,9th,Cabrera High School,74,90
16588,Sarah Barrera,F,10th,Cabrera High School,86,90
16589,Kendra Mills,F,9th,Cabrera High School,89,69
16590,Gina Moore,F,10th,Cabrera High School,83,68
16591,Sherry Hicks,F,11th,Cabrera High School,72,83
16592,Ryan Macias,M,11th,Cabrera High School,95,98
16593,Heidi Grant,F,12th,Cabrera High School,99,85
16594,Frank Washington,M,11th,Cabrera High School,88,95
16595,Deborah Galvan,F,10th,Cabrera High School,95,89
16596,Roger Clark,M,10th,Cabrera High School,93,93
16597,Andrew Meyer,M,11th,Cabrera High School,99,78
16598,Derek Martin,M,9th,Cabrera High School,99,97
16599,Gina Warren,F,11th,Cabrera High School,80,77
16600,Crystal Jenkins,F,11th,Cabrera High School,69,82
16601,David Gonzales,M,10th,Cabrera High School,76,99
16602,Shannon Hardy,F,12th,Cabrera High School,91,84
16603,Shannon Caldwell,M,9th,Cabrera High School,85,90
16604,Brandon Brown,M,9th,Cabrera High School,78,77
16605,Catherine Weaver,F,11th,Cabrera High School,83,72
16606,Bryan Brown,M,10th,Cabrera High School,79,85
16607,Joseph Compton,M,11th,Cabrera High School,72,85
16608,Kim Cook,F,11th,Cabrera High School,79,89
16609,Jennifer Barton,F,10th,Cabrera High School,78,69
16610,Monica Gonzalez,F,9th,Cabrera High School,82,82
16611,Barbara Ware,F,11th,Cabrera High School,71,82
16612,Jessica Castaneda,F,12th,Cabrera High School,75,86
16613,Kim Vazquez,F,9th,Cabrera High School,87,93
16614,Marcia Lewis,F,12th,Cabrera High School,71,90
16615,Steve Vaughan,M,9th,Cabrera High School,97,81
16616,Joshua Carter,M,12th,Cabrera High School,71,84
16617,Heather Martinez,F,11th,Cabrera High School,82,91
16618,Amanda Sanders,F,9th,Cabrera High School,72,71
16619,Jeremy Maxwell,M,11th,Cabrera High School,79,80
16620,Susan Smith,F,11th,Cabrera High School,96,82
16621,Alexandra Lopez,F,11th,Cabrera High School,83,74
16622,Kaitlyn Mosley,F,12th,Cabrera High School,70,90
16623,Katherine Gonzalez,F,11th,Cabrera High School,79,95
16624,Roger Smith,M,12th,Cabrera High School,99,96
16625,Tiffany Lindsey,F,10th,Cabrera High School,89,70
16626,Angela Chavez,F,9th,Cabrera High School,73,86
16627,Gavin Guerra,M,9th,Cabrera High School,70,72
16628,Dan Phillips,M,12th,Cabrera High School,89,99
16629,Amy Holmes,F,9th,Cabrera High School,71,90
16630,Chad Gallagher,M,12th,Cabrera High School,92,79
16631,Tyler Wilson,M,11th,Cabrera High School,85,72
16632,Scott Barnett,M,11th,Cabrera High School,82,83
16633,Jennifer Moore,F,9th,Cabrera High School,93,86
16634,Jacqueline Haney,F,11th,Cabrera High School,91,89
16635,Linda Hill,F,11th,Cabrera High School,82,85
16636,Heather Ramirez,F,12th,Cabrera High School,75,74
16637,Bobby Bailey,M,9th,Cabrera High School,90,87
16638,Justin Sanchez,M,11th,Cabrera High School,98,70
16639,Briana Williams,F,12th,Cabrera High School,74,71
16640,Jennifer Wallace,F,11th,Cabrera High School,87,95
16641,Crystal Fisher,F,9th,Cabrera High School,80,94
16642,Laura Baxter,F,9th,Cabrera High School,85,84
16643,Terry Richardson,M,10th,Cabrera High School,92,91
16644,Elizabeth Wilson,F,10th,Cabrera High School,81,83
16645,Franklin Randolph,M,10th,Cabrera High School,91,82
16646,Victor Coleman,M,9th,Cabrera High School,90,75
16647,Caleb Fuentes,M,9th,Cabrera High School,74,75
16648,Sheila Mccullough,F,9th,Cabrera High School,79,70
16649,Diana Weber,F,11th,Cabrera High School,83,75
16650,Tamara Romero,F,12th,Cabrera High School,96,71
16651,Brandy Munoz,F,12th,Cabrera High School,89,72
16652,Amanda Gomez,F,9th,Cabrera High School,87,77
16653,Jennifer Craig,F,11th,Cabrera High School,89,91
16654,Sarah Romero,F,10th,Cabrera High School,73,98
16655,Patrick Thomas,M,12th,Cabrera High School,92,93
16656,Alicia Davis,F,12th,Cabrera High School,98,92
16657,Ashley Hall,F,11th,Cabrera High School,81,72
16658,Donna Camacho,F,10th,Cabrera High School,70,96
16659,Elizabeth Hicks,F,10th,Cabrera High School,81,98
16660,Stacy Hawkins,F,9th,Cabrera High School,72,69
16661,Mark Torres,M,9th,Cabrera High School,92,82
16662,Ethan Moreno,M,11th,Cabrera High School,86,69
16663,Timothy Carr,M,10th,Cabrera High School,92,93
16664,Angela Smith,F,9th,Cabrera High School,74,79
16665,Crystal Watson ,F,12th,Cabrera High School,82,80
16666,John Mathews,M,10th,Cabrera High School,70,85
16667,Robert Williams,M,10th,Cabrera High School,83,77
16668,Sean George,M,11th,Cabrera High School,70,88
16669,Nicole Wilkinson,F,12th,Cabrera High School,86,98
16670,Christian Lee,M,10th,Cabrera High School,71,85
16671,Justin Erickson,M,12th,Cabrera High School,83,99
16672,Angel Morris,M,11th,Cabrera High School,99,96
16673,Heather Reynolds,F,12th,Cabrera High School,86,90
16674,Brent Nguyen,M,9th,Cabrera High School,90,99
16675,Douglas Stephens,M,9th,Cabrera High School,96,69
16676,Daniel Dunn,M,12th,Cabrera High School,71,76
16677,Joy Harper,F,12th,Cabrera High School,75,82
16678,Mark Kennedy,M,9th,Cabrera High School,84,85
16679,Carly Good,F,9th,Cabrera High School,98,76
16680,Kent Bolton,M,11th,Cabrera High School,72,98
16681,Amanda Walker,F,10th,Cabrera High School,95,99
16682,Sabrina Allen,F,11th,Cabrera High School,99,93
16683,Bradley Flores,M,11th,Cabrera High School,72,96
16684,Karl Rivera,M,9th,Cabrera High School,90,69
16685,Rebecca Austin,F,9th,Cabrera High School,69,82
16686,Laura Horton,F,11th,Cabrera High School,93,88
16687,Jacqueline Bolton,F,12th,Cabrera High School,71,71
16688,Stacey Tyler,F,11th,Cabrera High School,73,72
16689,Heather Boyd,F,11th,Cabrera High School,88,88
16690,Brianna Martinez,F,10th,Cabrera High School,84,82
16691,Daniel Small,M,12th,Cabrera High School,90,76
16692,Laura Mckinney,F,12th,Cabrera High School,85,88
16693,Kelly Brown,F,10th,Cabrera High School,98,95
16694,Jon Hall,M,11th,Cabrera High School,84,89
16695,Brandi Waters,F,11th,Cabrera High School,78,69
16696,Kevin Smith,M,11th,Cabrera High School,71,97
16697,Jennifer Santos,F,9th,Cabrera High School,97,96
16698,Adam Rasmussen,M,11th,Cabrera High School,90,90
16699,Susan Cameron,F,10th,Cabrera High School,83,86
16700,Jennifer Tucker,F,11th,Cabrera High School,85,68
16701,Tammy Shannon,F,12th,Cabrera High School,97,94
16702,Cameron Spears,M,12th,Cabrera High School,72,89
16703,Brandon Walker,M,12th,Cabrera High School,70,85
16704,Kara Middleton,F,9th,Cabrera High School,96,74
16705,Christian Murphy,M,11th,Cabrera High School,90,86
16706,Erica Schmidt,F,9th,Cabrera High School,89,81
16707,Diane Francis,F,12th,Cabrera High School,79,94
16708,Jose Kim,M,10th,Cabrera High School,72,79
16709,Jonathan Mitchell,M,10th,Cabrera High School,94,84
16710,Jason Thomas,M,12th,Cabrera High School,93,84
16711,Michael Lee,M,10th,Cabrera High School,90,79
16712,Paul Holden,M,9th,Cabrera High School,95,90
16713,Sarah Sanders,F,12th,Cabrera High School,70,73
16714,Michelle Gonzales,F,9th,Cabrera High School,86,88
16715,Emily Wagner,F,10th,Cabrera High School,93,73
16716,Megan Dean,F,9th,Cabrera High School,82,70
16717,Jennifer Kennedy,F,11th,Cabrera High School,85,90
16718,Stephen Thompson,M,10th,Cabrera High School,83,71
16719,Matthew Henderson,M,11th,Cabrera High School,93,69
16720,Connie Wells,F,10th,Cabrera High School,79,98
16721,Amanda Zhang,F,11th,Cabrera High School,73,78
16722,Angela Kennedy,F,12th,Cabrera High School,95,88
16723,Dana Kemp,F,12th,Cabrera High School,87,82
16724,Joseph Rose,M,12th,Cabrera High School,71,91
16725,Laura Meza,F,11th,Cabrera High School,93,97
16726,Amy Fletcher,F,9th,Cabrera High School,94,84
16727,Jonathan Gonzalez,M,10th,Cabrera High School,74,74
16728,Savannah Burns,F,11th,Cabrera High School,98,80
16729,Suzanne Edwards ,F,9th,Cabrera High School,70,82
16730,Mary Harrison,F,9th,Cabrera High School,82,70
16731,Robert Johnson,M,12th,Cabrera High School,84,82
16732,Thomas Johnson,M,12th,Cabrera High School,79,72
16733,Mark Church,M,11th,Cabrera High School,93,91
16734,Richard Reynolds,M,9th,Cabrera High School,98,72
16735,Adam Smith,M,11th,Cabrera High School,99,79
16736,Natasha Dean,F,9th,Cabrera High School,70,95
16737,Jeremy Price,M,9th,Cabrera High School,97,73
16738,Lauren Johnson,F,11th,Cabrera High School,82,72
16739,Kayla Wilson,F,11th,Cabrera High School,75,80
16740,Juan Fuller,M,9th,Cabrera High School,77,94
16741,Robin Gonzalez,F,11th,Cabrera High School,87,94
16742,Jesus Washington,M,12th,Cabrera High School,69,99
16743,Mark Meyer,M,9th,Cabrera High School,83,85
16744,Lance Brown ,M,9th,Cabrera High School,71,85
16745,Brittany Alvarado,F,9th,Cabrera High School,72,71
16746,Elizabeth Russell,F,11th,Cabrera High School,82,95
16747,Diana Baker,F,11th,Cabrera High School,87,81
16748,Stephen Singleton,M,9th,Cabrera High School,73,77
16749,Heather Miller,F,12th,Cabrera High School,76,89
16750,Elizabeth Duffy,F,12th,Cabrera High School,89,81
16751,Crystal Montgomery,F,9th,Cabrera High School,82,85
16752,Stephen Oconnor,M,11th,Cabrera High School,85,81
16753,Carlos Acosta,M,9th,Cabrera High School,71,93
16754,Dakota Oneal,M,11th,Cabrera High School,82,80
16755,Stacey Miller,F,11th,Cabrera High School,85,93
16756,Olivia Taylor ,F,11th,Cabrera High School,91,72
16757,Carolyn Oliver,F,12th,Cabrera High School,80,69
16758,Andrea Downs,F,10th,Cabrera High School,79,84
16759,Sandra Myers,F,11th,Cabrera High School,82,70
16760,Darlene Kelly,F,10th,Cabrera High School,89,76
16761,Deanna Brown,F,10th,Cabrera High School,91,74
16762,Desiree Fleming,F,11th,Cabrera High School,94,94
16763,Ruben Lambert,M,10th,Cabrera High School,72,72
16764,Adriana Brown,F,11th,Cabrera High School,78,90
16765,Jennifer Jones,F,10th,Cabrera High School,82,93
16766,Hannah Campbell,F,12th,Cabrera High School,85,98
16767,Jennifer Chavez,F,11th,Cabrera High School,77,70
16768,Jackie Santiago,F,12th,Cabrera High School,80,68
16769,Cody Duffy,M,10th,Cabrera High School,93,91
16770,Thomas Carter,M,10th,Cabrera High School,71,90
16771,Joseph Sanchez,M,10th,Cabrera High School,72,91
16772,Phyllis Thomas,F,12th,Cabrera High School,91,94
16773,Douglas Obrien,M,11th,Cabrera High School,87,81
16774,Kenneth Richards,M,12th,Cabrera High School,73,85
16775,Jeremy Howard,M,10th,Cabrera High School,76,94
16776,Matthew Baker,M,9th,Cabrera High School,87,91
16777,Edwin Ross,M,12th,Cabrera High School,97,92
16778,David Reynolds,M,11th,Cabrera High School,89,71
16779,Edwin Peterson,M,10th,Cabrera High School,72,80
16780,Patricia Vazquez,F,12th,Cabrera High School,99,92
16781,Jason Walters,M,10th,Cabrera High School,79,70
16782,Micheal Smith,M,10th,Cabrera High School,79,78
16783,Kelly Schneider,F,11th,Cabrera High School,86,81
16784,Austin Salazar,M,12th,Cabrera High School,87,85
16785,Nancy Carey,F,11th,Cabrera High School,76,82
16786,Ricky Roberts,M,12th,Cabrera High School,72,97
16787,Mrs. Lauren Lewis,F,12th,Cabrera High School,74,68
16788,Damon Brown,M,9th,Cabrera High School,80,69
16789,Kevin Huynh,M,11th,Cabrera High School,93,76
16790,Jose Martin,M,11th,Cabrera High School,87,93
16791,Abigail Casey,F,11th,Cabrera High School,99,87
16792,David Wilson,M,12th,Cabrera High School,84,78
16793,Gregory Mcclure,M,11th,Cabrera High School,92,78
16794,Susan Wilson,F,11th,Cabrera High School,82,71
16795,Patrick Mitchell,M,12th,Cabrera High School,79,74
16796,James Wright,M,12th,Cabrera High School,95,99
16797,William Smith,M,12th,Cabrera High School,79,77
16798,Thomas Garcia,M,9th,Cabrera High School,84,75
16799,Pamela Webster,F,12th,Cabrera High School,88,91
16800,Kyle Nguyen,M,12th,Cabrera High School,97,74
16801,Amanda Gibson,F,9th,Cabrera High School,78,89
16802,Todd Bowers,M,10th,Cabrera High School,72,81
16803,Carrie Richardson,F,10th,Cabrera High School,81,85
16804,Natalie Stewart,F,9th,Cabrera High School,86,72
16805,Robert Mitchell,M,11th,Cabrera High School,86,77
16806,Lisa Kennedy,F,12th,Cabrera High School,76,99
16807,Eric Padilla,M,9th,Cabrera High School,85,90
16808,Mark Miller,M,10th,Cabrera High School,97,80
16809,Barry Benton,M,11th,Cabrera High School,92,88
16810,Johnathan Smith,M,9th,Cabrera High School,80,82
16811,Amy Myers,F,11th,Cabrera High School,83,81
16812,Bonnie Griffin,F,11th,Cabrera High School,98,69
16813,Philip Holder,M,9th,Cabrera High School,73,77
16814,Dale Davis,M,10th,Cabrera High School,86,87
16815,Kenneth Norris,M,11th,Cabrera High School,92,73
16816,Jean Rivera,F,11th,Cabrera High School,84,81
16817,Caleb Brown,M,12th,Cabrera High School,72,81
16818,Jennifer Parker,F,10th,Cabrera High School,88,96
16819,Andrew Ewing,M,12th,Cabrera High School,76,84
16820,Cassie Richardson,F,11th,Cabrera High School,71,80
16821,Brian Miles,M,11th,Cabrera High School,98,73
16822,Mark Gordon,M,9th,Cabrera High School,73,68
16823,Mark Le,M,11th,Cabrera High School,98,85
16824,Christopher Hutchinson,M,11th,Cabrera High School,96,89
16825,Ashley Roberts,F,9th,Cabrera High School,74,93
16826,Ashley Koch,F,11th,Cabrera High School,94,84
16827,Carlos Lozano,M,10th,Cabrera High School,80,72
16828,Carrie Chapman,F,10th,Cabrera High School,94,93
16829,Christine Richardson,F,10th,Cabrera High School,77,87
16830,Brandon Kelly,M,10th,Cabrera High School,89,82
16831,Robert Terry,M,10th,Cabrera High School,84,79
16832,Russell White,M,9th,Cabrera High School,86,93
16833,Rachel Johnson,F,10th,Cabrera High School,84,76
16834,Stephen Pham,M,10th,Cabrera High School,98,86
16835,Andrew Lozano,M,11th,Cabrera High School,79,93
16836,Mckenzie Preston,F,12th,Cabrera High School,95,80
16837,William Young,M,11th,Cabrera High School,77,99
16838,Amanda Burns,F,12th,Cabrera High School,96,95
16839,Jillian Proctor ,F,10th,Cabrera High School,99,95
16840,Jessica Mccullough,F,12th,Cabrera High School,84,83
16841,Stephen Smith,M,11th,Cabrera High School,95,69
16842,Kimberly Walker,F,11th,Cabrera High School,74,99
16843,Jeremy Cherry,M,10th,Cabrera High School,98,96
16844,Alexandra Giles,F,12th,Cabrera High School,93,91
16845,Tony Nunez,M,10th,Cabrera High School,76,89
16846,Cassandra Ross,F,9th,Cabrera High School,72,94
16847,Frederick Duke,M,9th,Cabrera High School,72,80
16848,Katherine Velazquez,F,9th,Cabrera High School,71,96
16849,Jamie Martinez,F,11th,Cabrera High School,95,84
16850,Amy Burns,F,12th,Cabrera High School,91,70
16851,William Baker,M,11th,Cabrera High School,96,83
16852,Paul Medina,M,12th,Cabrera High School,70,83
16853,Jessica Foster,F,12th,Cabrera High School,79,74
16854,Michael Jacobson,M,10th,Cabrera High School,84,74
16855,Katherine May,F,12th,Cabrera High School,73,94
16856,Matthew Walker,M,11th,Cabrera High School,70,99
16857,Terri Peterson,F,12th,Cabrera High School,87,73
16858,Zachary Keller,M,9th,Cabrera High School,75,88
16859,Lisa Ortiz,F,10th,Cabrera High School,75,80
16860,Kimberly Mcdonald,F,9th,Cabrera High School,99,94
16861,David Mckee,M,10th,Cabrera High School,69,83
16862,Sarah Allen,F,12th,Cabrera High School,72,77
16863,Yvette Jacobson ,F,10th,Cabrera High School,77,71
16864,Daniel Ortiz,M,10th,Cabrera High School,79,72
16865,Jesse Russell,M,11th,Cabrera High School,76,70
16866,Becky Love,F,10th,Cabrera High School,96,94
16867,Kristi Williams,F,10th,Cabrera High School,97,76
16868,Richard Mason,M,9th,Cabrera High School,95,97
16869,Katherine Morris,F,9th,Cabrera High School,77,71
16870,Karen English,F,9th,Cabrera High School,80,95
16871,Sarah Clark,F,12th,Cabrera High School,75,87
16872,Cheryl Vargas,F,11th,Cabrera High School,97,70
16873,Vincent Franklin,M,9th,Cabrera High School,79,70
16874,Samantha Thompson,F,9th,Cabrera High School,90,87
16875,Rachel Mcdaniel,F,10th,Cabrera High School,85,90
16876,Theresa Lopez,F,12th,Cabrera High School,88,99
16877,Shirley Bowman,F,9th,Cabrera High School,82,96
16878,Andrew Green,M,11th,Cabrera High School,88,68
16879,Teresa Smith,F,11th,Cabrera High School,70,72
16880,Diane Nolan,F,9th,Cabrera High School,91,98
16881,Philip Lara,M,10th,Cabrera High School,99,94
16882,Jennifer Ruiz,F,9th,Cabrera High School,86,84
16883,Chase Grant,M,11th,Cabrera High School,95,79
16884,Christian Young,M,11th,Cabrera High School,93,74
16885,Tina Elliott,F,12th,Cabrera High School,69,74
16886,Ashley Patterson,F,11th,Cabrera High School,79,84
16887,Vanessa Robinson,F,9th,Cabrera High School,74,72
16888,Melissa Wright,F,12th,Cabrera High School,75,75
16889,Robert Fuller,M,9th,Cabrera High School,72,87
16890,John Young,M,9th,Cabrera High School,90,92
16891,David Crane,M,9th,Cabrera High School,77,93
16892,Kendra Pierce,F,9th,Cabrera High School,73,94
16893,Timothy Schaefer,M,11th,Cabrera High School,88,69
16894,Matthew Rowe,M,11th,Cabrera High School,77,69
16895,Larry Buchanan,M,12th,Cabrera High School,74,74
16896,Vanessa Strong,F,11th,Cabrera High School,98,84
16897,Jeffery Barr,M,10th,Cabrera High School,75,77
16898,Allison King,F,9th,Cabrera High School,87,68
16899,Christopher Olson,M,11th,Cabrera High School,99,69
16900,Heather Orr,F,9th,Cabrera High School,78,93
16901,Joshua Saunders,M,12th,Cabrera High School,72,97
16902,Isaac Griffith,M,11th,Cabrera High School,78,98
16903,John Reilly,M,10th,Cabrera High School,87,74
16904,Rodney Underwood,M,10th,Cabrera High School,82,87
16905,Michael Mcdaniel,M,10th,Cabrera High School,88,93
16906,Sharon Everett,F,10th,Cabrera High School,97,93
16907,Chelsea Rhodes ,F,9th,Cabrera High School,76,89
16908,Cynthia Jones,F,11th,Cabrera High School,73,68
16909,Robert Brown ,M,9th,Cabrera High School,85,99
16910,Sandra Salazar,F,9th,Cabrera High School,82,85
16911,Kimberly Schwartz,F,11th,Cabrera High School,87,99
16912,Lawrence Jenkins,M,9th,Cabrera High School,97,91
16913,David Hopkins,M,9th,Cabrera High School,94,94
16914,Barbara Haynes,F,9th,Cabrera High School,82,68
16915,Julie Douglas,F,10th,Cabrera High School,70,79
16916,Stephanie Allen,F,9th,Cabrera High School,85,89
16917,Ryan Nichols,M,9th,Cabrera High School,91,87
16918,Wendy Anderson,F,10th,Cabrera High School,98,74
16919,John Wright,M,11th,Cabrera High School,89,72
16920,Sherry Clark,F,12th,Cabrera High School,90,77
16921,Adam Haley,M,10th,Cabrera High School,85,89
16922,Eric Chen,M,10th,Cabrera High School,99,74
16923,Jessica Burgess,F,9th,Cabrera High School,95,69
16924,John King,M,10th,Cabrera High School,71,96
16925,William Clayton,M,11th,Cabrera High School,82,94
16926,Maria Brooks ,F,9th,Cabrera High School,79,71
16927,Isabel Bryant,F,12th,Cabrera High School,73,82
16928,Lauren Baker,F,11th,Cabrera High School,97,80
16929,Brandon Howard,M,10th,Cabrera High School,76,68
16930,Anna Clayton,F,11th,Cabrera High School,83,96
16931,Kimberly Phillips,F,11th,Cabrera High School,87,88
16932,Eric Johnson Jr.,M,9th,Cabrera High School,78,82
16933,Amy Murphy,F,10th,Cabrera High School,74,69
16934,Chad Jones,M,10th,Cabrera High School,96,82
16935,Gary Hernandez,M,11th,Cabrera High School,73,94
16936,Scott Miller,M,12th,Cabrera High School,75,89
16937,Thomas Santiago,M,11th,Cabrera High School,89,86
16938,Stephanie Jackson,F,9th,Cabrera High School,78,99
16939,Margaret Bradford,F,9th,Cabrera High School,95,81
16940,Danielle Coleman,F,12th,Cabrera High School,79,73
16941,Kelly Webb PhD,F,9th,Cabrera High School,86,91
16942,Eric Norton,M,9th,Cabrera High School,92,89
16943,Donna Perez,F,12th,Cabrera High School,89,78
16944,William Duncan,M,11th,Cabrera High School,78,68
16945,Lynn Cruz,F,10th,Cabrera High School,96,92
16946,Daniel Harrington,M,12th,Cabrera High School,97,84
16947,Larry Wood,M,10th,Cabrera High School,82,84
16948,Alicia May,F,11th,Cabrera High School,71,96
16949,Jamie Smith,F,9th,Cabrera High School,98,87
16950,Valerie Chen,F,10th,Cabrera High School,97,82
16951,Janet Dixon,F,12th,Cabrera High School,84,71
16952,Martin Kelley,M,9th,Cabrera High School,99,90
16953,William Thomas,M,9th,Cabrera High School,70,90
16954,Willie Rodriguez,M,9th,Cabrera High School,74,80
16955,Rachel Molina,F,9th,Cabrera High School,96,70
16956,Shannon Morrison,F,9th,Cabrera High School,95,90
16957,Jeremiah Mejia,M,12th,Cabrera High School,73,97
16958,Austin Shaw,M,12th,Cabrera High School,86,75
16959,Blake Russo,M,12th,Cabrera High School,75,80
16960,Krista Jones,F,9th,Cabrera High School,82,70
16961,James Thomas,M,11th,Cabrera High School,86,90
16962,John Wong,M,9th,Cabrera High School,96,78
16963,Mrs. Taylor Martin,F,11th,Cabrera High School,71,92
16964,Benjamin May,M,11th,Cabrera High School,82,93
16965,Robert York,M,9th,Cabrera High School,87,77
16966,Abigail Hill,F,10th,Cabrera High School,76,91
16967,Andre Casey,M,10th,Cabrera High School,87,90
16968,Clifford Hunter,M,12th,Cabrera High School,75,78
16969,Jonathan Beck,M,11th,Cabrera High School,95,88
16970,Jennifer Kelley,F,11th,Cabrera High School,82,95
16971,Stephen Clements,M,12th,Cabrera High School,88,92
16972,Bradley Williams,M,10th,Cabrera High School,92,97
16973,Lindsey Brooks,F,10th,Cabrera High School,76,83
16974,Karen Moore,F,11th,Cabrera High School,71,72
16975,Jessica Kramer,F,12th,Cabrera High School,93,76
16976,April Ward,F,9th,Cabrera High School,87,86
16977,Andrew Mendoza,M,10th,Cabrera High School,82,77
16978,Michelle Collins,F,9th,Cabrera High School,77,76
16979,Jonathan Munoz,M,12th,Cabrera High School,94,83
16980,Andrew Lopez,M,11th,Cabrera High School,89,81
16981,William Williams,M,9th,Cabrera High School,93,70
16982,Sherry Hopkins,F,9th,Cabrera High School,69,70
16983,Julie Stone,F,9th,Cabrera High School,81,94
16984,Kevin Morrow ,M,11th,Cabrera High School,81,84
16985,Gregory Perez,M,10th,Cabrera High School,72,72
16986,Julia Johnson,F,11th,Cabrera High School,80,91
16987,Colleen Butler,F,9th,Cabrera High School,84,94
16988,Ashlee Navarro,F,9th,Cabrera High School,94,81
16989,Joseph Reyes,M,11th,Cabrera High School,81,81
16990,Stephen Moreno,M,10th,Cabrera High School,77,93
16991,Charles Meyers,M,11th,Cabrera High School,79,94
16992,James Hayden,M,10th,Cabrera High School,76,78
16993,Kevin Montgomery,M,10th,Cabrera High School,70,78
16994,Linda Wise,F,10th,Cabrera High School,92,92
16995,Timothy Weaver,M,11th,Cabrera High School,73,79
16996,Jasmine Houston,F,9th,Cabrera High School,80,71
16997,Allison Ochoa,F,11th,Cabrera High School,86,84
16998,Gregory Lowery,M,11th,Cabrera High School,73,89
16999,Zoe Gaines,F,9th,Cabrera High School,81,88
17000,Michael Fletcher,M,11th,Cabrera High School,79,81
17001,Katherine Perez,F,10th,Cabrera High School,92,95
17002,Leon Dixon,M,11th,Cabrera High School,70,80
17003,Erin Obrien,F,10th,Cabrera High School,71,97
17004,Debra Fisher,F,10th,Cabrera High School,86,73
17005,Blake Peters,M,10th,Cabrera High School,91,90
17006,William Waters,M,12th,Cabrera High School,77,73
17007,Timothy Jackson,M,9th,Cabrera High School,93,96
17008,Erika Cannon,F,10th,Cabrera High School,96,95
17009,Jessica Tucker,F,9th,Cabrera High School,85,81
17010,Mariah Matthews,F,10th,Cabrera High School,96,90
17011,Laura Terrell,F,12th,Cabrera High School,96,97
17012,Edward Thompson,M,11th,Cabrera High School,75,91
17013,John Thornton,M,11th,Cabrera High School,87,68
17014,Kevin Watson,M,12th,Cabrera High School,84,72
17015,Molly Hudson,F,10th,Cabrera High School,74,81
17016,Anthony Contreras,M,9th,Cabrera High School,69,82
17017,Beth Hester,F,12th,Cabrera High School,69,78
17018,Jonathan Thomas,M,10th,Cabrera High School,86,74
17019,Janet Adams,F,11th,Cabrera High School,81,75
17020,Andrew Schmidt,M,10th,Cabrera High School,81,72
17021,John Fleming,M,10th,Cabrera High School,89,77
17022,Benjamin Caldwell,M,9th,Cabrera High School,85,68
17023,Karen Anderson,F,12th,Cabrera High School,98,84
17024,Jeremy Clark,M,9th,Cabrera High School,94,83
17025,Angel Lynch,F,10th,Cabrera High School,77,81
17026,Daniel Wilkins,M,11th,Cabrera High School,71,70
17027,Kimberly Davenport,F,11th,Cabrera High School,87,81
17028,Robert Gordon,M,9th,Cabrera High School,80,99
17029,Shelia Pace,F,11th,Cabrera High School,96,95
17030,Michelle Wright,F,10th,Cabrera High School,85,94
17031,Anne Ruiz,F,9th,Cabrera High School,80,85
17032,Lauren Gray,F,12th,Cabrera High School,92,94
17033,Vicki Hubbard,F,12th,Cabrera High School,90,85
17034,Christopher Mitchell,M,11th,Cabrera High School,77,82
17035,Jenny Jones,F,10th,Cabrera High School,72,88
17036,Nicholas Clark,M,11th,Cabrera High School,93,84
17037,Brooke Peterson,F,10th,Cabrera High School,78,95
17038,Jason Delacruz,M,9th,Cabrera High School,99,83
17039,Joseph Perkins,M,9th,Cabrera High School,77,94
17040,Cesar Harris,M,11th,Cabrera High School,90,91
17041,Michelle Ashley,F,9th,Cabrera High School,73,82
17042,Patrick Gibson,M,11th,Cabrera High School,99,80
17043,Margaret Barton,F,11th,Cabrera High School,85,72
17044,Pedro Hayes,M,9th,Cabrera High School,95,82
17045,Amber James,F,12th,Cabrera High School,91,79
17046,Stephanie Ramirez,F,12th,Cabrera High School,70,80
17047,Christopher Martin,M,12th,Cabrera High School,94,86
17048,Devin Jenkins,M,12th,Cabrera High School,88,78
17049,William Burns,M,12th,Cabrera High School,97,89
17050,Karen Aguilar,F,11th,Cabrera High School,89,88
17051,Carol Wilson,F,9th,Cabrera High School,91,76
17052,Tiffany Herman,F,12th,Cabrera High School,89,78
17053,Jacob Martinez,M,11th,Cabrera High School,81,90
17054,Catherine Johnson,F,11th,Cabrera High School,71,76
17055,Aaron Weeks,M,10th,Cabrera High School,78,89
17056,Anita Shaw,F,11th,Cabrera High School,89,98
17057,Jeanne Banks,F,10th,Cabrera High School,81,73
17058,Jeremiah Hayes,M,10th,Cabrera High School,93,77
17059,Louis Skinner,M,11th,Cabrera High School,88,82
17060,Rebecca Perry,F,10th,Cabrera High School,89,68
17061,Joseph White,M,11th,Cabrera High School,89,82
17062,Jonathan Case,M,12th,Cabrera High School,77,71
17063,Richard Thomas,M,9th,Cabrera High School,78,89
17064,Sabrina Adams,F,9th,Cabrera High School,78,72
17065,Aaron Wise,M,10th,Cabrera High School,72,96
17066,William Elliott,M,10th,Cabrera High School,88,95
17067,Amy Hall,F,11th,Cabrera High School,86,94
17068,Edwin Morales,M,12th,Cabrera High School,76,72
17069,Roy Phillips,M,10th,Cabrera High School,73,80
17070,Christopher Mcneil,M,11th,Cabrera High School,92,72
17071,Thomas Willis,M,9th,Cabrera High School,97,94
17072,Amanda Collins,F,12th,Cabrera High School,91,79
17073,David Smith,M,10th,Cabrera High School,85,93
17074,Theresa Smith,F,11th,Cabrera High School,96,75
17075,Derek Long,M,9th,Cabrera High School,78,79
17076,Kimberly Griffith,F,9th,Cabrera High School,96,74
17077,Adam Cisneros,M,11th,Cabrera High School,83,92
17078,Lisa Smith,F,9th,Cabrera High School,88,78
17079,Sarah Ryan,F,10th,Cabrera High School,75,70
17080,Stacy Mcbride,F,9th,Cabrera High School,85,73
17081,Darrell Martinez,M,11th,Cabrera High School,79,93
17082,Lauren Brock,F,12th,Cabrera High School,97,97
17083,Jessica Walsh,F,9th,Cabrera High School,96,88
17084,Adam Walker ,M,9th,Cabrera High School,75,97
17085,Michael Smith,M,12th,Cabrera High School,91,84
17086,Michael Smith,M,10th,Cabrera High School,77,79
17087,Stephanie Alexander,F,10th,Cabrera High School,86,99
17088,Taylor Olson,F,9th,Cabrera High School,79,74
17089,Michael Mendoza,M,12th,Cabrera High School,90,89
17090,Rebecca Perez,F,12th,Cabrera High School,77,94
17091,Christopher Evans,M,12th,Cabrera High School,71,95
17092,Judy Payne,F,12th,Cabrera High School,89,81
17093,Travis Stevens,M,10th,Cabrera High School,91,92
17094,Gregory Montgomery,M,9th,Cabrera High School,79,87
17095,Jamie Cain,F,11th,Cabrera High School,96,94
17096,Matthew Robinson,M,11th,Cabrera High School,80,98
17097,Adam Gomez,M,10th,Cabrera High School,75,75
17098,Julie Duncan,F,12th,Cabrera High School,78,95
17099,Lindsey Hernandez,F,10th,Cabrera High School,93,85
17100,Joshua Jimenez,M,11th,Cabrera High School,93,75
17101,Charles Davis,M,9th,Cabrera High School,72,79
17102,Alexis Holloway,F,9th,Cabrera High School,98,77
17103,Steven Smith,M,12th,Cabrera High School,75,93
17104,John Miller,M,10th,Cabrera High School,72,84
17105,Brian Rivera,M,10th,Cabrera High School,95,79
17106,Adam Freeman,M,12th,Cabrera High School,93,73
17107,Vanessa Gomez,F,9th,Cabrera High School,95,91
17108,Karen White,F,9th,Cabrera High School,76,73
17109,Joyce Erickson,F,11th,Cabrera High School,82,90
17110,Jordan Meza,M,9th,Cabrera High School,85,98
17111,Jennifer Dean,F,11th,Cabrera High School,75,87
17112,Heidi Schmidt,F,11th,Cabrera High School,92,81
17113,Jeffrey Johnson,M,11th,Cabrera High School,85,90
17114,Sarah Lambert,F,10th,Cabrera High School,78,75
17115,Nancy Mcdonald,F,11th,Cabrera High School,77,69
17116,Cassandra Myers,F,11th,Cabrera High School,70,73
17117,Susan Wilson,F,11th,Cabrera High School,83,73
17118,Shawn Scott,M,9th,Cabrera High School,88,90
17119,Sarah Ruiz,F,10th,Cabrera High School,71,71
17120,Christopher Lopez,M,9th,Cabrera High School,96,69
17121,Anita Rivera,F,11th,Cabrera High School,83,70
17122,Brandon Porter,M,9th,Cabrera High School,95,95
17123,Brian Christensen,M,11th,Cabrera High School,74,79
17124,Brooke Elliott,F,10th,Cabrera High School,89,79
17125,Bryan Harrington,M,12th,Cabrera High School,72,88
17126,Nicole Wilson,F,11th,Cabrera High School,92,69
17127,Daniel Clark,M,12th,Cabrera High School,97,83
17128,Beth Rodgers,F,9th,Cabrera High School,73,81
17129,David Davis,M,12th,Cabrera High School,73,87
17130,David Chang,M,9th,Cabrera High School,90,91
17131,Kari Bryan,F,9th,Cabrera High School,91,94
17132,Mike Simon,M,12th,Cabrera High School,87,98
17133,Matthew Steele,M,11th,Cabrera High School,74,99
17134,Michael Bowen,M,9th,Cabrera High School,95,80
17135,Ashley Guerra,F,12th,Cabrera High School,87,83
17136,Nathan Burns,M,11th,Cabrera High School,81,76
17137,Alicia Cole,F,10th,Cabrera High School,74,77
17138,Todd Walls,M,10th,Cabrera High School,86,97
17139,Zachary Hickman,M,9th,Cabrera High School,82,99
17140,David Elliott,M,12th,Cabrera High School,71,98
17141,Charles Sullivan,M,9th,Cabrera High School,69,79
17142,Amy Green,F,11th,Cabrera High School,89,83
17143,Daniel Stein,M,12th,Cabrera High School,79,71
17144,Michael Travis,M,12th,Cabrera High School,78,99
17145,Kelsey Sanchez,F,12th,Cabrera High School,84,92
17146,Sarah Mitchell,F,10th,Cabrera High School,86,76
17147,Timothy Rivera,M,10th,Cabrera High School,90,68
17148,William Ford,M,10th,Cabrera High School,73,81
17149,Erica Bray,F,9th,Cabrera High School,83,99
17150,Leah Flores,F,9th,Cabrera High School,91,91
17151,Patricia Jimenez,F,11th,Cabrera High School,73,97
17152,Julia Herrera,F,11th,Cabrera High School,74,73
17153,Gary Lopez,M,12th,Cabrera High School,80,98
17154,Kevin Wallace,M,9th,Cabrera High School,89,71
17155,Jennifer Lin,F,11th,Cabrera High School,77,81
17156,Carla Robinson,F,11th,Cabrera High School,75,70
17157,Lori Huffman,F,9th,Cabrera High School,74,96
17158,Christopher Robles,M,11th,Cabrera High School,70,88
17159,Christine Anderson,F,11th,Cabrera High School,98,76
17160,Danielle Schroeder,F,9th,Cabrera High School,75,79
17161,Jason Vaughn,M,9th,Cabrera High School,70,73
17162,Kayla Mann,F,11th,Cabrera High School,95,75
17163,Bonnie Navarro,F,10th,Cabrera High School,71,93
17164,Colton Johnson,M,9th,Cabrera High School,79,93
17165,Dana Booth,F,10th,Cabrera High School,88,89
17166,Tiffany Raymond,F,9th,Cabrera High School,77,80
17167,Ashley Johnson,F,9th,Cabrera High School,86,90
17168,James Lopez,M,9th,Cabrera High School,99,89
17169,Phillip Gomez,M,11th,Cabrera High School,71,70
17170,Mark House,M,12th,Cabrera High School,78,93
17171,Christy Flowers,F,10th,Cabrera High School,83,80
17172,Monica Henson,F,11th,Cabrera High School,71,69
17173,Michelle Wilcox,F,12th,Cabrera High School,90,80
17174,Mark Fleming,M,12th,Cabrera High School,90,88
17175,Casey Reed,M,12th,Cabrera High School,90,74
17176,Amy Davis,F,9th,Cabrera High School,86,94
17177,Brian Turner,M,11th,Cabrera High School,74,73
17178,David Strickland,M,9th,Cabrera High School,92,68
17179,Austin Rose,M,9th,Cabrera High School,94,91
17180,Derek Peterson,M,10th,Cabrera High School,98,78
17181,Michael Coleman,M,12th,Cabrera High School,70,98
17182,Tara White,F,9th,Cabrera High School,80,89
17183,Aaron Mcknight,M,11th,Cabrera High School,69,80
17184,April Barber,F,9th,Cabrera High School,98,87
17185,Michelle Martinez,F,9th,Cabrera High School,92,71
17186,Dennis Smith,M,11th,Cabrera High School,90,84
17187,Elizabeth Conley,F,11th,Cabrera High School,69,93
17188,Jonathan Johnson,M,9th,Cabrera High School,98,93
17189,Jason Finley,M,11th,Cabrera High School,92,87
17190,Krystal Mcdowell,F,11th,Cabrera High School,85,74
17191,Phillip Russell,M,9th,Cabrera High School,71,83
17192,Shawn Mullins,M,9th,Cabrera High School,94,73
17193,Monica Moore,F,9th,Cabrera High School,78,68
17194,Jamie Mclaughlin,F,11th,Cabrera High School,80,80
17195,Zachary Kim,M,9th,Cabrera High School,95,77
17196,Henry Reyes,M,9th,Cabrera High School,87,72
17197,Jeff Willis,M,12th,Cabrera High School,75,81
17198,Zachary Fisher,M,9th,Cabrera High School,93,70
17199,Jason Lang,M,10th,Cabrera High School,83,77
17200,Kelly Duncan,F,12th,Cabrera High School,86,92
17201,Claudia Leach,F,9th,Cabrera High School,80,85
17202,Nicholas David,M,11th,Cabrera High School,96,68
17203,Yvonne Khan,F,11th,Cabrera High School,97,85
17204,Kristin Peterson,F,12th,Cabrera High School,84,81
17205,Joseph Williams,M,12th,Cabrera High School,95,89
17206,Denise Foster,F,9th,Cabrera High School,86,98
17207,Gary Sutton,M,9th,Cabrera High School,71,73
17208,Karen Daniels,F,9th,Cabrera High School,74,80
17209,Jean Jackson,F,9th,Cabrera High School,70,71
17210,John Gonzalez,M,9th,Cabrera High School,79,92
17211,Sean Phillips,M,9th,Cabrera High School,93,70
17212,Jacob Chang,M,11th,Cabrera High School,83,75
17213,Chelsea Krueger,F,10th,Cabrera High School,94,69
17214,Willie King,M,10th,Cabrera High School,95,98
17215,Paul Martinez,M,11th,Cabrera High School,89,68
17216,Kathleen Beasley,F,10th,Cabrera High School,92,96
17217,Alexis Garrett,F,10th,Cabrera High School,94,79
17218,George Newman,M,12th,Cabrera High School,92,68
17219,Miranda Stanley ,F,9th,Cabrera High School,96,75
17220,Jacqueline Chaney,F,10th,Cabrera High School,87,89
17221,Brian Taylor,M,9th,Cabrera High School,74,72
17222,Shawn Schaefer,M,12th,Cabrera High School,89,87
17223,David Gay,M,11th,Cabrera High School,89,91
17224,Jeffrey Reed,M,11th,Cabrera High School,96,91
17225,Angela Cooper,F,10th,Cabrera High School,88,90
17226,Ronald Diaz,M,9th,Cabrera High School,73,96
17227,Sonya Gilbert,F,9th,Cabrera High School,90,79
17228,Jennifer Holloway,F,12th,Cabrera High School,88,96
17229,Natasha Shea,F,10th,Cabrera High School,85,94
17230,Christopher Estrada,M,12th,Cabrera High School,95,93
17231,Amanda Harris,F,11th,Cabrera High School,92,77
17232,Todd Davidson,M,10th,Cabrera High School,73,83
17233,Stephen Scott,M,9th,Cabrera High School,75,93
17234,Eugene Ross,M,9th,Cabrera High School,93,70
17235,Ryan Allen,M,9th,Cabrera High School,93,82
17236,Joan Smith,F,12th,Cabrera High School,96,93
17237,Jill Henderson,F,9th,Cabrera High School,78,89
17238,Steven Richardson,M,10th,Cabrera High School,98,93
17239,Patricia Greene,F,10th,Cabrera High School,76,90
17240,Tyler Malone,M,12th,Cabrera High School,94,75
17241,Diane Perry,F,11th,Cabrera High School,92,86
17242,Jamie Brown,F,9th,Cabrera High School,91,69
17243,Michael Palmer,M,11th,Cabrera High School,87,94
17244,Andrew Avila,M,12th,Cabrera High School,85,74
17245,Thomas Stone,M,11th,Cabrera High School,94,93
17246,Christina Martinez,F,9th,Cabrera High School,74,94
17247,Steven Murphy,M,11th,Cabrera High School,96,76
17248,Amy Woods,F,12th,Cabrera High School,89,71
17249,Nathan Anderson,M,11th,Cabrera High School,82,73
17250,Kenneth Jackson,M,10th,Cabrera High School,97,90
17251,Albert Hall,M,9th,Cabrera High School,97,82
17252,Erika Hart,F,10th,Cabrera High School,83,98
17253,Travis Johnson,M,12th,Cabrera High School,75,70
17254,Leslie Olsen,F,9th,Cabrera High School,74,97
17255,Carmen Lee,F,11th,Cabrera High School,95,95
17256,Christine Pena,F,11th,Cabrera High School,77,73
17257,Sherry Rivera,F,12th,Cabrera High School,76,70
17258,Christopher Cook,M,12th,Cabrera High School,92,72
17259,Alexandra Ramirez,F,10th,Cabrera High School,93,93
17260,Patrick Rivera,M,9th,Cabrera High School,74,78
17261,Thomas Frye,M,9th,Cabrera High School,83,72
17262,Mary Jones,F,9th,Cabrera High School,71,70
17263,Angela Gill,F,11th,Cabrera High School,99,77
17264,Kristin Reynolds,F,10th,Cabrera High School,90,87
17265,Amy Martin,F,10th,Cabrera High School,92,99
17266,Stacy Rodriguez,F,9th,Cabrera High School,97,94
17267,Emily Ray,F,9th,Cabrera High School,85,91
17268,Angela Smith,F,12th,Cabrera High School,96,82
17269,Edward Johnson,M,12th,Cabrera High School,86,76
17270,Ryan Clarke,M,12th,Cabrera High School,75,89
17271,Anthony Alvarez,M,12th,Cabrera High School,90,68
17272,Paula Welch,F,11th,Cabrera High School,96,92
17273,John Barker,M,12th,Cabrera High School,96,86
17274,Zachary Krause,M,11th,Cabrera High School,91,70
17275,Joseph Ray,M,12th,Cabrera High School,96,85
17276,Heather Reynolds,F,9th,Cabrera High School,81,88
17277,John Jones,M,10th,Cabrera High School,93,87
17278,Sherry Wall,F,10th,Cabrera High School,81,73
17279,Sharon Rush,F,9th,Cabrera High School,79,93
17280,Wendy Martin,F,11th,Cabrera High School,89,90
17281,Kyle Bentley,M,10th,Cabrera High School,80,94
17282,James Perez,M,12th,Cabrera High School,73,92
17283,Richard Johnson,M,9th,Cabrera High School,91,95
17284,Erin Hernandez,F,11th,Cabrera High School,80,84
17285,Erika Torres,F,9th,Cabrera High School,77,95
17286,Daniel Terrell,M,10th,Cabrera High School,74,84
17287,Anna Hodges,F,12th,Cabrera High School,81,81
17288,Kent Davis,M,9th,Cabrera High School,70,73
17289,Shelley Mason,F,10th,Cabrera High School,81,84
17290,Catherine Holmes,F,9th,Cabrera High School,91,95
17291,Christopher Wells,M,11th,Cabrera High School,74,97
17292,Cory Martin,M,10th,Cabrera High School,93,94
17293,Anne Brown,F,12th,Cabrera High School,87,95
17294,Brian Davis,M,9th,Cabrera High School,87,81
17295,Shaun Powell,M,11th,Cabrera High School,93,72
17296,Martin Hensley ,M,9th,Cabrera High School,81,73
17297,Kayla Singh,F,9th,Cabrera High School,71,86
17298,Teresa Harris,F,12th,Cabrera High School,74,95
17299,Cameron Munoz,M,9th,Cabrera High School,71,87
17300,Heather Smith,F,9th,Cabrera High School,75,88
17301,Katherine Williams,F,11th,Cabrera High School,94,96
17302,Rachel Harrell,F,10th,Cabrera High School,91,76
17303,Christopher Young,M,12th,Cabrera High School,80,70
17304,Larry Wells,M,10th,Cabrera High School,90,79
17305,April Gomez,F,12th,Cabrera High School,87,68
17306,Joshua Mcgee,M,11th,Cabrera High School,97,73
17307,Jason Clay,M,9th,Cabrera High School,86,78
17308,Samuel Nelson,M,9th,Cabrera High School,85,91
17309,Calvin Bennett,M,12th,Cabrera High School,92,74
17310,Kelly Haynes ,F,11th,Cabrera High School,89,68
17311,Jeffrey Mccoy,M,12th,Cabrera High School,83,75
17312,Ricardo Stewart,M,9th,Cabrera High School,99,97
17313,Latasha Miles,F,10th,Cabrera High School,95,98
17314,Mallory Sullivan,F,11th,Cabrera High School,84,92
17315,Kevin Rodriguez,M,11th,Cabrera High School,73,96
17316,Anthony Roberson,M,11th,Cabrera High School,70,89
17317,Stephen Sullivan,M,11th,Cabrera High School,71,86
17318,Ryan Leonard,M,10th,Cabrera High School,74,74
17319,Megan Henderson,F,10th,Cabrera High School,79,72
17320,Kara Thomas,F,9th,Cabrera High School,86,90
17321,Lisa Duncan,F,12th,Cabrera High School,98,78
17322,Amanda Nguyen,F,10th,Cabrera High School,95,94
17323,Rebecca Davis,F,10th,Cabrera High School,73,88
17324,Jack Wright,M,11th,Cabrera High School,83,80
17325,Dustin Jordan,M,11th,Cabrera High School,99,92
17326,Megan Nash,F,10th,Cabrera High School,84,69
17327,Vincent Mckenzie,M,9th,Cabrera High School,78,71
17328,Bobby Diaz,M,10th,Cabrera High School,69,75
17329,Jessica Walker,F,9th,Cabrera High School,91,70
17330,Alexander Foster ,M,9th,Cabrera High School,98,79
17331,Colleen Williams,F,9th,Cabrera High School,84,89
17332,Linda Nash,F,11th,Cabrera High School,89,72
17333,Cynthia Carter,F,12th,Cabrera High School,98,73
17334,Katherine Robles,F,10th,Cabrera High School,73,86
17335,Martin Miller,M,11th,Cabrera High School,84,73
17336,Laura Howell,F,12th,Cabrera High School,70,86
17337,Michael Griffin,M,11th,Cabrera High School,85,95
17338,Dennis Gates,M,12th,Cabrera High School,86,81
17339,Jesse Garrett,M,9th,Cabrera High School,74,85
17340,Douglas Nelson,M,11th,Cabrera High School,79,70
17341,Michael Hood,M,10th,Cabrera High School,96,72
17342,Ricardo Flores,M,9th,Cabrera High School,76,93
17343,Robert Shaw,M,12th,Cabrera High School,90,72
17344,Donna Thompson,F,12th,Cabrera High School,84,73
17345,Amber Mann,F,11th,Cabrera High School,93,94
17346,Rachel Carter,F,12th,Cabrera High School,80,68
17347,Eric Harris,M,11th,Cabrera High School,92,90
17348,Kristin Rodgers,F,10th,Cabrera High School,90,95
17349,Alfred Carpenter,M,9th,Cabrera High School,89,69
17350,Timothy Rios,M,11th,Cabrera High School,72,73
17351,Tami Rivers,F,10th,Cabrera High School,84,82
17352,Samantha Hood,F,10th,Cabrera High School,88,76
17353,Nicole Richardson,F,10th,Cabrera High School,73,80
17354,William Maynard,M,9th,Cabrera High School,94,82
17355,Roy Macdonald,M,12th,Cabrera High School,76,86
17356,Steven Ward,M,12th,Cabrera High School,93,74
17357,April Martinez,F,11th,Cabrera High School,77,90
17358,Robert Dunn,M,11th,Cabrera High School,78,88
17359,Sean Hayes,M,11th,Cabrera High School,92,84
17360,Briana Gilbert,F,11th,Cabrera High School,83,87
17361,Jill Brown,F,12th,Cabrera High School,95,94
17362,Barbara Larsen,F,11th,Cabrera High School,79,68
17363,Madison Thompson,F,12th,Cabrera High School,80,88
17364,Heather Peters,F,11th,Cabrera High School,77,92
17365,Dustin Martin,M,12th,Cabrera High School,91,72
17366,Becky Fowler,F,12th,Cabrera High School,75,83
17367,Timothy Anderson,M,11th,Cabrera High School,88,83
17368,Morgan Sellers,F,12th,Cabrera High School,71,98
17369,Heather Castro,F,12th,Cabrera High School,93,97
17370,Jeremy Mendoza,M,12th,Cabrera High School,75,79
17371,Stephen Morales,M,12th,Cabrera High School,89,87
17372,Katrina Gonzalez,F,9th,Cabrera High School,87,70
17373,James Hughes,M,10th,Cabrera High School,69,86
17374,Caitlyn Lopez,F,9th,Cabrera High School,98,81
17375,Juan Smith,M,9th,Cabrera High School,94,71
17376,John Young,M,11th,Cabrera High School,81,79
17377,Sarah Stewart,F,12th,Cabrera High School,73,95
17378,Jamie Garza,F,9th,Cabrera High School,74,91
17379,Isabella Huffman,F,12th,Cabrera High School,89,76
17380,April Johnson,F,11th,Cabrera High School,92,78
17381,William Schultz,M,10th,Cabrera High School,95,85
17382,William Rodgers,M,12th,Cabrera High School,73,76
17383,Joseph Vang,M,11th,Cabrera High School,73,96
17384,Jose Kennedy,M,10th,Cabrera High School,79,73
17385,Jeffrey Rios,M,9th,Cabrera High School,75,75
17386,Alexis Wallace,M,10th,Cabrera High School,90,83
17387,Kristen Holt,F,10th,Cabrera High School,99,71
17388,Chase Everett,M,10th,Cabrera High School,78,76
17389,Tyler Costa,M,11th,Cabrera High School,72,73
17390,Alexis Hawkins,F,10th,Cabrera High School,84,73
17391,Randall Roberts,M,9th,Cabrera High School,96,94
17392,Mark Houston,M,9th,Cabrera High School,92,71
17393,Cole Carter,M,12th,Cabrera High School,71,75
17394,Tanya Norton,F,9th,Cabrera High School,86,88
17395,Cindy White,F,11th,Cabrera High School,73,97
17396,Kimberly Gray,F,12th,Cabrera High School,87,71
17397,Anthony Smith,M,10th,Cabrera High School,93,80
17398,Joanna Hughes,F,12th,Cabrera High School,83,94
17399,Jill Sweeney,F,11th,Cabrera High School,77,81
17400,Mark Kelly,M,9th,Cabrera High School,93,79
17401,Kimberly Morgan,F,12th,Cabrera High School,96,72
17402,Brad Williams,M,12th,Cabrera High School,70,76
17403,Sabrina Miller,F,9th,Cabrera High School,85,85
17404,Anne Larsen ,F,10th,Cabrera High School,99,88
17405,Gregory Howard,M,9th,Cabrera High School,95,78
17406,Jason Mitchell,M,11th,Cabrera High School,99,68
17407,Jesse Powell,M,11th,Cabrera High School,73,74
17408,Clifford Lewis,M,12th,Cabrera High School,77,85
17409,Mathew English,M,9th,Cabrera High School,78,89
17410,Teresa Martin,F,9th,Cabrera High School,94,69
17411,Brenda Lee,F,12th,Cabrera High School,92,99
17412,Teresa Sherman,F,11th,Cabrera High School,70,86
17413,Denise Brown,F,11th,Cabrera High School,95,96
17414,Mitchell Myers,M,11th,Cabrera High School,75,89
17415,Amy Hill,F,9th,Cabrera High School,93,72
17416,Sherry Johnson ,F,10th,Cabrera High School,82,87
17417,Karen Chen,F,9th,Cabrera High School,79,76
17418,Brian Robertson,M,10th,Cabrera High School,75,84
17419,Barbara Lee,F,9th,Cabrera High School,87,99
17420,Christopher Obrien,M,11th,Cabrera High School,92,88
17421,James Sellers,M,9th,Cabrera High School,91,79
17422,Connie Williams,F,9th,Cabrera High School,90,82
17423,Debra Wolf,F,11th,Cabrera High School,91,95
17424,Kevin Griffin,M,10th,Cabrera High School,91,71
17425,Martin Johnson,M,9th,Cabrera High School,80,98
17426,Charles Flores,M,9th,Cabrera High School,89,94
17427,Martha Gordon,F,12th,Cabrera High School,85,97
17428,Eric Wilson,M,12th,Cabrera High School,94,80
17429,Lisa Morrison,F,11th,Cabrera High School,76,95
17430,Adriana Foley,F,10th,Cabrera High School,75,77
17431,Penny Ruiz,F,9th,Cabrera High School,81,69
17432,John Torres,M,9th,Cabrera High School,97,80
17433,Robert Knapp,M,9th,Cabrera High School,76,97
17434,Maria Liu,F,10th,Cabrera High School,93,89
17435,Brandon Miller,M,9th,Cabrera High School,78,72
17436,Erik Carpenter,M,9th,Cabrera High School,99,70
17437,Jason Jones,M,9th,Cabrera High School,80,98
17438,Rebecca Sullivan,F,11th,Cabrera High School,98,75
17439,Anthony Williams,M,12th,Cabrera High School,94,71
17440,Bryan Wright,M,9th,Cabrera High School,88,73
17441,Larry Fischer,M,9th,Cabrera High School,91,80
17442,George Gutierrez,M,11th,Cabrera High School,75,77
17443,Brandon Serrano,M,10th,Cabrera High School,99,78
17444,Jessica Gonzalez,F,12th,Cabrera High School,72,96
17445,James Castillo,M,12th,Cabrera High School,73,70
17446,Emily Arias,F,11th,Cabrera High School,83,74
17447,Victor Chavez II,M,9th,Cabrera High School,92,70
17448,Pamela Anderson,F,9th,Cabrera High School,71,88
17449,Alyssa Greene,F,9th,Cabrera High School,73,72
17450,Kathy Rasmussen,F,12th,Cabrera High School,85,81
17451,Jodi Salinas,F,9th,Cabrera High School,93,85
17452,Brendan Roth,M,10th,Cabrera High School,74,94
17453,Steven Martin,M,9th,Cabrera High School,90,70
17454,Donald Oneill,M,12th,Cabrera High School,96,99
17455,Yvonne Oliver,F,12th,Cabrera High School,97,91
17456,Brian Gutierrez,M,9th,Cabrera High School,90,73
17457,Brandon Dougherty ,M,9th,Cabrera High School,78,74
17458,Todd Hunter,M,12th,Cabrera High School,81,87
17459,Catherine Hill,F,11th,Cabrera High School,88,97
17460,Susan Baker,F,11th,Cabrera High School,83,94
17461,Rebecca Richards,F,12th,Cabrera High School,99,70
17462,Sandra Robertson,F,12th,Cabrera High School,75,98
17463,Nancy Jackson,F,11th,Cabrera High School,73,89
17464,Laura Johnson,F,10th,Cabrera High School,81,81
17465,Joel Stuart,M,11th,Cabrera High School,96,91
17466,Glenda Cox,F,10th,Cabrera High School,81,98
17467,Matthew Hall,M,10th,Cabrera High School,78,92
17468,Amanda Reyes,F,12th,Cabrera High School,79,96
17469,Crystal Hernandez,F,9th,Cabrera High School,72,81
17470,Kelly Thomas,F,12th,Cabrera High School,80,92
17471,Rhonda Gonzales,F,9th,Cabrera High School,88,85
17472,Thomas Weber,M,10th,Cabrera High School,93,78
17473,Anna Jordan,F,11th,Cabrera High School,72,71
17474,Jacob Fisher,M,11th,Cabrera High School,92,68
17475,Kenneth Thomas,M,11th,Cabrera High School,78,71
17476,Troy Wall,M,10th,Cabrera High School,99,97
17477,Patricia Rangel,F,12th,Cabrera High School,76,99
17478,Frank Wolf,M,9th,Cabrera High School,91,78
17479,Kimberly Vang,F,9th,Cabrera High School,96,70
17480,Ian Gray,M,12th,Cabrera High School,80,70
17481,Elizabeth Young ,F,9th,Cabrera High School,87,69
17482,Penny Parsons,F,12th,Cabrera High School,98,79
17483,Andrea Everett,F,11th,Cabrera High School,72,86
17484,Corey Savage,M,12th,Cabrera High School,95,88
17485,Lauren Smith,F,10th,Cabrera High School,99,91
17486,Ann Lopez,F,9th,Cabrera High School,72,82
17487,Ryan Brewer,M,9th,Cabrera High School,83,92
17488,Victoria Lang,F,11th,Cabrera High School,69,94
17489,Sarah Thompson,F,10th,Cabrera High School,83,96
17490,Jonathan Hale,M,12th,Cabrera High School,96,71
17491,Carly Lee,F,11th,Cabrera High School,78,85
17492,Luis Williams,M,11th,Cabrera High School,89,76
17493,Abigail Ward,F,12th,Cabrera High School,69,73
17494,Kevin Cortez,M,9th,Cabrera High School,91,89
17495,Emily Cox,F,11th,Cabrera High School,69,72
17496,Elaine Tran,F,10th,Cabrera High School,92,72
17497,Benjamin Wilson,M,10th,Cabrera High School,86,91
17498,Dwayne Williams,M,10th,Cabrera High School,94,79
17499,Deborah Harrison,F,11th,Cabrera High School,69,90
17500,Lisa Mcdowell,F,11th,Cabrera High School,89,78
17501,Shannon Bryant,F,10th,Cabrera High School,69,72
17502,Danielle Gomez,F,9th,Cabrera High School,73,73
17503,Sharon Davis,F,11th,Cabrera High School,93,93
17504,Mary Thomas,F,9th,Cabrera High School,76,83
17505,Sarah Weaver,F,10th,Cabrera High School,72,80
17506,Heather Keith,F,10th,Cabrera High School,88,68
17507,Joshua Holmes,M,9th,Cabrera High School,69,84
17508,Joshua Lucas,M,10th,Cabrera High School,70,75
17509,Nicole Fernandez,F,9th,Cabrera High School,92,72
17510,Ricardo Smith,M,9th,Cabrera High School,74,75
17511,Courtney Rojas,F,10th,Cabrera High School,93,71
17512,Ruth Castillo,F,10th,Cabrera High School,69,77
17513,Matthew Morales,M,9th,Cabrera High School,94,78
17514,Melinda Weber,F,9th,Cabrera High School,73,83
17515,Melanie Joseph,F,12th,Cabrera High School,71,96
17516,Jeffrey Lloyd,M,11th,Cabrera High School,88,76
17517,Raven Malone,F,9th,Cabrera High School,78,75
17518,Stephen Chambers,M,9th,Cabrera High School,85,68
17519,Jamie Wilson,F,10th,Cabrera High School,84,98
17520,Allison Pratt,F,9th,Cabrera High School,96,91
17521,Amanda Bell,F,9th,Cabrera High School,76,87
17522,Sue Mccarthy,F,10th,Cabrera High School,91,86
17523,Bryan Pineda,M,12th,Cabrera High School,98,81
17524,Heather Henry,F,9th,Cabrera High School,72,69
17525,Robert Harper,M,10th,Cabrera High School,96,82
17526,Michael Walsh ,M,12th,Cabrera High School,82,74
17527,Pamela Smith,F,11th,Cabrera High School,92,78
17528,Jake Logan,M,11th,Cabrera High School,74,69
17529,Deborah Wallace,F,10th,Cabrera High School,94,93
17530,Jason Hill,M,11th,Cabrera High School,98,96
17531,Sharon Kramer,F,11th,Cabrera High School,92,76
17532,Daniel Ashley,M,10th,Cabrera High School,90,73
17533,Wesley Terry,M,9th,Cabrera High School,77,92
17534,Jermaine Gray,M,9th,Cabrera High School,79,83
17535,Michael Valenzuela,M,9th,Cabrera High School,73,80
17536,Tiffany Oconnor,F,10th,Cabrera High School,70,77
17537,Crystal Pugh,F,12th,Cabrera High School,95,70
17538,Michelle Webster,F,12th,Cabrera High School,84,94
17539,Valerie Hawkins,F,11th,Cabrera High School,91,93
17540,Mrs. Lauren Campbell,F,10th,Cabrera High School,71,82
17541,Alexis Williams,F,9th,Cabrera High School,95,85
17542,Angela Lindsey,F,12th,Cabrera High School,96,71
17543,Brittany Patterson,F,11th,Cabrera High School,82,70
17544,Thomas Aguilar,M,9th,Cabrera High School,79,95
17545,Jennifer Ramsey,F,9th,Cabrera High School,75,79
17546,Stanley Hernandez,M,9th,Cabrera High School,93,88
17547,Lisa Vasquez,F,11th,Cabrera High School,70,71
17548,Lisa Gould,F,9th,Cabrera High School,78,72
17549,Krystal Lane,F,12th,Cabrera High School,89,76
17550,David Smith,M,12th,Cabrera High School,89,88
17551,Jeffrey Richardson,M,10th,Cabrera High School,71,93
17552,Christopher Miller,M,9th,Cabrera High School,81,95
17553,Darius Parker,M,10th,Cabrera High School,91,84
17554,Elizabeth Clark,F,10th,Cabrera High School,80,77
17555,Cheyenne Peterson,F,11th,Cabrera High School,72,77
17556,Edward Martinez,M,10th,Cabrera High School,71,78
17557,Briana Fitzgerald,F,9th,Cabrera High School,92,72
17558,Melissa Aguilar,F,9th,Cabrera High School,96,78
17559,Kathleen Gross,F,12th,Cabrera High School,99,87
17560,Amy Soto,F,9th,Cabrera High School,69,98
17561,Suzanne Mclean,F,9th,Cabrera High School,69,73
17562,Dalton Decker,M,10th,Cabrera High School,99,69
17563,Marc Chen,M,9th,Cabrera High School,85,92
17564,Stephanie Smith,F,10th,Cabrera High School,92,93
17565,Stephanie Cox,F,12th,Cabrera High School,97,87
17566,Christine Johnson,F,9th,Cabrera High School,91,70
17567,David Perry,M,10th,Cabrera High School,90,73
17568,Michelle Figueroa,F,10th,Cabrera High School,73,85
17569,Reginald Roberts,M,10th,Cabrera High School,89,93
17570,Betty Gaines,F,12th,Cabrera High School,82,96
17571,Sean Cole,M,11th,Cabrera High School,72,80
17572,Gina Porter,F,11th,Cabrera High School,70,82
17573,Rebecca Hayden,F,9th,Cabrera High School,79,77
17574,Kelli Smith,F,10th,Cabrera High School,92,93
17575,Cathy Young,F,10th,Cabrera High School,91,75
17576,Karen Anderson,F,9th,Cabrera High School,99,73
17577,Kelly Snow,M,11th,Cabrera High School,73,77
17578,Michelle Taylor,F,10th,Cabrera High School,78,81
17579,Carl Ortiz,M,12th,Cabrera High School,87,98
17580,Benjamin Campbell,M,9th,Cabrera High School,86,91
17581,Ethan Mccarthy,M,9th,Cabrera High School,98,94
17582,Terry Lewis,M,11th,Cabrera High School,81,81
17583,Daniel Davidson,M,11th,Cabrera High School,78,81
17584,James Spencer,M,10th,Cabrera High School,98,95
17585,Timothy Smith,M,11th,Cabrera High School,91,76
17586,Laurie Myers,F,11th,Cabrera High School,86,81
17587,Brian Cooper,M,12th,Cabrera High School,82,74
17588,Adam Haney,M,10th,Cabrera High School,84,92
17589,David Hammond,M,12th,Cabrera High School,72,97
17590,Susan Cook,F,9th,Cabrera High School,72,88
17591,Taylor Daniels,F,9th,Cabrera High School,79,82
17592,Heather Meadows,F,9th,Cabrera High School,91,79
17593,Samantha Ashley,F,9th,Cabrera High School,91,73
17594,Alison Johnson,F,11th,Cabrera High School,69,68
17595,Diane Fuentes,F,11th,Cabrera High School,99,86
17596,Justin Lawrence,M,9th,Cabrera High School,74,73
17597,Rachel Reyes,F,9th,Cabrera High School,97,74
17598,Christine Powell,F,12th,Cabrera High School,94,92
17599,Jeffrey Garza,M,10th,Cabrera High School,98,81
17600,Timothy Garrison,M,10th,Cabrera High School,77,69
17601,Danielle Campbell,F,9th,Cabrera High School,74,70
17602,Richard Snyder,M,11th,Cabrera High School,87,82
17603,Philip Ortiz,M,10th,Cabrera High School,92,97
17604,Stephen Freeman,M,10th,Cabrera High School,93,78
17605,Sharon Hernandez,F,10th,Cabrera High School,71,98
17606,Brandon Patterson,M,11th,Cabrera High School,69,94
17607,Patrick Perry,M,12th,Cabrera High School,78,87
17608,Marissa Smith,F,10th,Cabrera High School,99,72
17609,Linda Gordon,F,9th,Cabrera High School,94,99
17610,Aaron Bonilla,M,9th,Cabrera High School,80,77
17611,Jason Robinson,M,11th,Cabrera High School,92,72
17612,Jessica Palmer,F,11th,Cabrera High School,82,89
17613,Jason Johnston,M,10th,Cabrera High School,79,88
17614,Samuel Lin,M,9th,Cabrera High School,85,99
17615,Beverly Hardin,F,9th,Cabrera High School,90,68
17616,Mark Rivas,M,12th,Cabrera High School,99,76
17617,Ricky Massey,M,11th,Cabrera High School,88,93
17618,William West,M,11th,Cabrera High School,80,95
17619,Elizabeth Noble,F,9th,Cabrera High School,86,85
17620,Thomas Carpenter,M,9th,Cabrera High School,85,87
17621,David Heath,M,10th,Cabrera High School,83,90
17622,Regina Thompson,F,11th,Cabrera High School,92,70
17623,Sean Newman,M,9th,Cabrera High School,90,81
17624,Samuel Lopez,M,10th,Cabrera High School,69,76
17625,Tiffany Diaz,F,11th,Cabrera High School,80,70
17626,Christopher Jacobs,M,9th,Cabrera High School,77,95
17627,Gerald Stone,M,11th,Cabrera High School,85,87
17628,Eric Lucas,M,9th,Cabrera High School,89,89
17629,David Reese,M,9th,Cabrera High School,94,91
17630,Stephen Taylor,M,10th,Cabrera High School,89,88
17631,Matthew Singh,M,9th,Cabrera High School,95,90
17632,Cheyenne Burns,F,10th,Cabrera High School,73,94
17633,Robert Ponce,M,11th,Cabrera High School,82,78
17634,Stephen Lewis,M,12th,Cabrera High School,79,78
17635,Eric Santos,M,11th,Cabrera High School,93,74
17636,Aaron Christensen,M,12th,Cabrera High School,81,76
17637,David Whitaker,M,11th,Cabrera High School,76,93
17638,Stephen Tucker,M,11th,Cabrera High School,91,99
17639,Kristen Fletcher,F,12th,Cabrera High School,75,79
17640,Ryan White,M,10th,Cabrera High School,76,70
17641,Lisa Lyons,F,9th,Cabrera High School,97,79
17642,Russell Hartman,M,9th,Cabrera High School,76,99
17643,Matthew Davis,M,10th,Cabrera High School,91,87
17644,Justin Spencer,M,10th,Cabrera High School,71,80
17645,Terri Smith,F,11th,Cabrera High School,75,84
17646,Johnny Watson,M,11th,Cabrera High School,91,83
17647,Anthony Paul,M,11th,Cabrera High School,79,74
17648,Tracy Melton,F,9th,Cabrera High School,94,86
17649,Morgan Vaughan,F,12th,Cabrera High School,69,93
17650,Shirley Richard,F,10th,Cabrera High School,73,85
17651,Mark Evans,M,12th,Cabrera High School,77,81
17652,Justin Santiago,M,11th,Cabrera High School,89,86
17653,Karen Johnson,F,12th,Cabrera High School,72,96
17654,Beverly Bautista,F,11th,Cabrera High School,70,91
17655,Shane Sanchez,M,12th,Cabrera High School,93,71
17656,Charles Brown,M,12th,Cabrera High School,86,92
17657,Michael Smith,M,11th,Cabrera High School,77,68
17658,Carlos Kim,M,9th,Cabrera High School,69,91
17659,Michael Taylor,M,10th,Cabrera High School,77,83
17660,Randy Woods,M,12th,Cabrera High School,90,71
17661,Brandon Roberts,M,11th,Cabrera High School,80,76
17662,Brenda Golden,F,12th,Cabrera High School,86,70
17663,David Wright,M,9th,Cabrera High School,88,76
17664,Matthew Gardner,M,9th,Cabrera High School,83,74
17665,Jocelyn Howe,F,12th,Cabrera High School,88,86
17666,Christopher Pace,M,9th,Cabrera High School,73,78
17667,Kenneth Thomas,M,12th,Cabrera High School,89,69
17668,Julia Turner,F,12th,Cabrera High School,89,82
17669,Troy Camacho ,M,9th,Cabrera High School,74,96
17670,Aaron Smith,M,10th,Cabrera High School,87,74
17671,Michele Harris,F,9th,Cabrera High School,69,99
17672,Heather Mejia,F,11th,Cabrera High School,75,68
17673,Krista Costa,F,9th,Cabrera High School,75,93
17674,Caitlin Ward,F,11th,Cabrera High School,94,87
17675,Scott Leonard,M,9th,Cabrera High School,71,94
17676,Dean Ramirez,M,11th,Cabrera High School,72,76
17677,Kenneth Schultz,M,10th,Cabrera High School,79,98
17678,Timothy Rodriguez,M,12th,Cabrera High School,80,71
17679,Tracy Anderson,F,10th,Cabrera High School,83,94
17680,Frederick Turner,M,9th,Cabrera High School,70,79
17681,Doris Murphy,F,9th,Cabrera High School,80,95
17682,Danielle Hernandez,F,12th,Cabrera High School,81,76
17683,Allison Johnson,F,10th,Cabrera High School,98,79
17684,Riley Evans,M,11th,Cabrera High School,72,68
17685,James Perez,M,12th,Cabrera High School,98,85
17686,Julie Hill,F,12th,Cabrera High School,81,81
17687,Kelly Cabrera,F,11th,Cabrera High School,92,79
17688,Marcus Fox,M,9th,Cabrera High School,86,85
17689,Julie Martin,F,10th,Cabrera High School,83,68
17690,Jennifer Mejia,F,9th,Cabrera High School,71,91
17691,David Wood,M,10th,Cabrera High School,97,99
17692,Reginald Rivers,M,12th,Cabrera High School,82,74
17693,Dorothy Lopez,F,11th,Cabrera High School,91,91
17694,Timothy Johnson,M,10th,Cabrera High School,87,79
17695,Lori Hale,F,10th,Cabrera High School,94,99
17696,Bryan Cook,M,10th,Cabrera High School,69,97
17697,Shannon Castro,F,12th,Cabrera High School,91,79
17698,Connie Davidson,F,12th,Cabrera High School,93,77
17699,Brenda Pena,F,11th,Cabrera High School,96,77
17700,Richard Ellis Jr.,M,12th,Cabrera High School,90,81
17701,Christopher Phelps,M,10th,Cabrera High School,77,69
17702,Amy Walton,F,9th,Cabrera High School,72,73
17703,Dominic Brown,M,9th,Cabrera High School,84,86
17704,Taylor Summers,F,11th,Cabrera High School,98,99
17705,Alyssa Anderson,F,10th,Cabrera High School,79,91
17706,Joanna Hood,F,11th,Cabrera High School,89,72
17707,Katherine Alexander,F,11th,Cabrera High School,79,99
17708,Kevin Rubio,M,9th,Cabrera High School,88,69
17709,Timothy Mills,M,10th,Cabrera High School,84,76
17710,Brandon Johnson,M,11th,Cabrera High School,77,86
17711,Desiree Frazier,F,9th,Cabrera High School,99,70
17712,David Owens,M,9th,Cabrera High School,83,95
17713,Michelle Mccarthy,F,10th,Cabrera High School,82,73
17714,John Hodges,M,10th,Cabrera High School,91,98
17715,Michelle Mclaughlin,F,10th,Cabrera High School,83,93
17716,Jonathan Walters,M,11th,Cabrera High School,95,72
17717,Teresa Newman,F,10th,Cabrera High School,82,96
17718,Margaret Hughes,F,12th,Cabrera High School,85,70
17719,James Watkins,M,10th,Cabrera High School,90,74
17720,Robert Welch,M,9th,Cabrera High School,72,77
17721,Paula Fleming,F,11th,Cabrera High School,80,95
17722,Evan Kent,M,10th,Cabrera High School,72,97
17723,Maurice Conner,M,9th,Cabrera High School,93,81
17724,Dalton Oconnell,M,12th,Cabrera High School,82,93
17725,Brian King,M,10th,Cabrera High School,96,79
17726,Joseph Stone,M,10th,Cabrera High School,85,82
17727,Tiffany Terry,F,9th,Cabrera High School,72,71
17728,Pamela Moore,F,11th,Cabrera High School,73,86
17729,Amanda Smith,F,11th,Cabrera High School,95,79
17730,Travis Green,M,11th,Cabrera High School,85,84
17731,Daniel Tran,M,11th,Cabrera High School,90,68
17732,Katrina Robinson,F,11th,Cabrera High School,93,90
17733,Stephanie James,F,12th,Cabrera High School,98,68
17734,Jeffrey Warner,M,10th,Cabrera High School,85,76
17735,Emma Rios,F,11th,Cabrera High School,72,79
17736,Noah Harris,M,11th,Cabrera High School,78,73
17737,Michele Howard,F,9th,Cabrera High School,97,88
17738,Daniel Harris,M,10th,Cabrera High School,97,77
17739,Joseph Williams,M,11th,Cabrera High School,85,82
17740,Stacey Wu,F,11th,Cabrera High School,84,79
17741,Stephen Lin,M,10th,Cabrera High School,87,68
17742,Brett Smith,M,11th,Cabrera High School,96,93
17743,Alexis Morrow,F,9th,Cabrera High School,89,74
17744,Kristen Cox,F,10th,Cabrera High School,80,73
17745,Mary Hernandez,F,11th,Cabrera High School,79,80
17746,Megan Watson,F,11th,Cabrera High School,85,96
17747,Carolyn Avila,F,10th,Cabrera High School,88,82
17748,Patricia Burton,F,9th,Cabrera High School,93,84
17749,Debra Luna,F,9th,Cabrera High School,69,68
17750,Kimberly Hernandez,F,12th,Cabrera High School,82,71
17751,Richard Wilson,M,12th,Cabrera High School,80,96
17752,Jamie Waters,F,11th,Cabrera High School,81,68
17753,Cody Bernard,M,10th,Cabrera High School,99,99
17754,Joseph Turner,M,10th,Cabrera High School,72,83
17755,Alexander Carlson,M,10th,Cabrera High School,90,84
17756,Leslie Brown,F,11th,Cabrera High School,94,94
17757,Jonathan Roth,M,10th,Cabrera High School,96,93
17758,Luke Tyler,M,10th,Cabrera High School,90,73
17759,Courtney Brown,F,11th,Cabrera High School,98,86
17760,James Moore,M,10th,Cabrera High School,85,77
17761,Denise Payne,F,12th,Cabrera High School,85,91
17762,Hannah Ortiz,F,9th,Cabrera High School,71,99
17763,Anthony Leon,M,9th,Cabrera High School,79,86
17764,Manuel Thomas,M,11th,Cabrera High School,81,90
17765,Lee Woods,M,12th,Cabrera High School,82,74
17766,Lauren Mason,F,9th,Cabrera High School,85,76
17767,Eric Stevenson,M,12th,Cabrera High School,74,88
17768,Karen Everett,F,9th,Cabrera High School,85,84
17769,Lance Alvarez,M,9th,Cabrera High School,97,99
17770,Michelle Bautista,F,11th,Cabrera High School,96,78
17771,Anthony Morgan,M,9th,Cabrera High School,69,83
17772,Brad Adams,M,10th,Cabrera High School,91,89
17773,Daniel Bass,M,9th,Cabrera High School,77,76
17774,Paul Ayers,M,12th,Cabrera High School,93,85
17775,Willie Payne,M,9th,Cabrera High School,71,72
17776,Richard Rodriguez,M,11th,Cabrera High School,93,93
17777,Linda Lopez,F,9th,Cabrera High School,94,73
17778,Kelly Hernandez,F,11th,Cabrera High School,88,83
17779,Jessica Mccoy,F,12th,Cabrera High School,69,73
17780,Emily Clark,F,9th,Cabrera High School,90,70
17781,Jerry Ayers,M,12th,Cabrera High School,83,92
17782,Jennifer Jordan,F,11th,Cabrera High School,96,84
17783,Cynthia Huffman,F,12th,Cabrera High School,97,81
17784,Jennifer Manning,F,9th,Cabrera High School,84,99
17785,Ashley Baird,F,10th,Cabrera High School,71,85
17786,Charles Daniels,M,12th,Cabrera High School,79,97
17787,Lisa Woodard,F,10th,Cabrera High School,85,86
17788,Savannah Fisher,F,10th,Cabrera High School,76,78
17789,Benjamin Aguirre,M,12th,Cabrera High School,82,98
17790,Alyssa Smith,F,9th,Cabrera High School,86,71
17791,Mrs. Brooke Campbell,F,12th,Cabrera High School,76,70
17792,Justin Marshall,M,9th,Cabrera High School,97,77
17793,Jennifer Brown,F,11th,Cabrera High School,85,84
17794,Nicholas Kennedy,M,12th,Cabrera High School,76,98
17795,Dawn Williams,F,11th,Cabrera High School,85,95
17796,Danielle Brown,F,10th,Cabrera High School,95,80
17797,Jeffrey Ayala,M,11th,Cabrera High School,74,83
17798,Kelly Reyes,F,10th,Cabrera High School,97,89
17799,Jamie Gibbs,F,11th,Cabrera High School,84,76
17800,Eric Holloway,M,11th,Cabrera High School,83,92
17801,Shannon Hill,F,10th,Cabrera High School,92,86
17802,Michael Munoz,M,11th,Cabrera High School,87,88
17803,John Huerta,M,12th,Cabrera High School,77,86
17804,Eric Brown,M,9th,Cabrera High School,70,93
17805,Christopher Morgan,M,11th,Cabrera High School,81,80
17806,Noah Perkins,M,11th,Cabrera High School,77,70
17807,Abigail Rodriguez,F,11th,Cabrera High School,94,77
17808,Karen Kelley,F,10th,Cabrera High School,99,74
17809,Michael Morales,M,10th,Cabrera High School,81,84
17810,Samantha Silva,F,9th,Cabrera High School,88,73
17811,Linda Campbell,F,9th,Cabrera High School,71,71
17812,William Smith,M,9th,Cabrera High School,72,74
17813,Jane Diaz,F,10th,Cabrera High School,83,75
17814,Kim Delacruz,F,11th,Cabrera High School,94,85
17815,Lynn Miller,F,11th,Cabrera High School,81,88
17816,Michelle Lloyd,F,10th,Cabrera High School,84,84
17817,Joshua Davis,M,9th,Cabrera High School,95,85
17818,Grace Willis,F,9th,Cabrera High School,93,71
17819,Jason Simmons,M,9th,Cabrera High School,86,81
17820,Shannon Mcguire,F,12th,Cabrera High School,86,78
17821,Katherine Olson,F,12th,Cabrera High School,75,87
17822,Sean Bishop,M,11th,Cabrera High School,70,72
17823,Karen Larson,F,10th,Cabrera High School,93,73
17824,Connor Walker,M,11th,Cabrera High School,83,71
17825,Suzanne Ruiz,F,9th,Cabrera High School,84,77
17826,Cassandra Ponce,F,11th,Cabrera High School,90,98
17827,Shawn Mendez,M,11th,Cabrera High School,86,91
17828,Barbara Benson,F,11th,Cabrera High School,82,83
17829,Alyssa Johnston,F,11th,Cabrera High School,93,78
17830,John Ray,M,9th,Cabrera High School,87,83
17831,Michelle Hawkins,F,9th,Cabrera High School,73,90
17832,Lisa Burgess,F,10th,Cabrera High School,80,75
17833,Larry Francis ,M,10th,Cabrera High School,70,83
17834,Matthew Baldwin,M,11th,Cabrera High School,70,90
17835,Paul Campbell,M,10th,Cabrera High School,78,85
17836,Nathan Walker,M,10th,Cabrera High School,85,86
17837,Tonya Nelson,F,9th,Cabrera High School,77,96
17838,Melissa Carter,F,9th,Cabrera High School,81,81
17839,Brent Sanchez,M,12th,Cabrera High School,94,70
17840,Joe Castillo,M,10th,Cabrera High School,76,68
17841,Christopher Griffin,M,12th,Cabrera High School,88,82
17842,Jordan Goodman,M,10th,Cabrera High School,69,87
17843,Michael Smith,M,9th,Cabrera High School,73,82
17844,Ralph Martin,M,11th,Cabrera High School,70,86
17845,Jim Bonilla,M,10th,Cabrera High School,94,84
17846,Joseph Cooper,M,11th,Cabrera High School,76,78
17847,Heidi Hayes,F,9th,Cabrera High School,70,83
17848,Stephanie Potts,F,12th,Cabrera High School,83,82
17849,Desiree Benson,F,9th,Cabrera High School,75,70
17850,Barry Hudson,M,9th,Cabrera High School,73,97
17851,Sheila Hicks,F,10th,Cabrera High School,98,93
17852,Daniel Joseph,M,9th,Cabrera High School,99,95
17853,Shannon Campbell,F,10th,Cabrera High School,85,76
17854,Rachel Meyer,F,11th,Cabrera High School,78,83
17855,Anthony Foster,M,10th,Cabrera High School,84,87
17856,Michael Jacobs,M,12th,Cabrera High School,91,68
17857,Jacqueline Pruitt,F,9th,Cabrera High School,76,97
17858,Samuel Pena,M,12th,Cabrera High School,86,90
17859,James Duke,M,9th,Cabrera High School,90,74
17860,David Johnson,M,10th,Cabrera High School,88,71
17861,Daniel Mueller,M,9th,Cabrera High School,88,81
17862,Carol Matthews,F,10th,Cabrera High School,80,96
17863,Lisa Sanders,F,9th,Cabrera High School,96,89
17864,Kimberly Nguyen,F,12th,Cabrera High School,87,69
17865,Megan Oconnor,F,9th,Cabrera High School,98,82
17866,Sonya Roman,F,10th,Cabrera High School,79,86
17867,Debra Perez,F,10th,Cabrera High School,89,98
17868,Dean York,M,11th,Cabrera High School,98,75
17869,Brandi Swanson,F,12th,Cabrera High School,81,73
17870,Kim Faulkner,F,10th,Cabrera High School,99,83
17871,Blake Martin,M,9th,Bailey High School,75,59
17872,Kathryn Kane,F,12th,Bailey High School,84,58
17873,Richard Haas,M,11th,Bailey High School,79,86
17874,Frank Marsh,M,9th,Bailey High School,71,89
17875,Charles Goodman Jr.,M,9th,Bailey High School,90,61
17876,James Burton,M,11th,Bailey High School,89,85
17877,James Rogers,M,11th,Bailey High School,91,70
17878,Wendy Fox,F,12th,Bailey High School,85,99
17879,Lori Lambert,F,11th,Bailey High School,93,80
17880,Aaron Moyer,M,9th,Bailey High School,81,62
17881,Antonio Foster,M,10th,Bailey High School,71,95
17882,Michael Dean,M,9th,Bailey High School,99,79
17883,Robin Vega,F,9th,Bailey High School,84,64
17884,Stephanie Robbins,F,10th,Bailey High School,87,56
17885,Joseph Webster,M,11th,Bailey High School,68,69
17886,David Harper,M,10th,Bailey High School,97,60
17887,Michaela Morgan,F,10th,Bailey High School,74,74
17888,Jeffrey Sherman,M,12th,Bailey High School,93,57
17889,Zachary Williams,M,12th,Bailey High School,77,89
17890,Debra Owen,F,11th,Bailey High School,92,77
17891,Devin Phillips,M,12th,Bailey High School,69,83
17892,Kenneth Juarez,M,9th,Bailey High School,96,69
17893,Jennifer Martin,F,11th,Bailey High School,86,92
17894,Katie Ingram,F,11th,Bailey High School,73,83
17895,Laura Castillo,F,10th,Bailey High School,78,71
17896,Jessica Butler,F,12th,Bailey High School,78,91
17897,Daniel Thomas,M,12th,Bailey High School,65,69
17898,Alan Hall,M,12th,Bailey High School,86,71
17899,Robin Castillo,F,11th,Bailey High School,81,86
17900,Ashley Bowman,F,12th,Bailey High School,75,63
17901,Gerald Smith,M,9th,Bailey High School,73,89
17902,Justin Roberts,M,11th,Bailey High School,91,76
17903,David Hernandez,M,9th,Bailey High School,74,98
17904,Matthew Singh,M,9th,Bailey High School,77,79
17905,Francisco Hoffman,M,10th,Bailey High School,77,71
17906,Richard Duran,M,11th,Bailey High School,75,65
17907,Thomas Garcia,M,10th,Bailey High School,69,70
17908,Jessica Russell,F,12th,Bailey High School,93,84
17909,Bobby Kemp,M,11th,Bailey High School,95,75
17910,Caitlin Blake,F,10th,Bailey High School,93,89
17911,Jeffrey Murphy,M,10th,Bailey High School,90,99
17912,Jeremiah White,M,9th,Bailey High School,63,76
17913,Craig West,M,12th,Bailey High School,76,76
17914,Michael Huynh,M,12th,Bailey High School,66,93
17915,Andrea Cummings,F,11th,Bailey High School,76,85
17916,Walter Hernandez,M,10th,Bailey High School,90,95
17917,Johnny Rogers,M,10th,Bailey High School,93,85
17918,John Lopez,M,10th,Bailey High School,65,89
17919,Elizabeth Davis,F,11th,Bailey High School,84,95
17920,Lisa Aguilar,F,9th,Bailey High School,76,96
17921,Carolyn Robinson,F,11th,Bailey High School,97,72
17922,Danielle Harris,F,9th,Bailey High School,72,59
17923,Stacy Cordova,F,10th,Bailey High School,81,74
17924,Darren Fields,M,10th,Bailey High School,83,68
17925,Daniel Gonzalez,M,12th,Bailey High School,72,58
17926,Robert Cruz,M,10th,Bailey High School,92,87
17927,Christopher Booker,M,12th,Bailey High School,63,75
17928,Kristin Johnson,F,9th,Bailey High School,75,68
17929,Hayley Morales,F,11th,Bailey High School,80,57
17930,Kevin Martin,M,9th,Bailey High School,67,71
17931,Erin Bradley ,F,10th,Bailey High School,98,79
17932,Natalie Bennett,F,10th,Bailey High School,63,65
17933,Kellie Matthews,F,11th,Bailey High School,91,71
17934,Anna Myers,F,9th,Bailey High School,84,62
17935,Teresa Vasquez,F,11th,Bailey High School,64,86
17936,Timothy Higgins,M,9th,Bailey High School,67,80
17937,Michael Casey,M,10th,Bailey High School,80,66
17938,Craig Holloway,M,12th,Bailey High School,77,72
17939,Anthony Ford,M,9th,Bailey High School,93,73
17940,Gerald Rodriguez,M,10th,Bailey High School,82,71
17941,Julie Davis,F,11th,Bailey High School,71,91
17942,Cody Lee,M,11th,Bailey High School,76,58
17943,Nicole Rose,F,9th,Bailey High School,85,56
17944,Anne Mccall,F,11th,Bailey High School,92,77
17945,Trevor Riggs,M,12th,Bailey High School,70,87
17946,Jordan Rose,M,12th,Bailey High School,76,70
17947,Steven Richardson,M,12th,Bailey High School,78,56
17948,Diana Costa,F,11th,Bailey High School,86,68
17949,Cathy Conner,F,10th,Bailey High School,67,66
17950,Christopher Hooper,M,12th,Bailey High School,93,95
17951,Michael Simon,M,11th,Bailey High School,72,68
17952,Barbara Jacobs,F,10th,Bailey High School,68,59
17953,Savannah Wallace,F,12th,Bailey High School,63,97
17954,Samuel Delacruz,M,11th,Bailey High School,92,69
17955,Diana Sosa,F,10th,Bailey High School,77,55
17956,Sara Martinez,F,10th,Bailey High School,78,90
17957,Michelle Thomas,F,12th,Bailey High School,70,98
17958,Gabriela Hughes,F,11th,Bailey High School,69,61
17959,Kathryn Rosario,F,10th,Bailey High School,75,64
17960,Christopher Long,M,9th,Bailey High School,76,90
17961,Michael Allen,M,9th,Bailey High School,63,58
17962,Erik Lambert,M,11th,Bailey High School,85,61
17963,Casey Jones,M,9th,Bailey High School,80,95
17964,Joseph Kelly,M,9th,Bailey High School,85,96
17965,Debra Brown,F,9th,Bailey High School,81,98
17966,Emma Watson,F,10th,Bailey High School,83,97
17967,Jacqueline Shea,F,9th,Bailey High School,93,78
17968,Sara Murphy,F,9th,Bailey High School,71,65
17969,Natalie Grant,F,9th,Bailey High School,79,78
17970,Catherine Brown,F,11th,Bailey High School,76,60
17971,Martin Crawford,M,11th,Bailey High School,84,96
17972,Courtney Torres,F,10th,Bailey High School,66,94
17973,Mary Martin,F,11th,Bailey High School,83,74
17974,Peter Miller,M,9th,Bailey High School,73,76
17975,Taylor Day,F,10th,Bailey High School,87,62
17976,David Cannon,M,9th,Bailey High School,63,59
17977,Roy Harrison,M,12th,Bailey High School,85,98
17978,Barbara Harris,F,10th,Bailey High School,80,88
17979,Kelly Romero ,F,11th,Bailey High School,78,55
17980,Valerie May,F,9th,Bailey High School,65,81
17981,Gerald Gray,M,11th,Bailey High School,83,80
17982,Donald Craig,M,10th,Bailey High School,65,62
17983,April Fisher,F,9th,Bailey High School,71,56
17984,Lisa Lee,F,10th,Bailey High School,70,89
17985,Bradley Hunter,M,9th,Bailey High School,63,90
17986,Taylor Horton,F,10th,Bailey High School,68,93
17987,Kevin Huffman,M,12th,Bailey High School,93,99
17988,Erica Gould,F,11th,Bailey High School,67,59
17989,Anna Yang ,F,11th,Bailey High School,97,83
17990,John Williamson,M,9th,Bailey High School,89,71
17991,Bruce Garcia,M,12th,Bailey High School,80,71
17992,Cynthia Schultz,F,12th,Bailey High School,65,62
17993,Michael Russo,M,10th,Bailey High School,88,90
17994,John White ,M,10th,Bailey High School,67,65
17995,Jeffrey Andersen,M,12th,Bailey High School,68,58
17996,Kylie Moore,F,11th,Bailey High School,93,65
17997,Anthony Spencer,M,9th,Bailey High School,76,66
17998,Christopher Conway,M,12th,Bailey High School,83,95
17999,Elizabeth Fields,F,11th,Bailey High School,83,90
18000,Blake Gaines,M,10th,Bailey High School,69,82
18001,Donald Edwards,M,11th,Bailey High School,78,82
18002,James Barnes,M,10th,Bailey High School,74,88
18003,Joseph Allen,M,9th,Bailey High School,83,95
18004,Larry Perez,M,10th,Bailey High School,65,56
18005,Elizabeth Sharp,F,10th,Bailey High School,64,82
18006,Jason Anderson,M,12th,Bailey High School,69,60
18007,Linda Jensen,F,11th,Bailey High School,98,81
18008,Carlos Warner,M,10th,Bailey High School,85,56
18009,Andrew Castaneda,M,10th,Bailey High School,78,59
18010,Elizabeth Smith,F,10th,Bailey High School,74,63
18011,Angela Wall,F,9th,Bailey High School,77,68
18012,Kim Foley,F,10th,Bailey High School,83,82
18013,Carol Peterson,F,12th,Bailey High School,85,81
18014,Christina Martinez,F,10th,Bailey High School,82,61
18015,Ashley Nguyen,F,11th,Bailey High School,74,66
18016,James Ferrell,M,9th,Bailey High School,77,87
18017,Robert Williams,M,11th,Bailey High School,93,63
18018,Kayla Rodriguez,F,10th,Bailey High School,80,92
18019,Gwendolyn Foster,F,10th,Bailey High School,94,80
18020,Joshua Baldwin,M,11th,Bailey High School,90,64
18021,Deborah Davis,F,11th,Bailey High School,64,73
18022,Robert Rodriguez,M,9th,Bailey High School,65,66
18023,Darius Williams,M,9th,Bailey High School,73,98
18024,April Vazquez,F,10th,Bailey High School,71,69
18025,Ebony Alexander,F,12th,Bailey High School,93,87
18026,Brian Trevino,M,9th,Bailey High School,63,60
18027,Thomas Cook,M,12th,Bailey High School,91,92
18028,Joy Shah,F,12th,Bailey High School,68,96
18029,William Rivera,M,10th,Bailey High School,85,87
18030,Shawn Mccarty,M,12th,Bailey High School,90,93
18031,Edward Murray,M,12th,Bailey High School,65,84
18032,Dana Mitchell,F,10th,Bailey High School,98,77
18033,Hector Crawford,M,11th,Bailey High School,69,88
18034,Russell Gonzalez,M,11th,Bailey High School,97,86
18035,Joel Hampton,M,11th,Bailey High School,69,88
18036,Christina Jackson,F,12th,Bailey High School,79,70
18037,David Bird,M,12th,Bailey High School,94,69
18038,Cameron Yang,M,12th,Bailey High School,72,88
18039,Christopher Lawrence,M,12th,Bailey High School,81,83
18040,Heidi Wright,F,10th,Bailey High School,84,74
18041,Philip Long,M,11th,Bailey High School,88,88
18042,Andrew Taylor,M,12th,Bailey High School,97,55
18043,Jeffrey Rivera,M,10th,Bailey High School,76,55
18044,Lauren Lee,F,11th,Bailey High School,96,93
18045,Margaret Cantrell,F,11th,Bailey High School,77,96
18046,Andrea Green,F,9th,Bailey High School,88,76
18047,Tabitha Adams,F,12th,Bailey High School,81,98
18048,Austin Johnston,M,9th,Bailey High School,71,87
18049,Michael Gomez,M,11th,Bailey High School,80,84
18050,Linda Buchanan,F,11th,Bailey High School,66,92
18051,Daniel Cross,M,11th,Bailey High School,99,80
18052,Guy Thomas,M,9th,Bailey High School,63,87
18053,Steven King,M,11th,Bailey High School,75,57
18054,Karen Allen,F,11th,Bailey High School,98,85
18055,Anthony Smith,M,12th,Bailey High School,70,97
18056,Desiree Gordon,F,9th,Bailey High School,89,89
18057,Jillian George,F,10th,Bailey High School,89,75
18058,Eric Osborn,M,10th,Bailey High School,65,89
18059,Jesse Todd,M,11th,Bailey High School,63,58
18060,Malik White,M,12th,Bailey High School,79,77
18061,Scott Clark,M,9th,Bailey High School,81,72
18062,Jesus Rodriguez,M,10th,Bailey High School,72,60
18063,Angela Velez,F,10th,Bailey High School,86,55
18064,Linda Singh,F,9th,Bailey High School,81,97
18065,Jennifer Farley,F,11th,Bailey High School,83,91
18066,William Perry,M,9th,Bailey High School,73,73
18067,Sarah Williams,F,10th,Bailey High School,80,75
18068,Amanda Taylor,F,10th,Bailey High School,98,95
18069,Ashley Gonzalez,F,10th,Bailey High School,81,61
18070,Anna Nelson,F,12th,Bailey High School,67,77
18071,Parker Ward,M,10th,Bailey High School,68,71
18072,Shannon Wilson,F,11th,Bailey High School,69,57
18073,Amy Stephens,F,10th,Bailey High School,64,97
18074,Terry Santana,F,9th,Bailey High School,91,91
18075,Heather Reid,F,11th,Bailey High School,66,96
18076,Linda Harris,F,10th,Bailey High School,68,58
18077,Stanley Howard,M,11th,Bailey High School,90,78
18078,Deborah Meadows,F,12th,Bailey High School,63,83
18079,Jacob Wilson,M,12th,Bailey High School,91,63
18080,Heather Malone,F,11th,Bailey High School,64,81
18081,Tammy Mooney,F,12th,Bailey High School,84,72
18082,Justin Bernard,M,11th,Bailey High School,67,99
18083,Erin Barton,F,10th,Bailey High School,92,70
18084,Joseph Odonnell,M,12th,Bailey High School,83,61
18085,Brenda Caldwell,F,12th,Bailey High School,74,68
18086,Nicolas Mendoza,M,11th,Bailey High School,87,57
18087,Marcus Kelly,M,11th,Bailey High School,90,85
18088,Michelle Campbell,F,10th,Bailey High School,92,88
18089,James Alexander,M,10th,Bailey High School,82,64
18090,Cameron Davis,M,12th,Bailey High School,99,66
18091,Melvin Smith,M,12th,Bailey High School,86,60
18092,April Stevens,F,9th,Bailey High School,71,77
18093,Anthony Torres,M,9th,Bailey High School,75,61
18094,Anita Flores,F,12th,Bailey High School,80,57
18095,Manuel Miller,M,12th,Bailey High School,94,57
18096,Allison Bradshaw,F,12th,Bailey High School,77,72
18097,Wayne Guerrero,M,9th,Bailey High School,64,95
18098,Monique Carter,F,9th,Bailey High School,84,72
18099,Tyler Silva,M,12th,Bailey High School,70,55
18100,Christine Lee,F,9th,Bailey High School,94,82
18101,Jay Smith,M,9th,Bailey High School,72,96
18102,Robert Reyes,M,9th,Bailey High School,71,73
18103,Richard Macdonald,M,9th,Bailey High School,68,91
18104,Linda Kim,F,10th,Bailey High School,63,71
18105,Amber Nelson,F,10th,Bailey High School,90,95
18106,Jerry Martin,M,11th,Bailey High School,93,79
18107,Jonathan Tucker,M,9th,Bailey High School,96,76
18108,Shane Hansen,M,11th,Bailey High School,73,76
18109,Emily Myers,F,10th,Bailey High School,81,83
18110,Chelsea Kemp,F,9th,Bailey High School,83,89
18111,Anthony Foster,M,10th,Bailey High School,93,82
18112,Melanie Keller,F,12th,Bailey High School,92,90
18113,Karen Thompson,F,10th,Bailey High School,64,57
18114,Michael House,M,12th,Bailey High School,80,65
18115,Kerri Gardner,F,12th,Bailey High School,80,74
18116,Jordan Hawkins,M,11th,Bailey High School,91,60
18117,Michael Mcfarland,M,12th,Bailey High School,94,60
18118,Rita Gordon,F,11th,Bailey High School,99,84
18119,Nicholas Ortiz,M,11th,Bailey High School,89,69
18120,Melissa Bowman,F,9th,Bailey High School,65,78
18121,Kim Decker,F,10th,Bailey High School,63,93
18122,Jerry Brown,M,11th,Bailey High School,69,94
18123,William Simpson,M,9th,Bailey High School,78,79
18124,Amanda Davis,F,9th,Bailey High School,86,73
18125,Cory Bradley,M,11th,Bailey High School,78,55
18126,Brandon Medina,M,9th,Bailey High School,86,58
18127,Shaun Coleman,M,12th,Bailey High School,90,87
18128,Holly Davis,F,12th,Bailey High School,82,97
18129,Patricia Williams,F,9th,Bailey High School,67,79
18130,Larry Cline,M,11th,Bailey High School,69,93
18131,Chase Villa,M,11th,Bailey High School,71,83
18132,Deborah Hill,F,11th,Bailey High School,66,99
18133,Donald Harris,M,11th,Bailey High School,77,61
18134,Jeremy Charles,M,9th,Bailey High School,82,65
18135,Karen Munoz,F,12th,Bailey High School,99,68
18136,Cynthia Browning,F,10th,Bailey High School,72,68
18137,Tyler Gonzalez,M,9th,Bailey High School,87,92
18138,Ryan Hammond,M,10th,Bailey High School,82,91
18139,Robert Rivers,M,10th,Bailey High School,83,94
18140,Michael Huff,M,12th,Bailey High School,95,66
18141,Harry Brown,M,10th,Bailey High School,76,71
18142,Samuel Wood,M,12th,Bailey High School,77,66
18143,Christian Valencia,M,11th,Bailey High School,67,77
18144,Kristen Green,F,9th,Bailey High School,78,89
18145,Charles Taylor,M,10th,Bailey High School,94,82
18146,Jacqueline Rivera,F,11th,Bailey High School,93,66
18147,Richard Waller,M,9th,Bailey High School,67,58
18148,Laura Lindsey,F,9th,Bailey High School,96,81
18149,Miranda Lara,F,11th,Bailey High School,77,79
18150,Anthony Pittman,M,12th,Bailey High School,96,84
18151,Monica Wilson,F,10th,Bailey High School,81,55
18152,Joshua Young,M,12th,Bailey High School,84,87
18153,Aaron Gonzalez,M,11th,Bailey High School,81,60
18154,Mark Alvarez,M,9th,Bailey High School,85,89
18155,Timothy Long,M,11th,Bailey High School,94,64
18156,Justin Barnett,M,10th,Bailey High School,74,68
18157,John Khan,M,11th,Bailey High School,69,60
18158,Patricia Ingram,F,12th,Bailey High School,97,96
18159,Matthew Thomas,M,9th,Bailey High School,96,93
18160,Ariel Harrison,F,10th,Bailey High School,72,74
18161,Ryan Norman,M,11th,Bailey High School,79,63
18162,Margaret Santiago,F,12th,Bailey High School,92,75
18163,Patrick Wyatt,M,10th,Bailey High School,77,96
18164,William Smith,M,11th,Bailey High School,73,62
18165,William Adams,M,10th,Bailey High School,87,72
18166,Robert Roman,M,11th,Bailey High School,91,91
18167,Donald Payne,M,11th,Bailey High School,74,74
18168,Heather Gould,F,9th,Bailey High School,78,88
18169,Jesus Jackson,M,11th,Bailey High School,96,92
18170,Aimee Anderson,F,10th,Bailey High School,84,63
18171,Ryan Kim,M,10th,Bailey High School,78,66
18172,Jacqueline Snow,F,9th,Bailey High School,91,99
18173,Jennifer Schroeder,F,10th,Bailey High School,95,81
18174,Melissa Reed,F,10th,Bailey High School,63,74
18175,April Calderon ,F,9th,Bailey High School,86,68
18176,Olivia Cruz,F,11th,Bailey High School,63,71
18177,Michael Walters,M,9th,Bailey High School,87,94
18178,Erin Hale,F,9th,Bailey High School,65,78
18179,Benjamin Gonzalez,M,10th,Bailey High School,93,59
18180,Michael Anderson,M,9th,Bailey High School,88,66
18181,Julie Morton,F,12th,Bailey High School,92,65
18182,Brett Garcia,M,12th,Bailey High School,68,90
18183,Joyce Knight,F,12th,Bailey High School,75,82
18184,Peggy Bautista,F,9th,Bailey High School,79,70
18185,Christopher Carter,M,11th,Bailey High School,91,72
18186,Gina Barber,F,9th,Bailey High School,90,76
18187,Sandra Hart,F,10th,Bailey High School,67,71
18188,Heidi Ashley,F,10th,Bailey High School,74,99
18189,James Harris,M,12th,Bailey High School,76,75
18190,Christian Moreno,M,12th,Bailey High School,94,78
18191,Kimberly Patterson,F,10th,Bailey High School,78,98
18192,Lisa Knight,F,10th,Bailey High School,87,56
18193,David Harris,M,9th,Bailey High School,83,64
18194,Kari Barton,F,12th,Bailey High School,75,55
18195,Deborah Macias,F,10th,Bailey High School,78,96
18196,Luis Stewart,M,12th,Bailey High School,84,70
18197,Courtney Powers,F,11th,Bailey High School,86,78
18198,Richard Meyers,M,11th,Bailey High School,81,86
18199,Andrew Spence,M,11th,Bailey High School,69,84
18200,Sean Watkins,M,12th,Bailey High School,99,64
18201,Robert Mitchell,M,12th,Bailey High School,67,57
18202,Nathan Jones,M,9th,Bailey High School,89,59
18203,William Dunlap,M,11th,Bailey High School,69,95
18204,Adam Cruz,M,9th,Bailey High School,76,96
18205,Curtis Hall,M,11th,Bailey High School,72,75
18206,Peter Gonzalez,M,9th,Bailey High School,68,59
18207,Christy Robbins,F,11th,Bailey High School,77,72
18208,Lori Holt,F,11th,Bailey High School,78,62
18209,Patricia Tucker,F,10th,Bailey High School,77,72
18210,Carl Fox,M,11th,Bailey High School,91,66
18211,Barbara Robinson,F,9th,Bailey High School,83,98
18212,Jonathan Young,M,10th,Bailey High School,67,97
18213,Steven Wong,M,9th,Bailey High School,81,66
18214,Karen Davis,F,10th,Bailey High School,70,72
18215,Joanna Santos,F,11th,Bailey High School,81,56
18216,Ashley Carter,F,11th,Bailey High School,91,78
18217,John Parker,M,10th,Bailey High School,79,72
18218,Adam Herring,M,9th,Bailey High School,80,63
18219,Sara Bowen,F,10th,Bailey High School,92,92
18220,Patricia Miller,F,9th,Bailey High School,98,68
18221,Jessica Crane,F,11th,Bailey High School,67,62
18222,Jim Stevens,M,9th,Bailey High School,76,86
18223,Jordan Mclaughlin,M,9th,Bailey High School,87,75
18224,Alison Caldwell,F,11th,Bailey High School,72,92
18225,Chad Fowler,M,11th,Bailey High School,78,84
18226,Keith Martinez,M,11th,Bailey High School,72,78
18227,Kenneth Robinson,M,11th,Bailey High School,70,59
18228,Katherine Wilson,F,11th,Bailey High School,98,99
18229,Vincent Martin,M,9th,Bailey High School,69,78
18230,Tracey Benson,F,9th,Bailey High School,93,65
18231,Ethan Beltran,M,12th,Bailey High School,99,83
18232,Jeffrey Griffin,M,12th,Bailey High School,78,88
18233,Natasha Everett,F,9th,Bailey High School,88,58
18234,Erin Parks,F,9th,Bailey High School,74,89
18235,Stephen Thompson,M,9th,Bailey High School,66,79
18236,Jay Khan,M,10th,Bailey High School,70,93
18237,Robert Anderson,M,12th,Bailey High School,81,81
18238,Christopher Ferguson,M,11th,Bailey High School,69,99
18239,Daniel King,M,9th,Bailey High School,65,70
18240,Wanda Johnson,F,11th,Bailey High School,86,78
18241,Danny Banks,M,12th,Bailey High School,79,85
18242,Benjamin Murray,M,9th,Bailey High School,82,81
18243,Kristen Smith,F,9th,Bailey High School,97,91
18244,John Carrillo,M,9th,Bailey High School,74,97
18245,Bradley Clayton,M,12th,Bailey High School,71,82
18246,Mark Browning,M,9th,Bailey High School,68,63
18247,Logan Boone,M,11th,Bailey High School,93,59
18248,Christopher Grimes,M,12th,Bailey High School,89,56
18249,Mrs. Kimberly Key ,F,12th,Bailey High School,98,77
18250,Eric Park ,M,9th,Bailey High School,70,68
18251,Aaron Pearson,M,11th,Bailey High School,97,93
18252,Brian Mosley,M,9th,Bailey High School,91,62
18253,Patricia Marsh,F,9th,Bailey High School,78,56
18254,Jennifer Anderson,F,9th,Bailey High School,94,63
18255,Danielle Hood,F,9th,Bailey High School,80,57
18256,Matthew Carter,M,9th,Bailey High School,93,77
18257,Randy Grant,M,12th,Bailey High School,73,85
18258,John Sanchez,M,12th,Bailey High School,91,74
18259,Stephanie Thomas,F,9th,Bailey High School,96,75
18260,Lauren Brady,F,12th,Bailey High School,87,81
18261,Leonard Harris,M,12th,Bailey High School,80,57
18262,Cathy Mercado,F,9th,Bailey High School,77,87
18263,Juan Young,M,11th,Bailey High School,90,62
18264,Robert Gray,M,10th,Bailey High School,99,96
18265,Zachary Walton,M,11th,Bailey High School,80,88
18266,Roberto Smith,M,10th,Bailey High School,92,89
18267,Sheila Lewis,F,9th,Bailey High School,82,64
18268,Gloria Vega,F,10th,Bailey High School,77,74
18269,Alison Nunez,F,12th,Bailey High School,69,73
18270,Jennifer Stevens,F,12th,Bailey High School,73,96
18271,Patrick Barker PhD,M,9th,Bailey High School,63,64
18272,Steven Mccoy,M,10th,Bailey High School,82,88
18273,Connie Patterson,F,11th,Bailey High School,99,97
18274,Ana Burns,F,9th,Bailey High School,84,65
18275,Michael Singh Jr.,M,10th,Bailey High School,86,86
18276,Douglas Sharp,M,11th,Bailey High School,72,66
18277,Alexander Dickson,M,10th,Bailey High School,72,85
18278,Mary Estrada,F,12th,Bailey High School,91,74
18279,Aaron Evans,M,12th,Bailey High School,93,76
18280,William Ramirez,M,10th,Bailey High School,95,90
18281,Rebecca Pratt,F,10th,Bailey High School,71,84
18282,Chloe Downs,F,9th,Bailey High School,66,58
18283,Katherine Case,F,11th,Bailey High School,97,66
18284,Brooke Carter,F,10th,Bailey High School,87,92
18285,Nancy Alexander,F,12th,Bailey High School,75,99
18286,Jeremy Maxwell,M,10th,Bailey High School,73,74
18287,James Fleming,M,12th,Bailey High School,65,58
18288,Makayla Gutierrez,F,10th,Bailey High School,68,72
18289,Blake Butler,M,12th,Bailey High School,82,66
18290,Steven Jackson,M,11th,Bailey High School,79,87
18291,Anna Frank,F,12th,Bailey High School,94,64
18292,Tina Jones,F,11th,Bailey High School,91,62
18293,Dale Hernandez,M,10th,Bailey High School,82,83
18294,Nicholas Reed,M,12th,Bailey High School,88,74
18295,Joshua Flores,M,9th,Bailey High School,94,88
18296,Bianca Boyer,F,9th,Bailey High School,66,55
18297,William Thompson,M,9th,Bailey High School,96,99
18298,Brittany Mcmillan,F,11th,Bailey High School,87,66
18299,Janet Grant,F,11th,Bailey High School,64,97
18300,Deanna Richardson,F,10th,Bailey High School,76,94
18301,Jonathan Long,M,9th,Bailey High School,66,94
18302,Michelle Palmer,F,10th,Bailey High School,85,98
18303,Kevin Rojas,M,10th,Bailey High School,64,97
18304,Luis Stevens,M,12th,Bailey High School,88,61
18305,Jonathan Smith Jr.,M,12th,Bailey High School,95,60
18306,Samantha Patterson,F,9th,Bailey High School,91,64
18307,Brittany Benson,F,10th,Bailey High School,85,85
18308,Alfred Mcdowell,M,11th,Bailey High School,96,94
18309,Michael Wright,M,10th,Bailey High School,85,81
18310,Chloe Johnson,F,10th,Bailey High School,76,75
18311,Monique Yang,F,12th,Bailey High School,92,66
18312,Douglas Chapman,M,11th,Bailey High School,82,96
18313,Michael Ballard,M,12th,Bailey High School,83,94
18314,Tanya Richardson,F,12th,Bailey High School,82,73
18315,Bryan Lynch,M,10th,Bailey High School,90,75
18316,Renee Oconnor,F,11th,Bailey High School,98,63
18317,Emily Powell,F,9th,Bailey High School,87,90
18318,Louis Waters,M,9th,Bailey High School,77,82
18319,Adrian Gray,M,10th,Bailey High School,70,71
18320,Michelle Harris,F,10th,Bailey High School,80,72
18321,Maria Stewart,F,11th,Bailey High School,90,78
18322,Wendy Williams,F,10th,Bailey High School,88,58
18323,Nathan Dominguez,M,9th,Bailey High School,92,84
18324,Erin Ramirez,F,10th,Bailey High School,76,88
18325,Kristin Keller,F,9th,Bailey High School,84,62
18326,Amber Ferguson,F,11th,Bailey High School,69,59
18327,Shannon Brown,F,11th,Bailey High School,71,95
18328,Jordan Stewart,M,9th,Bailey High School,72,60
18329,Jonathan Weber,M,11th,Bailey High School,84,67
18330,Ray Harris,M,12th,Bailey High School,74,92
18331,Brian Dunn,M,9th,Bailey High School,88,69
18332,Adam Cabrera,M,12th,Bailey High School,77,97
18333,Jose Morrison,M,11th,Bailey High School,97,91
18334,Ryan Peterson,M,11th,Bailey High School,88,62
18335,Bruce Mendoza,M,10th,Bailey High School,81,85
18336,Lori Zamora,F,12th,Bailey High School,63,90
18337,Robert Mendoza,M,11th,Bailey High School,73,78
18338,Emily Martin,F,9th,Bailey High School,95,89
18339,Jamie Miller,F,9th,Bailey High School,94,88
18340,Nathan Atkinson,M,9th,Bailey High School,67,60
18341,Kelly Martinez,F,9th,Bailey High School,88,64
18342,Desiree Blake,F,10th,Bailey High School,79,85
18343,Cassandra Taylor,F,10th,Bailey High School,76,57
18344,Sara Cooper,F,12th,Bailey High School,64,72
18345,Rodney Williams,M,11th,Bailey High School,73,81
18346,Cynthia Evans,F,11th,Bailey High School,84,97
18347,Ethan Richardson,M,10th,Bailey High School,85,69
18348,Hunter Fields,M,12th,Bailey High School,89,57
18349,Carlos Ramirez,M,9th,Bailey High School,79,72
18350,Tina Moran,F,10th,Bailey High School,81,94
18351,Beth Richards,F,10th,Bailey High School,84,91
18352,Allen Morris Jr.,M,9th,Bailey High School,72,93
18353,Miranda Miller,F,11th,Bailey High School,67,72
18354,Hannah Cooper,F,12th,Bailey High School,89,66
18355,Jordan Martin,M,10th,Bailey High School,95,73
18356,Sarah Roberts,F,9th,Bailey High School,82,59
18357,Patricia Ho,F,9th,Bailey High School,96,80
18358,Breanna Morris,F,9th,Bailey High School,83,80
18359,Sarah Garrett,F,10th,Bailey High School,82,69
18360,Emily Turner,F,9th,Bailey High School,84,65
18361,Alyssa Rodriguez,F,9th,Bailey High School,72,94
18362,Jennifer Huynh,F,10th,Bailey High School,90,57
18363,Samuel Davenport,M,12th,Bailey High School,77,63
18364,Richard Johnson,M,9th,Bailey High School,92,90
18365,James Hernandez,M,11th,Bailey High School,73,56
18366,Travis Davis,M,10th,Bailey High School,79,70
18367,Alyssa Riley,F,12th,Bailey High School,80,91
18368,Kyle Young,M,12th,Bailey High School,90,95
18369,Mary Green,F,9th,Bailey High School,67,75
18370,Joan Reed,F,11th,Bailey High School,70,73
18371,Kevin Lynn,M,10th,Bailey High School,76,57
18372,Sara Weaver,F,10th,Bailey High School,96,89
18373,Megan Miller,F,9th,Bailey High School,76,69
18374,Carrie Moore,F,11th,Bailey High School,77,68
18375,Steven Jones,M,11th,Bailey High School,75,77
18376,Wanda Bailey,F,9th,Bailey High School,70,57
18377,Jeff Henderson,M,11th,Bailey High School,63,78
18378,Matthew Weber,M,11th,Bailey High School,75,90
18379,Christopher Williams,M,11th,Bailey High School,95,84
18380,Renee Rodriguez,F,9th,Bailey High School,66,84
18381,Eric Carson,M,10th,Bailey High School,92,98
18382,Jeffrey Payne,M,9th,Bailey High School,77,60
18383,Kari Charles,F,9th,Bailey High School,96,76
18384,Mary Combs,F,11th,Bailey High School,69,70
18385,Diana Curtis,F,10th,Bailey High School,70,82
18386,Kelly Harmon,F,9th,Bailey High School,87,73
18387,Shannon Weaver,F,9th,Bailey High School,80,85
18388,Patty Nelson,F,9th,Bailey High School,68,82
18389,Donna Jackson,F,12th,Bailey High School,63,77
18390,Andrea Jones,F,9th,Bailey High School,89,64
18391,Sarah Jordan,F,11th,Bailey High School,76,70
18392,Dale Whitaker,M,9th,Bailey High School,81,55
18393,Kayla Cummings,F,11th,Bailey High School,75,85
18394,Catherine Singleton,F,10th,Bailey High School,97,77
18395,Michelle Ramirez,F,12th,Bailey High School,81,66
18396,Bradley Lopez,M,11th,Bailey High School,72,66
18397,Jacob Jackson,M,11th,Bailey High School,78,97
18398,Xavier Santana,M,10th,Bailey High School,85,55
18399,Zachary Brady,M,11th,Bailey High School,76,85
18400,Anthony Stone,M,12th,Bailey High School,99,91
18401,Katherine Dean,F,9th,Bailey High School,64,97
18402,Morgan Bailey,F,11th,Bailey High School,94,91
18403,Shawn Boyd,M,10th,Bailey High School,87,96
18404,Jesse Dyer,M,10th,Bailey High School,72,74
18405,Geoffrey Hall,M,12th,Bailey High School,83,67
18406,Matthew Stewart,M,10th,Bailey High School,69,83
18407,William Tyler,M,10th,Bailey High School,75,77
18408,Michael Leach,M,10th,Bailey High School,83,89
18409,Gregory Reynolds,M,10th,Bailey High School,72,64
18410,James Carpenter,M,11th,Bailey High School,81,73
18411,Kristina Gutierrez,F,12th,Bailey High School,73,76
18412,Beverly Lee,F,11th,Bailey High School,70,83
18413,Lisa Campos,F,10th,Bailey High School,84,56
18414,Matthew Lyons,M,10th,Bailey High School,96,88
18415,Daniel Murray,M,10th,Bailey High School,75,95
18416,Lee Rose,M,11th,Bailey High School,99,98
18417,David Mckenzie,M,11th,Bailey High School,74,55
18418,Brittney Henry,F,9th,Bailey High School,84,77
18419,Sarah Hunter,F,12th,Bailey High School,72,90
18420,Michael Vasquez,M,11th,Bailey High School,78,75
18421,Aaron Rodriguez,M,9th,Bailey High School,69,93
18422,Tyler Diaz,M,10th,Bailey High School,87,61
18423,Carl James,M,9th,Bailey High School,68,60
18424,William Morris,M,12th,Bailey High School,85,67
18425,Wayne Newton,M,10th,Bailey High School,66,56
18426,Amber Goodman,F,10th,Bailey High School,88,75
18427,William Francis,M,9th,Bailey High School,70,61
18428,Danielle Dyer,F,9th,Bailey High School,70,55
18429,Michael Wagner,M,9th,Bailey High School,92,77
18430,Rebecca Brown,F,11th,Bailey High School,80,60
18431,Amanda Rogers,F,9th,Bailey High School,87,95
18432,Patricia Jones,F,9th,Bailey High School,88,63
18433,Victor Martin,M,9th,Bailey High School,81,74
18434,Kimberly Benjamin,F,9th,Bailey High School,82,97
18435,Christopher Herrera,M,10th,Bailey High School,83,84
18436,Michelle Becker,F,9th,Bailey High School,96,58
18437,Edward Turner,M,10th,Bailey High School,68,57
18438,Lucas Smith,M,12th,Bailey High School,99,87
18439,Derek Bolton,M,12th,Bailey High School,81,99
18440,Jason Grant ,M,10th,Bailey High School,70,75
18441,Ethan Blair,M,10th,Bailey High School,82,96
18442,Dawn Knight,F,10th,Bailey High School,64,72
18443,Shelly Mitchell,F,12th,Bailey High School,76,67
18444,Joseph Nunez,M,9th,Bailey High School,81,96
18445,Keith Alvarez,M,9th,Bailey High School,90,86
18446,Stephen Price,M,10th,Bailey High School,96,86
18447,Amy Kirk,F,12th,Bailey High School,85,60
18448,Ricardo Vazquez,M,9th,Bailey High School,93,69
18449,Melissa Brown,F,12th,Bailey High School,93,85
18450,Jennifer Reynolds,F,12th,Bailey High School,99,81
18451,Matthew Wright,M,10th,Bailey High School,67,94
18452,Courtney Robinson,F,11th,Bailey High School,74,84
18453,Matthew Hawkins,M,9th,Bailey High School,71,72
18454,Nicole Smith,F,9th,Bailey High School,77,90
18455,Caroline Tran,F,10th,Bailey High School,88,71
18456,Juan White,M,10th,Bailey High School,93,86
18457,Lawrence Rowe,M,10th,Bailey High School,94,75
18458,Cassandra Fowler,F,12th,Bailey High School,93,64
18459,Rachel Davis,F,12th,Bailey High School,96,59
18460,Sarah Hodge,F,9th,Bailey High School,65,57
18461,Amber Blevins,F,9th,Bailey High School,65,78
18462,Aaron Thompson,M,12th,Bailey High School,74,78
18463,Jennifer Moore,F,10th,Bailey High School,85,65
18464,Laura Mercado,F,10th,Bailey High School,97,59
18465,Aaron Solis Jr.,M,12th,Bailey High School,81,87
18466,Adam Walsh,M,12th,Bailey High School,95,84
18467,Joanne Chandler,F,11th,Bailey High School,65,80
18468,Benjamin Bates,M,9th,Bailey High School,92,62
18469,Michelle Grimes,F,12th,Bailey High School,65,68
18470,Thomas Marshall,M,9th,Bailey High School,93,73
18471,Anna Johnson,F,9th,Bailey High School,66,67
18472,Donna Turner,F,10th,Bailey High School,72,96
18473,Ryan Graham ,M,9th,Bailey High School,89,79
18474,Terri Miller,F,9th,Bailey High School,63,86
18475,Kimberly Herring,F,11th,Bailey High School,80,86
18476,Taylor Dominguez,F,9th,Bailey High School,78,56
18477,Lisa Harris,F,9th,Bailey High School,68,89
18478,Tamara Williams,F,10th,Bailey High School,97,65
18479,Michael Robinson,M,9th,Bailey High School,94,56
18480,Joshua Gomez,M,12th,Bailey High School,82,61
18481,Nicole Wilson,F,10th,Bailey High School,85,70
18482,Melissa Kelly,F,9th,Bailey High School,98,89
18483,Amy Harper,F,12th,Bailey High School,84,94
18484,Jeffery Burns,M,11th,Bailey High School,68,98
18485,Chase Ray,M,9th,Bailey High School,67,90
18486,Jo Owens,F,10th,Bailey High School,78,65
18487,Cassandra Williams,F,11th,Bailey High School,79,73
18488,Rebecca Santiago,F,10th,Bailey High School,91,83
18489,Reginald Erickson,M,12th,Bailey High School,85,60
18490,Madison Kline,F,10th,Bailey High School,68,67
18491,Bryan Fischer,M,12th,Bailey High School,86,73
18492,Tracy Rodriguez,F,9th,Bailey High School,96,99
18493,Amanda Stevens,F,12th,Bailey High School,69,58
18494,Robert Raymond,M,10th,Bailey High School,75,96
18495,Yvonne Ware,F,9th,Bailey High School,95,77
18496,Jake Miles,M,9th,Bailey High School,79,86
18497,Karen Horton,F,11th,Bailey High School,68,72
18498,Amy Dennis,F,11th,Bailey High School,79,93
18499,Timothy Warren,M,11th,Bailey High School,89,76
18500,Mary Williams,F,12th,Bailey High School,91,61
18501,Christopher Myers,M,9th,Bailey High School,71,66
18502,Benjamin Webster,M,11th,Bailey High School,93,96
18503,Justin Morgan ,M,10th,Bailey High School,95,69
18504,Cindy Murphy,F,9th,Bailey High School,72,97
18505,Adrian Diaz,M,11th,Bailey High School,75,68
18506,Andrew Lee,M,12th,Bailey High School,85,88
18507,Amanda Kent,F,12th,Bailey High School,64,74
18508,Devin Hogan,M,10th,Bailey High School,64,68
18509,Angela Herrera,F,11th,Bailey High School,80,99
18510,Dylan Johnson,M,9th,Bailey High School,65,97
18511,Jack Berry,M,10th,Bailey High School,76,98
18512,Victoria Larsen,F,10th,Bailey High School,73,90
18513,Frank Newman,M,9th,Bailey High School,77,60
18514,Megan Moore,F,12th,Bailey High School,79,98
18515,Lisa Myers,F,9th,Bailey High School,80,65
18516,Renee Smith,F,10th,Bailey High School,92,56
18517,Donna Turner,F,12th,Bailey High School,79,78
18518,Helen Adams,F,11th,Bailey High School,78,62
18519,Sydney Villarreal,F,10th,Bailey High School,90,66
18520,Joshua Odonnell,M,11th,Bailey High School,89,63
18521,Kevin Smith,M,11th,Bailey High School,75,87
18522,Kristine Kelly,F,9th,Bailey High School,63,94
18523,Melanie Carey,F,10th,Bailey High School,91,69
18524,Brandi Smith,F,10th,Bailey High School,84,95
18525,Samuel Clark,M,10th,Bailey High School,89,55
18526,Eric Silva,M,12th,Bailey High School,82,58
18527,Steven Davis,M,10th,Bailey High School,85,86
18528,Jerry Juarez,M,12th,Bailey High School,66,66
18529,John Simmons,M,10th,Bailey High School,78,69
18530,Deborah Moore,F,11th,Bailey High School,71,64
18531,Mrs. Victoria Cochran,F,11th,Bailey High School,74,62
18532,Melissa Anderson,F,9th,Bailey High School,75,82
18533,Timothy Weber,M,11th,Bailey High School,69,85
18534,Andrea Adams,F,10th,Bailey High School,97,65
18535,David Velazquez,M,10th,Bailey High School,84,71
18536,Marissa Blevins,F,9th,Bailey High School,75,74
18537,Jason Hall,M,9th,Bailey High School,90,84
18538,Jessica Fritz,F,12th,Bailey High School,97,68
18539,Ryan Roberts,M,11th,Bailey High School,95,78
18540,Joseph Hernandez,M,9th,Bailey High School,95,88
18541,Wanda Maddox,F,9th,Bailey High School,84,78
18542,Glenda Sanders,F,10th,Bailey High School,88,79
18543,Matthew Cooper,M,12th,Bailey High School,84,92
18544,Arthur Koch,M,9th,Bailey High School,74,68
18545,Nicholas Daniel,M,9th,Bailey High School,75,66
18546,Robert Whitehead,M,11th,Bailey High School,64,60
18547,Tamara Taylor,F,12th,Bailey High School,78,60
18548,David Russell,M,11th,Bailey High School,94,65
18549,Steven Campbell,M,10th,Bailey High School,68,60
18550,Katie Strickland ,F,10th,Bailey High School,87,55
18551,Jerry Richards,M,9th,Bailey High School,80,80
18552,Joel Pitts,M,9th,Bailey High School,86,56
18553,Katie Evans,F,11th,Bailey High School,96,72
18554,Emma Perry ,F,12th,Bailey High School,85,97
18555,Peter Williams,M,11th,Bailey High School,88,68
18556,Thomas Herrera,M,9th,Bailey High School,79,57
18557,Daniel Mckinney Jr.,M,10th,Bailey High School,65,71
18558,Chad Sharp,M,10th,Bailey High School,78,59
18559,Susan Reid,F,11th,Bailey High School,67,63
18560,Carl Perez,M,11th,Bailey High School,87,55
18561,Paul Farmer,M,11th,Bailey High School,69,88
18562,Robert Ayala,M,12th,Bailey High School,81,97
18563,Sarah Clark,F,11th,Bailey High School,63,90
18564,Carl Oconnor,M,11th,Bailey High School,83,65
18565,Kimberly Harris,F,12th,Bailey High School,94,96
18566,Lauren Turner,F,11th,Bailey High School,92,71
18567,David Robinson,M,12th,Bailey High School,94,70
18568,Russell Durham,M,11th,Bailey High School,71,86
18569,Jacob Davis,M,12th,Bailey High School,78,70
18570,Jennifer Carlson,F,9th,Bailey High School,84,78
18571,Karen Robinson,F,11th,Bailey High School,88,99
18572,Laura Harris,F,12th,Bailey High School,89,63
18573,Jamie Mendoza,M,10th,Bailey High School,91,64
18574,Jorge Mcdonald,M,9th,Bailey High School,64,97
18575,Dustin Ford,M,10th,Bailey High School,97,65
18576,Stephanie Howard ,F,9th,Bailey High School,64,56
18577,Alyssa Williamson,F,9th,Bailey High School,85,62
18578,Samuel Knight,M,12th,Bailey High School,70,74
18579,Erika Thompson,F,12th,Bailey High School,70,55
18580,Laurie Collins,F,10th,Bailey High School,74,91
18581,Denise David,F,10th,Bailey High School,75,86
18582,Pedro Long,M,9th,Bailey High School,80,68
18583,Kyle Butler,M,10th,Bailey High School,67,95
18584,Danielle Hudson,F,12th,Bailey High School,86,94
18585,Karen Proctor,F,11th,Bailey High School,69,79
18586,Tiffany Wilson,F,11th,Bailey High School,92,62
18587,Mark Garcia,M,10th,Bailey High School,64,69
18588,Michael Watson,M,12th,Bailey High School,64,78
18589,John Johnson,M,11th,Bailey High School,87,82
18590,Kristopher Nunez,M,11th,Bailey High School,77,88
18591,Victor Reyes,M,11th,Bailey High School,92,94
18592,Katie Wilcox,F,11th,Bailey High School,73,99
18593,Justin Wilson,M,10th,Bailey High School,96,85
18594,Anthony Jones,M,11th,Bailey High School,88,70
18595,Paul Schroeder,M,11th,Bailey High School,67,93
18596,Karen Greene,F,10th,Bailey High School,88,63
18597,Michael Mercer,M,12th,Bailey High School,66,83
18598,James Smith,M,9th,Bailey High School,96,63
18599,Christopher Knight,M,11th,Bailey High School,97,97
18600,Gregory Herring,M,9th,Bailey High School,97,83
18601,Angela White,F,10th,Bailey High School,93,98
18602,Jay Fischer,M,12th,Bailey High School,93,61
18603,Daniel Barrett,M,9th,Bailey High School,81,92
18604,Daniel Johnson,M,11th,Bailey High School,89,99
18605,Travis Compton,M,9th,Bailey High School,69,97
18606,Seth Shaffer,M,10th,Bailey High School,79,97
18607,Steven Ball,M,11th,Bailey High School,68,91
18608,Stephanie Giles,F,10th,Bailey High School,75,84
18609,Jamie Rodriguez,F,11th,Bailey High School,74,99
18610,Jacob Lawrence,M,12th,Bailey High School,63,92
18611,Stacy Cobb,F,12th,Bailey High School,69,75
18612,Christina Mills,F,10th,Bailey High School,78,99
18613,Daniel Rowland,M,9th,Bailey High School,68,70
18614,Jonathon Willis,M,9th,Bailey High School,66,71
18615,Adam Rodriguez,M,9th,Bailey High School,90,59
18616,Laura Carlson,F,12th,Bailey High School,80,58
18617,Dominique Lloyd,F,9th,Bailey High School,83,97
18618,Danielle Barnes,F,10th,Bailey High School,87,80
18619,Danielle Hansen,F,10th,Bailey High School,88,56
18620,Teresa Contreras,F,11th,Bailey High School,99,73
18621,Alicia Castaneda,F,11th,Bailey High School,81,86
18622,Dennis Gonzales,M,12th,Bailey High School,94,97
18623,Joyce Roberts,F,9th,Bailey High School,63,74
18624,Kaitlin Wilson,F,11th,Bailey High School,83,97
18625,Jon Griffin,M,9th,Bailey High School,79,83
18626,Joseph Forbes,M,9th,Bailey High School,83,66
18627,Robert Bates,M,10th,Bailey High School,75,68
18628,Angela Russell,F,10th,Bailey High School,71,86
18629,Dustin Marquez,M,9th,Bailey High School,85,65
18630,Kyle Fowler,M,11th,Bailey High School,86,73
18631,Sean Wells,M,9th,Bailey High School,89,97
18632,Amanda Shepherd,F,12th,Bailey High School,68,68
18633,Deanna Combs,F,9th,Bailey High School,87,56
18634,Michelle Wilson,F,10th,Bailey High School,76,65
18635,Christy Scott,F,12th,Bailey High School,81,85
18636,George Price,M,10th,Bailey High School,82,96
18637,Mandy Mcconnell ,F,10th,Bailey High School,64,76
18638,Danielle Hayes,F,9th,Bailey High School,70,83
18639,Tina Bowen,F,12th,Bailey High School,84,83
18640,Dylan Edwards,M,11th,Bailey High School,86,93
18641,Jonathan Contreras,M,11th,Bailey High School,89,84
18642,Anthony Young,M,10th,Bailey High School,84,79
18643,Eric Choi,M,10th,Bailey High School,80,78
18644,Latasha Cummings,F,11th,Bailey High School,99,96
18645,Tami Dixon,F,12th,Bailey High School,91,99
18646,Krystal Reynolds,F,9th,Bailey High School,94,93
18647,Lisa Lang,F,11th,Bailey High School,76,99
18648,Erik Bush,M,12th,Bailey High School,94,94
18649,Carl Martinez,M,9th,Bailey High School,67,72
18650,Mrs. Angelica Hall,F,10th,Bailey High School,80,69
18651,Brandon Pope,M,9th,Bailey High School,64,93
18652,Christopher Ross,M,12th,Bailey High School,73,55
18653,Amanda Rodriguez,F,9th,Bailey High School,63,56
18654,Donald Gray,M,12th,Bailey High School,75,76
18655,Tanya Ryan,F,11th,Bailey High School,96,87
18656,Crystal Hunter,F,12th,Bailey High School,78,92
18657,Marco Williams,M,9th,Bailey High School,74,58
18658,Erica Collins,F,9th,Bailey High School,70,58
18659,Linda Adkins,F,12th,Bailey High School,79,60
18660,Stephen Barker,M,12th,Bailey High School,67,85
18661,David Smith,M,11th,Bailey High School,67,83
18662,Travis Lowery,M,12th,Bailey High School,73,59
18663,Jessica Bryan,F,12th,Bailey High School,87,77
18664,Brian Lewis,M,10th,Bailey High School,63,73
18665,Adam Holt,M,10th,Bailey High School,94,79
18666,Raymond Wood,M,10th,Bailey High School,73,77
18667,Karen Green,F,12th,Bailey High School,67,97
18668,Penny Nguyen,F,9th,Bailey High School,78,99
18669,Wanda Spencer,F,10th,Bailey High School,63,93
18670,Lori Lee,F,9th,Bailey High School,69,77
18671,Lori Smith,F,9th,Bailey High School,75,66
18672,Bryan Moore,M,9th,Bailey High School,75,83
18673,Amanda Underwood,F,10th,Bailey High School,89,87
18674,Jaclyn Cobb,F,9th,Bailey High School,64,79
18675,Kiara Brewer,F,10th,Bailey High School,93,93
18676,David Flores,M,11th,Bailey High School,93,85
18677,Bob Johnson,M,10th,Bailey High School,72,97
18678,Veronica Diaz,F,9th,Bailey High School,81,68
18679,Stephanie Robinson,F,10th,Bailey High School,76,63
18680,Shannon Marshall,F,11th,Bailey High School,64,96
18681,Michelle Eaton,F,11th,Bailey High School,77,91
18682,Haley Dunlap,F,11th,Bailey High School,75,59
18683,Luis Allen,M,12th,Bailey High School,99,71
18684,Edwin Watkins,M,10th,Bailey High School,99,90
18685,Megan Montgomery,F,10th,Bailey High School,87,73
18686,Nicholas Collier,M,12th,Bailey High School,91,60
18687,Andrew Mcdowell,M,10th,Bailey High School,72,83
18688,Barbara Larsen,F,9th,Bailey High School,88,71
18689,Melissa Grant,F,11th,Bailey High School,83,92
18690,Steven Hartman,M,9th,Bailey High School,86,99
18691,Sharon Taylor,F,12th,Bailey High School,93,77
18692,Cassandra Brown,F,12th,Bailey High School,69,82
18693,Megan Villa,F,9th,Bailey High School,92,95
18694,Dennis Boone,M,11th,Bailey High School,73,93
18695,Michael Davis,M,11th,Bailey High School,85,66
18696,David Steele,M,10th,Bailey High School,68,81
18697,Alex Conner,M,9th,Bailey High School,87,94
18698,Danielle Hurley,F,9th,Bailey High School,82,81
18699,Lisa Miller,F,11th,Bailey High School,98,83
18700,Sandra Hubbard,F,10th,Bailey High School,86,69
18701,Daniel Nguyen,M,10th,Bailey High School,66,99
18702,James Calhoun,M,9th,Bailey High School,97,84
18703,Ryan Green,M,9th,Bailey High School,87,60
18704,Erin Goodman,F,12th,Bailey High School,78,94
18705,James Burgess,M,11th,Bailey High School,92,98
18706,Maria Roman,F,11th,Bailey High School,91,68
18707,Hayley Hall,F,11th,Bailey High School,82,95
18708,Veronica Gomez,F,9th,Bailey High School,96,63
18709,Anthony Douglas,M,12th,Bailey High School,82,81
18710,William Swanson,M,9th,Bailey High School,73,96
18711,William Cross,M,11th,Bailey High School,84,93
18712,Andrew Watts,M,12th,Bailey High School,90,75
18713,Micheal Martin,M,10th,Bailey High School,80,68
18714,Lauren West,F,9th,Bailey High School,98,98
18715,Jordan Evans,F,10th,Bailey High School,83,84
18716,John Brown,M,9th,Bailey High School,68,64
18717,Douglas Rodriguez,M,11th,Bailey High School,76,85
18718,Carolyn Steele,F,11th,Bailey High School,91,61
18719,Christy Gutierrez,F,10th,Bailey High School,63,73
18720,Allen Diaz,M,10th,Bailey High School,80,99
18721,Karen Brown,F,11th,Bailey High School,90,60
18722,Tonya Saunders,F,9th,Bailey High School,96,96
18723,Erica Lee,F,10th,Bailey High School,72,89
18724,Sarah Anthony,F,10th,Bailey High School,80,99
18725,David Thomas,M,9th,Bailey High School,78,70
18726,Jasmine Gonzalez,F,12th,Bailey High School,82,96
18727,Crystal Edwards,F,9th,Bailey High School,98,72
18728,Daniel Abbott,M,12th,Bailey High School,83,68
18729,Pamela Walker,F,12th,Bailey High School,86,74
18730,Nicholas Smith,M,11th,Bailey High School,71,93
18731,Jennifer Matthews,F,10th,Bailey High School,81,90
18732,Michael Solis,M,10th,Bailey High School,75,57
18733,Bruce Hopkins,M,12th,Bailey High School,93,55
18734,Michele Hanson,F,12th,Bailey High School,93,58
18735,Cathy Ramos,F,9th,Bailey High School,88,65
18736,Mackenzie Miller,F,11th,Bailey High School,97,55
18737,Shane Greene,M,11th,Bailey High School,66,90
18738,April Morgan,F,10th,Bailey High School,79,83
18739,Chris Roberts,M,9th,Bailey High School,75,55
18740,Katherine Tucker,F,9th,Bailey High School,90,86
18741,Justin Hill,M,9th,Bailey High School,98,98
18742,Betty Gates,F,12th,Bailey High School,80,78
18743,Audrey Adams,F,10th,Bailey High School,77,62
18744,Jimmy Miller,M,12th,Bailey High School,63,74
18745,Sarah Allen,F,9th,Bailey High School,72,96
18746,Mary Armstrong,F,10th,Bailey High School,78,77
18747,Christine Taylor,F,12th,Bailey High School,94,80
18748,Daniel Mcclure,M,10th,Bailey High School,97,94
18749,Kathleen Lewis,F,12th,Bailey High School,98,92
18750,Jessica Bauer,F,9th,Bailey High School,75,67
18751,Christopher Petty Jr.,M,10th,Bailey High School,89,68
18752,Stephanie Roberts,F,11th,Bailey High School,73,77
18753,Jennifer Garcia,F,12th,Bailey High School,98,94
18754,Dennis Hampton,M,12th,Bailey High School,63,55
18755,James Rodgers,M,9th,Bailey High School,88,82
18756,Matthew Rivera,M,11th,Bailey High School,71,62
18757,Nicholas Marshall,M,10th,Bailey High School,76,94
18758,Ian Terry,M,12th,Bailey High School,83,91
18759,Jacqueline Ewing,F,9th,Bailey High School,88,78
18760,Joshua Cantrell,M,12th,Bailey High School,81,65
18761,Jacob Thomas,M,9th,Bailey High School,91,83
18762,Jessica Perez,F,11th,Bailey High School,90,60
18763,Cindy Knight,F,11th,Bailey High School,83,66
18764,Natalie Johnston,F,9th,Bailey High School,67,57
18765,Jesse Williams,M,11th,Bailey High School,87,93
18766,Marilyn Cervantes,F,10th,Bailey High School,76,76
18767,Taylor Thompson,M,12th,Bailey High School,75,76
18768,Rebecca Phillips,F,12th,Bailey High School,67,68
18769,John Foster,M,12th,Bailey High School,68,72
18770,Felicia Matthews,F,9th,Bailey High School,89,85
18771,Angel Lara,F,11th,Bailey High School,71,68
18772,Brandi Little,F,11th,Bailey High School,98,91
18773,Robert Lawrence,M,9th,Bailey High School,81,79
18774,Kelly Becker,F,10th,Bailey High School,75,66
18775,Kayla Ayers,F,11th,Bailey High School,63,84
18776,Katherine Phillips,F,11th,Bailey High School,74,91
18777,Joshua Morgan,M,9th,Bailey High School,84,84
18778,Alejandro Garner,M,10th,Bailey High School,99,62
18779,Sierra Johnson,F,9th,Bailey High School,90,66
18780,Travis Heath,M,9th,Bailey High School,78,56
18781,Laura Bailey,F,10th,Bailey High School,71,83
18782,Taylor Cook,M,10th,Bailey High School,95,61
18783,Sherry Becker,F,11th,Bailey High School,71,82
18784,Amanda Hill,F,12th,Bailey High School,82,70
18785,Melanie Anderson,F,9th,Bailey High School,85,70
18786,Daniel Cross,M,12th,Bailey High School,69,85
18787,Matthew Quinn,M,12th,Bailey High School,68,71
18788,Todd Bradshaw,M,11th,Bailey High School,95,71
18789,Christopher Brown,M,10th,Bailey High School,94,64
18790,Kenneth Garcia,M,9th,Bailey High School,98,93
18791,Maria Brock,F,9th,Bailey High School,93,66
18792,Adam Patton,M,9th,Bailey High School,87,97
18793,Edward Mills,M,12th,Bailey High School,65,98
18794,John Becker,M,12th,Bailey High School,69,55
18795,Joshua Morris,M,10th,Bailey High School,72,92
18796,Bryan Cook,M,11th,Bailey High School,97,92
18797,Timothy Parrish,M,10th,Bailey High School,74,91
18798,Matthew Meza,M,9th,Bailey High School,95,69
18799,Patricia Rivera,F,11th,Bailey High School,86,66
18800,Joyce Ramirez,F,10th,Bailey High School,83,69
18801,Kari Barrett,F,10th,Bailey High School,99,68
18802,Christopher Rivera,M,10th,Bailey High School,94,69
18803,Robert Dixon,M,10th,Bailey High School,64,67
18804,Melissa Mccoy,F,12th,Bailey High School,75,68
18805,Erin Jones,F,12th,Bailey High School,65,97
18806,David Roberts,M,10th,Bailey High School,81,70
18807,Cynthia Johnston,F,10th,Bailey High School,91,61
18808,Ashley Nelson,F,11th,Bailey High School,76,94
18809,Amanda Johnson,F,9th,Bailey High School,76,61
18810,Vanessa Morgan,F,10th,Bailey High School,65,94
18811,Jesse Hernandez,M,9th,Bailey High School,73,60
18812,Michelle Moore,F,11th,Bailey High School,88,74
18813,James Pham,M,11th,Bailey High School,91,88
18814,Penny Decker,F,9th,Bailey High School,90,58
18815,Bobby Williams,M,9th,Bailey High School,90,91
18816,Timothy Conner,M,10th,Bailey High School,77,59
18817,David Barnes,M,10th,Bailey High School,72,80
18818,Marie Norris,F,10th,Bailey High School,65,85
18819,Lindsay Campos,F,10th,Bailey High School,82,57
18820,Margaret Horton,F,9th,Bailey High School,89,64
18821,Wendy Hernandez,F,10th,Bailey High School,84,87
18822,Timothy Mckenzie,M,10th,Bailey High School,98,77
18823,Nancy Mendez,F,11th,Bailey High School,67,86
18824,Angela Howard,F,12th,Bailey High School,82,78
18825,Ronnie Barrett,M,9th,Bailey High School,84,79
18826,Allen Oneal,M,9th,Bailey High School,63,71
18827,Angel Morton,M,12th,Bailey High School,73,88
18828,Gerald Lang,M,9th,Bailey High School,86,75
18829,Jessica Hendrix,F,12th,Bailey High School,82,83
18830,Megan Shaw ,F,11th,Bailey High School,91,72
18831,William Hudson,M,9th,Bailey High School,77,64
18832,Renee Bishop,F,11th,Bailey High School,83,91
18833,Barbara Jimenez,F,11th,Bailey High School,96,92
18834,Derek Silva,M,9th,Bailey High School,84,85
18835,Darlene Lee,F,9th,Bailey High School,99,56
18836,Michael Valenzuela,M,12th,Bailey High School,92,67
18837,Ashley Perez,F,12th,Bailey High School,91,83
18838,Edward Martin,M,11th,Bailey High School,81,57
18839,Kristina Cummings,F,10th,Bailey High School,95,79
18840,Roger Levy,M,10th,Bailey High School,95,92
18841,Harold Johnston,M,9th,Bailey High School,72,85
18842,Katie Lee,F,11th,Bailey High School,67,85
18843,Donna Reed,F,9th,Bailey High School,84,63
18844,James Morse,M,11th,Bailey High School,69,93
18845,Paul Moore,M,12th,Bailey High School,90,96
18846,Wanda Phillips,F,9th,Bailey High School,90,97
18847,Joshua Dorsey,M,10th,Bailey High School,93,57
18848,Elizabeth Ramirez,F,12th,Bailey High School,79,87
18849,Lucas James,M,12th,Bailey High School,96,99
18850,Gary Wells,M,11th,Bailey High School,89,85
18851,Joshua Wilson,M,12th,Bailey High School,97,87
18852,Megan Jones,F,9th,Bailey High School,67,93
18853,Peter Fleming,M,11th,Bailey High School,72,90
18854,Theresa Shields,F,9th,Bailey High School,82,69
18855,Mark Lee,M,9th,Bailey High School,91,81
18856,Erica Baker,F,9th,Bailey High School,98,87
18857,Samantha Foster,F,11th,Bailey High School,66,73
18858,Nancy Rosales,F,12th,Bailey High School,72,99
18859,Virginia Ballard,F,9th,Bailey High School,90,95
18860,Shelley Page,F,11th,Bailey High School,66,86
18861,Aaron Atkinson,M,9th,Bailey High School,88,77
18862,Elizabeth Cobb,F,10th,Bailey High School,72,91
18863,Betty Brown,F,12th,Bailey High School,88,89
18864,Angel Foster,F,10th,Bailey High School,70,94
18865,Rhonda Miller,F,11th,Bailey High School,91,62
18866,Bianca Huynh ,F,9th,Bailey High School,72,57
18867,Daniel Phillips,M,9th,Bailey High School,87,93
18868,Thomas Johnson,M,9th,Bailey High School,83,72
18869,Vanessa Scott,F,10th,Bailey High School,88,89
18870,Nicole Lopez,F,9th,Bailey High School,76,67
18871,Joseph Mcdaniel,M,11th,Bailey High School,84,96
18872,Christina Burns,F,11th,Bailey High School,67,87
18873,Adam Lamb,M,9th,Bailey High School,71,62
18874,Monica Roberson,F,9th,Bailey High School,74,90
18875,Kathleen Gonzalez,F,11th,Bailey High School,83,97
18876,Douglas Rodriguez,M,9th,Bailey High School,80,90
18877,Sarah Ortiz,F,9th,Bailey High School,70,61
18878,Richard Jackson,M,10th,Bailey High School,65,71
18879,Rebecca Williams,F,12th,Bailey High School,93,97
18880,Deanna Mendoza,F,9th,Bailey High School,90,85
18881,Caroline Zimmerman,F,11th,Bailey High School,99,88
18882,Jay Cline,M,10th,Bailey High School,97,87
18883,Evelyn Rivera,F,12th,Bailey High School,92,59
18884,Stephanie Cole,F,11th,Bailey High School,78,84
18885,Ryan Carlson,M,12th,Bailey High School,72,68
18886,Amanda Cohen,F,10th,Bailey High School,96,70
18887,Abigail Smith,F,12th,Bailey High School,99,89
18888,Melissa Dunn ,F,9th,Bailey High School,69,60
18889,Devon Nichols,M,10th,Bailey High School,79,72
18890,Lauren Koch,F,9th,Bailey High School,86,92
18891,Katherine Johnson,F,12th,Bailey High School,94,66
18892,William French,M,9th,Bailey High School,79,75
18893,Victoria Wall,F,11th,Bailey High School,84,84
18894,Joseph Lopez,M,11th,Bailey High School,90,99
18895,Calvin Jones,M,10th,Bailey High School,75,62
18896,Deborah Lee,F,12th,Bailey High School,78,58
18897,Scott Moore,M,10th,Bailey High School,94,98
18898,Thomas Meyer,M,12th,Bailey High School,70,66
18899,Stacey Miller,F,12th,Bailey High School,75,65
18900,Jared Washington,M,9th,Bailey High School,76,86
18901,Frederick Haley,M,10th,Bailey High School,87,92
18902,Elizabeth Deleon,F,12th,Bailey High School,72,85
18903,James Jackson,M,9th,Bailey High School,88,85
18904,David Reed,M,12th,Bailey High School,91,76
18905,Melissa Sandoval,F,9th,Bailey High School,68,79
18906,Jack Cochran,M,11th,Bailey High School,63,59
18907,Christine Ramirez,F,10th,Bailey High School,89,80
18908,Richard Lopez,M,11th,Bailey High School,73,76
18909,Derek Wilson,M,10th,Bailey High School,68,81
18910,Kristen Warren,F,11th,Bailey High School,77,95
18911,Angel Johnson,M,9th,Bailey High School,99,95
18912,Chad Evans,M,9th,Bailey High School,79,76
18913,Nicole Chen,F,10th,Bailey High School,94,92
18914,Mrs. Nicole Duran,F,11th,Bailey High School,83,62
18915,Donald Myers,M,9th,Bailey High School,67,89
18916,Nicole Johnson,F,9th,Bailey High School,90,56
18917,Denise Marshall,F,11th,Bailey High School,68,89
18918,Michael Howard,M,10th,Bailey High School,76,90
18919,Stephen Thompson,M,11th,Bailey High School,93,75
18920,Wendy Rivera,F,9th,Bailey High School,76,59
18921,Tyler Ball,M,12th,Bailey High School,79,98
18922,William Pineda,M,9th,Bailey High School,82,88
18923,Samuel Brown,M,11th,Bailey High School,91,84
18924,Tracy Daniels,M,10th,Bailey High School,64,78
18925,Rebecca Stout,F,9th,Bailey High School,98,95
18926,John Leon,M,12th,Bailey High School,66,85
18927,Vincent Smith,M,11th,Bailey High School,95,75
18928,Aaron Clark,M,10th,Bailey High School,81,55
18929,Derek Diaz,M,9th,Bailey High School,79,72
18930,John Coleman,M,10th,Bailey High School,71,71
18931,Travis Webb,M,9th,Bailey High School,68,67
18932,Desiree Mercado,F,11th,Bailey High School,74,96
18933,Shane Perez,M,9th,Bailey High School,99,75
18934,Jessica Cunningham,F,11th,Bailey High School,64,83
18935,Jasmine Campbell,F,9th,Bailey High School,87,99
18936,Mason Raymond,M,9th,Bailey High School,65,92
18937,Vincent Ellis,M,9th,Bailey High School,94,60
18938,John Paul,M,11th,Bailey High School,98,91
18939,Joseph Mcgee,M,9th,Bailey High School,80,78
18940,Andrew Robinson,M,12th,Bailey High School,95,61
18941,Katelyn Day,F,9th,Bailey High School,82,76
18942,David Decker,M,12th,Bailey High School,81,83
18943,Curtis Figueroa,M,11th,Bailey High School,92,75
18944,Amy Becker,F,9th,Bailey High School,84,83
18945,Tina Garcia,F,12th,Bailey High School,87,94
18946,Heather White,F,11th,Bailey High School,86,65
18947,Kenneth Hughes,M,9th,Bailey High School,82,57
18948,Kimberly Frazier,F,9th,Bailey High School,79,56
18949,David Mays,M,12th,Bailey High School,69,86
18950,Donna Pierce,F,11th,Bailey High School,85,61
18951,Michael Garcia Jr.,M,9th,Bailey High School,92,96
18952,Jessica Weber,F,12th,Bailey High School,72,66
18953,Christopher Buck,M,11th,Bailey High School,80,77
18954,Brian Butler,M,12th,Bailey High School,75,61
18955,Oscar Ellis,M,12th,Bailey High School,76,61
18956,Lori Ortiz,F,11th,Bailey High School,64,63
18957,Anthony Mercer,M,10th,Bailey High School,94,80
18958,Joseph Hughes,M,10th,Bailey High School,73,83
18959,April Hall,F,9th,Bailey High School,92,84
18960,Gina Price,F,11th,Bailey High School,71,67
18961,Joseph Hooper,M,12th,Bailey High School,95,99
18962,Kenneth Stewart,M,12th,Bailey High School,75,55
18963,Timothy Brown,M,10th,Bailey High School,88,80
18964,Stacey Beck,F,11th,Bailey High School,89,83
18965,Haley Powers,F,10th,Bailey High School,82,67
18966,William Lane,M,11th,Bailey High School,86,93
18967,Mrs. Bethany Fisher PhD,F,11th,Bailey High School,67,96
18968,Brian Cannon,M,12th,Bailey High School,83,83
18969,Jessica Matthews,F,9th,Bailey High School,86,65
18970,Brad Tyler,M,11th,Bailey High School,95,85
18971,Daniel Nguyen ,M,9th,Bailey High School,97,84
18972,Christopher Kelley,M,9th,Bailey High School,89,80
18973,Heather Weaver,F,9th,Bailey High School,96,95
18974,Steven Fuller,M,12th,Bailey High School,85,91
18975,Wanda Moore ,F,11th,Bailey High School,65,57
18976,Becky Shields,F,11th,Bailey High School,76,70
18977,Lisa Olson,F,11th,Bailey High School,99,62
18978,Juan Wall,M,10th,Bailey High School,78,72
18979,Taylor Gamble,F,9th,Bailey High School,95,91
18980,Loretta Dawson,F,11th,Bailey High School,92,57
18981,Christian Haley,M,12th,Bailey High School,87,61
18982,Erica Sanford,F,11th,Bailey High School,70,90
18983,Rebecca Woodward,F,10th,Bailey High School,63,95
18984,Charles Short II,M,10th,Bailey High School,77,69
18985,Robert Fitzgerald,M,12th,Bailey High School,92,65
18986,Jocelyn Erickson,F,10th,Bailey High School,89,62
18987,Andrew Simpson,M,12th,Bailey High School,96,57
18988,Michael Jenkins,M,10th,Bailey High School,63,55
18989,Christopher Reid,M,11th,Bailey High School,80,73
18990,Norma Murphy,F,11th,Bailey High School,84,85
18991,Steven Bailey,M,9th,Bailey High School,84,73
18992,Pamela Williams,F,11th,Bailey High School,99,76
18993,Richard Hernandez,M,9th,Bailey High School,99,96
18994,Nancy Mcclure,F,9th,Bailey High School,93,74
18995,Antonio Rodriguez,M,12th,Bailey High School,95,96
18996,Paul Clarke,M,9th,Bailey High School,79,95
18997,Eric Arnold,M,9th,Bailey High School,82,91
18998,Elizabeth Meyer,F,9th,Bailey High School,90,66
18999,Rachel Hernandez,F,11th,Bailey High School,77,98
19000,Kaitlin Barrett,F,9th,Bailey High School,90,98
19001,Anthony Patel,M,9th,Bailey High School,76,79
19002,Emily Rowland,F,11th,Bailey High School,92,90
19003,Marc Andrews,M,11th,Bailey High School,79,79
19004,April Gillespie,F,9th,Bailey High School,73,99
19005,Richard Kelly,M,11th,Bailey High School,86,57
19006,John Snyder,M,9th,Bailey High School,65,67
19007,Roy Decker,M,9th,Bailey High School,73,71
19008,Kimberly Jacobson PhD,F,10th,Bailey High School,95,89
19009,James Singleton,M,10th,Bailey High School,94,93
19010,Matthew Jones,M,9th,Bailey High School,63,71
19011,Kenneth Martinez,M,9th,Bailey High School,77,75
19012,Jennifer West,F,12th,Bailey High School,94,94
19013,Martin Wells,M,10th,Bailey High School,66,91
19014,Carolyn George,F,12th,Bailey High School,91,76
19015,Carolyn Gibson,F,12th,Bailey High School,91,77
19016,Kevin Browning,M,9th,Bailey High School,88,65
19017,Joshua Andrews,M,11th,Bailey High School,87,61
19018,Stephen Zuniga,M,11th,Bailey High School,85,67
19019,Jennifer Conley,F,12th,Bailey High School,98,73
19020,Christine Ibarra,F,9th,Bailey High School,97,93
19021,Melissa Brown,F,9th,Bailey High School,70,66
19022,Joyce Allen,F,10th,Bailey High School,78,55
19023,Michael Perez,M,9th,Bailey High School,63,74
19024,Norman Burns,M,9th,Bailey High School,68,97
19025,Amanda Madden,F,11th,Bailey High School,84,85
19026,James Marshall,M,9th,Bailey High School,97,55
19027,Jay Gray,M,10th,Bailey High School,96,72
19028,Brittney Bailey,F,10th,Bailey High School,94,91
19029,William Simpson,M,12th,Bailey High School,89,91
19030,Steven Johnson,M,11th,Bailey High School,65,86
19031,Taylor Cohen,M,9th,Bailey High School,72,89
19032,Tamara Griffith,F,10th,Bailey High School,87,96
19033,Lisa Mahoney,F,11th,Bailey High School,68,61
19034,Corey Allen,M,11th,Bailey High School,91,62
19035,Victoria Browning,F,12th,Bailey High School,68,69
19036,Alejandro Carter,M,9th,Bailey High School,70,74
19037,Allison Gardner,F,9th,Bailey High School,86,96
19038,Emily Collier,F,9th,Bailey High School,96,61
19039,Brandy Rogers,F,10th,Bailey High School,94,91
19040,Stacy Torres,F,12th,Bailey High School,79,58
19041,Frank Jones,M,10th,Bailey High School,66,97
19042,Kristine Spencer,F,11th,Bailey High School,71,97
19043,Jacqueline Atkinson,F,11th,Bailey High School,72,85
19044,Debbie Brown ,F,9th,Bailey High School,98,99
19045,Amy Shaw,F,9th,Bailey High School,78,89
19046,Taylor Medina,F,9th,Bailey High School,65,90
19047,Luke Peters,M,11th,Bailey High School,67,90
19048,Melissa Hickman,F,10th,Bailey High School,74,94
19049,Scott Burke,M,11th,Bailey High School,98,97
19050,Joshua Scott,M,12th,Bailey High School,85,92
19051,Michael Dyer ,M,11th,Bailey High School,93,72
19052,Luis Best,M,10th,Bailey High School,98,91
19053,Christian Kelly,M,11th,Bailey High School,66,85
19054,David Wilson,M,10th,Bailey High School,74,68
19055,Lisa Richards,F,9th,Bailey High School,96,66
19056,Jeffrey Smith,M,11th,Bailey High School,88,71
19057,Dana Cruz,F,9th,Bailey High School,70,68
19058,Angela Ford,F,12th,Bailey High School,98,95
19059,Douglas Graham,M,11th,Bailey High School,76,78
19060,Nicholas Lewis,M,11th,Bailey High School,66,84
19061,Nathan Montgomery,M,10th,Bailey High School,75,59
19062,Justin Henry,M,9th,Bailey High School,99,58
19063,Debra Horton,F,12th,Bailey High School,97,65
19064,Robert Weber,M,9th,Bailey High School,63,87
19065,Molly Anderson,F,12th,Bailey High School,68,64
19066,Edward Glass,M,10th,Bailey High School,74,77
19067,Kendra Bennett,F,10th,Bailey High School,79,61
19068,Monique Marshall,F,11th,Bailey High School,94,84
19069,Jordan Stevens,M,12th,Bailey High School,77,55
19070,Tamara Moore,F,9th,Bailey High School,81,93
19071,Jonathan Harper,M,10th,Bailey High School,81,65
19072,Kevin Gutierrez,M,10th,Bailey High School,75,68
19073,Justin Lopez,M,10th,Bailey High School,75,56
19074,Kim Stewart,F,9th,Bailey High School,84,85
19075,Adriana Smith,F,9th,Bailey High School,63,83
19076,Heather Williams,F,11th,Bailey High School,98,74
19077,Joshua Kim ,M,9th,Bailey High School,64,95
19078,Daniel Fitzpatrick PhD,M,11th,Bailey High School,69,63
19079,Jacob Aguilar,M,12th,Bailey High School,93,58
19080,Carol Johnson,F,9th,Bailey High School,97,93
19081,Jerry Todd,M,11th,Bailey High School,65,80
19082,Shawn Brown,M,11th,Bailey High School,68,68
19083,Ellen Waller,F,11th,Bailey High School,65,89
19084,Julie Luna,F,10th,Bailey High School,89,87
19085,Jennifer Sanchez,F,10th,Bailey High School,85,83
19086,Jordan Waller ,M,12th,Bailey High School,91,70
19087,Jesse Bell,M,9th,Bailey High School,76,62
19088,Diana Johnson,F,11th,Bailey High School,66,71
19089,Angela House,F,10th,Bailey High School,74,59
19090,Emily Warren,F,9th,Bailey High School,67,73
19091,Alexandra Hendricks,F,9th,Bailey High School,79,92
19092,Mario Myers ,M,11th,Bailey High School,85,88
19093,Cameron Gray,M,10th,Bailey High School,94,67
19094,Makayla Hooper,F,11th,Bailey High School,72,62
19095,Julie Morales,F,9th,Bailey High School,82,89
19096,Ricardo Mcguire,M,11th,Bailey High School,93,78
19097,Terry Adams ,F,12th,Bailey High School,88,79
19098,Julie Parker,F,12th,Bailey High School,88,61
19099,Valerie Austin,F,10th,Bailey High School,82,85
19100,Jason Johnson,M,9th,Bailey High School,83,93
19101,David Greene,M,10th,Bailey High School,82,67
19102,Lisa Jones,F,9th,Bailey High School,77,76
19103,Monica Smith,F,9th,Bailey High School,69,82
19104,Eric Edwards,M,9th,Bailey High School,75,89
19105,Michael Burnett,M,9th,Bailey High School,77,80
19106,Diane Herrera,F,11th,Bailey High School,65,95
19107,Angela Lopez,F,10th,Bailey High School,98,64
19108,Marissa Nelson,F,12th,Bailey High School,63,80
19109,Michelle Ware,F,10th,Bailey High School,82,63
19110,Andrew Brown,M,10th,Bailey High School,79,59
19111,Derek May,M,9th,Bailey High School,86,56
19112,Laura Jones,F,10th,Bailey High School,95,91
19113,Rebecca Johnson,F,10th,Bailey High School,90,92
19114,Crystal Moore,F,11th,Bailey High School,67,73
19115,Daniel Sanchez,M,12th,Bailey High School,67,59
19116,Paul Wood,M,9th,Bailey High School,68,83
19117,Shawn Owens,M,10th,Bailey High School,77,64
19118,Allison Ray,F,12th,Bailey High School,78,90
19119,Michael Kaufman,M,11th,Bailey High School,65,84
19120,Timothy Jimenez,M,11th,Bailey High School,66,67
19121,Victoria Caldwell,F,11th,Bailey High School,71,79
19122,Miguel Johnson,M,9th,Bailey High School,95,83
19123,Douglas Hardy,M,9th,Bailey High School,89,87
19124,Sergio Graham,M,11th,Bailey High School,99,69
19125,Kaitlyn Chambers,F,9th,Bailey High School,97,93
19126,Adam Hobbs,M,12th,Bailey High School,67,96
19127,Bradley Davis,M,10th,Bailey High School,94,63
19128,Hannah Shaw,F,10th,Bailey High School,91,55
19129,Carlos Young,M,9th,Bailey High School,80,95
19130,Sara Wilson,F,12th,Bailey High School,66,61
19131,Lindsay Lin,F,9th,Bailey High School,69,65
19132,Janice Roberts,F,12th,Bailey High School,67,84
19133,Robert Hernandez,M,10th,Bailey High School,92,73
19134,Phillip Washington,M,9th,Bailey High School,79,87
19135,Joshua White,M,12th,Bailey High School,90,88
19136,Tiffany Reed,F,11th,Bailey High School,87,93
19137,Alexis Matthews,F,9th,Bailey High School,98,91
19138,Andrew Thomas,M,9th,Bailey High School,67,55
19139,Derek Barker Jr.,M,9th,Bailey High School,72,59
19140,Heidi Harris,F,10th,Bailey High School,76,63
19141,Jeremy Wood,M,9th,Bailey High School,88,87
19142,Andrew Jimenez,M,9th,Bailey High School,92,96
19143,Steven Dickson,M,11th,Bailey High School,84,73
19144,Gary West,M,11th,Bailey High School,72,81
19145,Jennifer Butler,F,9th,Bailey High School,65,85
19146,John Smith,M,10th,Bailey High School,94,55
19147,Mrs. Renee Gordon,F,9th,Bailey High School,66,88
19148,Michelle Murray,F,9th,Bailey High School,63,62
19149,Mark Crawford,M,12th,Bailey High School,94,61
19150,Tara Caldwell,F,12th,Bailey High School,91,92
19151,Joshua Butler,M,11th,Bailey High School,68,55
19152,Jennifer Stone,F,9th,Bailey High School,73,82
19153,Kevin Stone,M,12th,Bailey High School,69,82
19154,Robert Wallace,M,10th,Bailey High School,63,98
19155,David Kirby,M,9th,Bailey High School,87,61
19156,Tina Walker,F,10th,Bailey High School,96,98
19157,Jessica Nguyen,F,12th,Bailey High School,99,84
19158,Diana Williams,F,10th,Bailey High School,67,64
19159,Vincent King,M,12th,Bailey High School,80,68
19160,Joshua Lopez,M,10th,Bailey High School,82,61
19161,Oscar Lawson ,M,10th,Bailey High School,88,75
19162,Kevin Maxwell,M,11th,Bailey High School,64,88
19163,Sheila Young,F,9th,Bailey High School,85,82
19164,Wendy Taylor,F,11th,Bailey High School,65,83
19165,Amanda Chandler,F,11th,Bailey High School,65,69
19166,Heather Watson,F,9th,Bailey High School,86,84
19167,Allen Orr,M,12th,Bailey High School,79,66
19168,Alexander Mathews,M,11th,Bailey High School,94,61
19169,Isaac Perkins,M,12th,Bailey High School,77,59
19170,Jorge Garcia,M,10th,Bailey High School,88,81
19171,Stephen Nelson,M,12th,Bailey High School,77,89
19172,Christian Hunter,M,10th,Bailey High School,96,89
19173,Vanessa Travis,F,10th,Bailey High School,63,92
19174,Heather Barnes,F,10th,Bailey High School,94,77
19175,Lindsey Oneill,F,11th,Bailey High School,69,68
19176,Lisa Zimmerman ,F,11th,Bailey High School,83,84
19177,Phillip Watts,M,11th,Bailey High School,91,78
19178,Robert Ross,M,9th,Bailey High School,73,88
19179,Kristen Luna,F,9th,Bailey High School,69,91
19180,Dawn Martinez,F,9th,Bailey High School,64,56
19181,Savannah Ramsey,F,9th,Bailey High School,82,55
19182,Lisa Carney,F,10th,Bailey High School,79,55
19183,William Salas,M,9th,Bailey High School,95,82
19184,Holly Moore,F,9th,Bailey High School,72,62
19185,Alicia Castro,F,11th,Bailey High School,91,92
19186,Amanda Mcguire,F,11th,Bailey High School,81,82
19187,Jason Carter,M,9th,Bailey High School,86,82
19188,Phillip Vaughan,M,10th,Bailey High School,69,68
19189,Nicole Burke,F,11th,Bailey High School,75,76
19190,Jeffrey Gray,M,12th,Bailey High School,78,89
19191,Amanda Kerr,F,11th,Bailey High School,96,72
19192,Matthew Wright,M,12th,Bailey High School,75,55
19193,Ryan Smith,M,9th,Bailey High School,75,84
19194,Rebecca Williams,F,11th,Bailey High School,77,83
19195,Charles Webster,M,11th,Bailey High School,90,67
19196,Daniel Riley,M,12th,Bailey High School,64,66
19197,Brett Erickson,M,9th,Bailey High School,93,77
19198,Lisa Dorsey,F,12th,Bailey High School,83,62
19199,Heidi Farrell,F,10th,Bailey High School,88,68
19200,Christina Ayala,F,9th,Bailey High School,72,74
19201,Taylor Meyer,F,12th,Bailey High School,90,99
19202,James Garcia,M,9th,Bailey High School,76,92
19203,Connor Cobb,M,9th,Bailey High School,96,88
19204,Crystal Buchanan,F,9th,Bailey High School,81,86
19205,Diana Kerr,F,10th,Bailey High School,88,88
19206,Sherri Padilla,F,9th,Bailey High School,96,61
19207,Adriana Graves,F,12th,Bailey High School,98,87
19208,Justin Powell,M,9th,Bailey High School,75,85
19209,Chad Boyer,M,12th,Bailey High School,75,99
19210,Kerry King,M,12th,Bailey High School,67,77
19211,Glenn Price,M,12th,Bailey High School,80,71
19212,Vanessa Tucker,F,9th,Bailey High School,93,63
19213,Jason Perez,M,11th,Bailey High School,95,80
19214,Tanya Robinson,F,11th,Bailey High School,63,77
19215,Holly Davis,F,10th,Bailey High School,74,93
19216,Tyler Harper,M,9th,Bailey High School,76,87
19217,Jennifer Lewis,F,12th,Bailey High School,94,84
19218,Fred Owens,M,12th,Bailey High School,95,78
19219,James Holmes,M,10th,Bailey High School,75,82
19220,Kimberly Garrison,F,10th,Bailey High School,80,65
19221,Robert Greer,M,9th,Bailey High School,96,64
19222,Angela Glass,F,10th,Bailey High School,99,56
19223,Joseph Dyer ,M,11th,Bailey High School,70,96
19224,Aimee Escobar,F,11th,Bailey High School,89,92
19225,Brian Olson,M,10th,Bailey High School,82,57
19226,Christopher Jenkins,M,12th,Bailey High School,77,89
19227,Barry Hall,M,9th,Bailey High School,83,77
19228,Barbara Villegas,F,11th,Bailey High School,79,79
19229,Sean Ward,M,12th,Bailey High School,75,76
19230,Margaret Lee,F,9th,Bailey High School,82,82
19231,David Diaz,M,9th,Bailey High School,80,92
19232,Brian Mccoy,M,11th,Bailey High School,64,56
19233,Christina Baldwin,F,12th,Bailey High School,94,58
19234,Elaine Dudley,F,11th,Bailey High School,72,83
19235,John Gordon,M,10th,Bailey High School,88,97
19236,Dennis Johnson,M,10th,Bailey High School,86,63
19237,Renee Monroe,F,9th,Bailey High School,76,88
19238,Robert Mayo,M,11th,Bailey High School,90,87
19239,Peter Thompson,M,10th,Bailey High School,69,71
19240,Taylor Pearson,F,12th,Bailey High School,67,81
19241,Elizabeth Thompson,F,11th,Bailey High School,75,86
19242,Tiffany Christian,F,11th,Bailey High School,70,74
19243,Nancy Thomas,F,11th,Bailey High School,99,56
19244,Kristen Mitchell,F,9th,Bailey High School,87,87
19245,Terry Clark,M,11th,Bailey High School,93,57
19246,Samantha Martin,F,9th,Bailey High School,63,64
19247,Barbara Brown,F,10th,Bailey High School,82,72
19248,Jessica Farmer,F,9th,Bailey High School,81,96
19249,Cynthia Bennett,F,10th,Bailey High School,80,78
19250,Elizabeth Andrews,F,12th,Bailey High School,70,70
19251,Carlos Brown,M,9th,Bailey High School,89,89
19252,Miguel Macias,M,9th,Bailey High School,87,85
19253,Kelly Hernandez,F,12th,Bailey High School,73,82
19254,Jeanette Smith,F,11th,Bailey High School,84,91
19255,Jake Thomas,M,10th,Bailey High School,94,81
19256,Traci Harrison,F,10th,Bailey High School,94,55
19257,Alejandra Williamson,F,9th,Bailey High School,82,71
19258,David Keith,M,11th,Bailey High School,66,62
19259,Ashley Jones,F,11th,Bailey High School,72,89
19260,Mary Griffin,F,9th,Bailey High School,77,78
19261,Vicki Smith,F,11th,Bailey High School,73,76
19262,Matthew Grant,M,9th,Bailey High School,89,65
19263,Annette Ross,F,9th,Bailey High School,66,98
19264,Margaret Black,F,10th,Bailey High School,86,95
19265,Matthew Henderson,M,12th,Bailey High School,93,70
19266,Michelle Moss,F,10th,Bailey High School,94,72
19267,Barbara Daniel,F,11th,Bailey High School,99,76
19268,Carolyn Miller,F,9th,Bailey High School,97,93
19269,Erica Miller,F,9th,Bailey High School,86,99
19270,Douglas Ryan,M,10th,Bailey High School,80,91
19271,Heather Lam,F,12th,Bailey High School,83,55
19272,Mark Mclaughlin,M,9th,Bailey High School,69,56
19273,Jamie Gibson,M,9th,Bailey High School,92,64
19274,Matthew Riggs,M,9th,Bailey High School,68,76
19275,Elizabeth Cole,F,10th,Bailey High School,78,77
19276,Bryan Ramsey,M,11th,Bailey High School,69,88
19277,Betty Irwin,F,9th,Bailey High School,72,77
19278,Kristen Valencia,F,10th,Bailey High School,68,57
19279,Kimberly Hoffman,F,10th,Bailey High School,85,79
19280,Virginia Ramirez,F,12th,Bailey High School,65,60
19281,Andrew Owens,M,11th,Bailey High School,99,70
19282,Madison Olson,F,10th,Bailey High School,95,58
19283,Kimberly Patton,F,11th,Bailey High School,72,83
19284,Austin Cole,M,11th,Bailey High School,89,77
19285,Stephen Roberts,M,12th,Bailey High School,95,83
19286,Frederick Lee,M,9th,Bailey High School,79,66
19287,Helen Gay,F,9th,Bailey High School,73,65
19288,Courtney Thompson,F,9th,Bailey High School,82,68
19289,Gregory Ellis,M,11th,Bailey High School,94,57
19290,Diana Chapman,F,9th,Bailey High School,98,70
19291,Holly Woods,F,10th,Bailey High School,65,61
19292,Kenneth Diaz,M,9th,Bailey High School,91,69
19293,Kenneth Hartman,M,9th,Bailey High School,99,88
19294,Brian Walker,M,11th,Bailey High School,89,85
19295,Michael Davis,M,10th,Bailey High School,84,87
19296,Bradley White,M,10th,Bailey High School,86,84
19297,Katherine Rowland,F,10th,Bailey High School,96,89
19298,Allison Thompson,F,10th,Bailey High School,91,66
19299,Rachel Lopez,F,9th,Bailey High School,78,91
19300,Cassandra Baldwin,F,9th,Bailey High School,82,56
19301,John Lynch,M,11th,Bailey High School,67,59
19302,Patrick Williams,M,12th,Bailey High School,98,73
19303,Jose Butler,M,9th,Bailey High School,98,92
19304,Andrew Bailey,M,11th,Bailey High School,73,86
19305,John Love,M,9th,Bailey High School,79,77
19306,Carl Campos,M,12th,Bailey High School,72,70
19307,Mrs. Amanda Martin,F,9th,Bailey High School,83,57
19308,Michael Moore,M,9th,Bailey High School,92,97
19309,Melissa Roach,F,10th,Bailey High School,73,58
19310,Marie Sexton,F,12th,Bailey High School,68,85
19311,John Vaughn,M,9th,Bailey High School,93,65
19312,Aaron Washington,M,11th,Bailey High School,90,91
19313,Rebecca Chung,F,9th,Bailey High School,63,56
19314,Jeanette Carlson,F,12th,Bailey High School,99,84
19315,Gregory Guerrero,M,12th,Bailey High School,66,56
19316,Kimberly Cortez,F,10th,Bailey High School,81,55
19317,Daniel Hart,M,9th,Bailey High School,75,95
19318,Jessica Smith,F,11th,Bailey High School,88,99
19319,Christine Hayes,F,10th,Bailey High School,87,83
19320,Mackenzie Mason,F,9th,Bailey High School,83,58
19321,Joseph Gilbert,M,12th,Bailey High School,70,88
19322,Susan Adams,F,10th,Bailey High School,83,72
19323,David Harvey,M,9th,Bailey High School,87,78
19324,John Thomas ,M,10th,Bailey High School,63,71
19325,Christina Butler,F,9th,Bailey High School,73,64
19326,Brian Robinson,M,10th,Bailey High School,72,97
19327,Nicole Thomas,F,12th,Bailey High School,87,87
19328,Brittany Cook,F,10th,Bailey High School,66,56
19329,Kathy Rivas,F,10th,Bailey High School,84,94
19330,Tina Salazar,F,10th,Bailey High School,76,63
19331,Crystal Sims,F,11th,Bailey High School,94,70
19332,Pamela Fields,F,10th,Bailey High School,95,59
19333,Jacob Vega,M,10th,Bailey High School,95,60
19334,Jennifer Cannon,F,11th,Bailey High School,77,80
19335,Mark Taylor,M,11th,Bailey High School,96,91
19336,Sheila Brown,F,9th,Bailey High School,85,81
19337,Heidi Kelly,F,12th,Bailey High School,76,64
19338,Jeffrey Galvan,M,9th,Bailey High School,76,91
19339,Joann Rodriguez,F,11th,Bailey High School,88,72
19340,Gina Vega,F,10th,Bailey High School,93,87
19341,Regina Parker,F,9th,Bailey High School,80,72
19342,Patricia Malone,F,12th,Bailey High School,74,96
19343,Tracy Chapman,F,9th,Bailey High School,75,57
19344,Ann Campbell,F,10th,Bailey High School,76,76
19345,Susan Evans,F,11th,Bailey High School,90,97
19346,Sierra Dominguez ,F,12th,Bailey High School,70,95
19347,Edward Smith,M,9th,Bailey High School,93,75
19348,Bradley Martin,M,11th,Bailey High School,98,86
19349,Gary Jackson,M,11th,Bailey High School,75,70
19350,Shawn Peterson,M,9th,Bailey High School,96,85
19351,Monica King,F,10th,Bailey High School,68,56
19352,James Byrd,M,12th,Bailey High School,75,77
19353,Jared Kelley,M,12th,Bailey High School,63,60
19354,Bryan Guerra,M,9th,Bailey High School,71,57
19355,Christopher Wilson,M,11th,Bailey High School,78,90
19356,Mrs. Katie Weber ,F,11th,Bailey High School,73,62
19357,Sarah Callahan,F,10th,Bailey High School,73,89
19358,Julie Elliott,F,12th,Bailey High School,95,58
19359,Sonia Ashley,F,10th,Bailey High School,94,88
19360,Keith Gonzalez,M,11th,Bailey High School,78,65
19361,Joshua Smith,M,11th,Bailey High School,94,76
19362,Amy Lee,F,12th,Bailey High School,83,85
19363,Molly Jacobs,F,12th,Bailey High School,84,66
19364,Heather Stokes,F,9th,Bailey High School,76,75
19365,Martha Best,F,9th,Bailey High School,77,71
19366,Nancy Green,F,11th,Bailey High School,80,91
19367,Jose Lewis,M,11th,Bailey High School,77,70
19368,Cynthia Wolfe,F,9th,Bailey High School,94,88
19369,William Roberts,M,10th,Bailey High School,86,81
19370,David Taylor,M,9th,Bailey High School,77,93
19371,Yolanda Mullins,F,12th,Bailey High School,70,88
19372,Rebecca Hansen,F,9th,Bailey High School,94,86
19373,Cindy Jackson,F,10th,Bailey High School,81,93
19374,Jessica Carney,F,9th,Bailey High School,88,61
19375,Joshua Sanchez,M,9th,Bailey High School,67,91
19376,Manuel Arellano,M,12th,Bailey High School,63,64
19377,Regina Garcia,F,9th,Bailey High School,68,82
19378,Courtney Gibson,F,9th,Bailey High School,75,83
19379,Scott Stevens,M,11th,Bailey High School,75,56
19380,Aaron Proctor,M,12th,Bailey High School,76,77
19381,Lindsey Peterson,F,10th,Bailey High School,72,93
19382,Brandon Delacruz,M,9th,Bailey High School,89,88
19383,Luis Brown,M,11th,Bailey High School,70,75
19384,Theresa Summers,F,9th,Bailey High School,88,69
19385,Karina Lee,F,9th,Bailey High School,65,58
19386,Monica Bates,F,12th,Bailey High School,75,80
19387,Peter Riley,M,9th,Bailey High School,80,67
19388,Daniel White,M,10th,Bailey High School,63,59
19389,Ashley Carlson,F,12th,Bailey High School,74,58
19390,Audrey Reeves,F,11th,Bailey High School,82,72
19391,Christopher Oneill,M,9th,Bailey High School,66,91
19392,Brenda Romero,F,11th,Bailey High School,75,95
19393,Jerry Lee,M,11th,Bailey High School,93,76
19394,Julie Mitchell,F,12th,Bailey High School,89,83
19395,Daniel Klein,M,9th,Bailey High School,71,74
19396,Jessica Nicholson,F,10th,Bailey High School,69,81
19397,Shawn Gilmore,M,10th,Bailey High School,72,56
19398,Katherine Edwards,F,9th,Bailey High School,95,80
19399,Elizabeth Sherman,F,9th,Bailey High School,73,64
19400,William Brewer,M,9th,Bailey High School,65,60
19401,Phyllis Benton,F,10th,Bailey High School,84,58
19402,Paul Pearson,M,11th,Bailey High School,80,68
19403,Thomas Andrews,M,11th,Bailey High School,87,65
19404,Lauren Logan,F,9th,Bailey High School,72,85
19405,William King,M,12th,Bailey High School,83,93
19406,Amanda Walker,F,9th,Bailey High School,85,88
19407,Amanda Mcdaniel,F,9th,Bailey High School,74,81
19408,Rebecca White,F,11th,Bailey High School,64,84
19409,Brianna Harris,F,12th,Bailey High School,70,81
19410,Patricia Glover,F,10th,Bailey High School,85,77
19411,William Serrano,M,10th,Bailey High School,75,59
19412,Michelle Ford,F,10th,Bailey High School,82,67
19413,Jordan Vasquez,M,11th,Bailey High School,96,81
19414,Melissa Hogan,F,10th,Bailey High School,74,65
19415,Kevin Williams,M,9th,Bailey High School,82,81
19416,Mrs. Pamela Garcia,F,9th,Bailey High School,74,65
19417,Sara Schmidt,F,11th,Bailey High School,77,62
19418,Patrick Burke,M,12th,Bailey High School,87,87
19419,Joy Sanchez,F,10th,Bailey High School,85,88
19420,Amanda Carson,F,10th,Bailey High School,72,81
19421,Amanda Davis,F,12th,Bailey High School,88,79
19422,Amy Torres,F,12th,Bailey High School,80,96
19423,Angela Rojas,F,9th,Bailey High School,92,62
19424,Bailey King,F,10th,Bailey High School,73,74
19425,Beth Sullivan,F,9th,Bailey High School,73,69
19426,Marie Stout,F,9th,Bailey High School,77,84
19427,Jodi Robertson,F,11th,Bailey High School,94,88
19428,Charles Aguirre,M,11th,Bailey High School,89,62
19429,Emily Allen,F,9th,Bailey High School,73,99
19430,Jason Watson,M,11th,Bailey High School,93,62
19431,Madison Richards,F,11th,Bailey High School,97,90
19432,Deborah Kirk,F,11th,Bailey High School,80,85
19433,Mary Glover,F,10th,Bailey High School,93,86
19434,Danielle Stanton ,F,9th,Bailey High School,71,81
19435,Connie Bush,F,9th,Bailey High School,76,97
19436,Thomas Thompson,M,11th,Bailey High School,93,61
19437,Debbie Burke,F,11th,Bailey High School,88,84
19438,Erica Shaw,F,9th,Bailey High School,83,59
19439,Antonio Shepherd,M,10th,Bailey High School,85,95
19440,Philip Robinson,M,9th,Bailey High School,93,81
19441,Jennifer Swanson,F,10th,Bailey High School,85,55
19442,Miguel Smith,M,9th,Bailey High School,96,80
19443,Nicholas Hardy,M,11th,Bailey High School,63,92
19444,Jenna Garcia,F,12th,Bailey High School,89,66
19445,Daniel Little,M,11th,Bailey High School,69,81
19446,Jason Stephens,M,10th,Bailey High School,74,70
19447,Darlene Valencia,F,10th,Bailey High School,89,57
19448,Charles Torres,M,12th,Bailey High School,67,70
19449,Rebecca Lewis,F,11th,Bailey High School,71,73
19450,Stacey Fisher,F,10th,Bailey High School,86,96
19451,Amber Hernandez,F,12th,Bailey High School,71,81
19452,Elizabeth Logan ,F,10th,Bailey High School,66,84
19453,Robert Huber,M,12th,Bailey High School,89,78
19454,Courtney Wall ,F,10th,Bailey High School,71,61
19455,Frank Hoffman,M,9th,Bailey High School,70,68
19456,Travis Jimenez,M,10th,Bailey High School,92,64
19457,Kevin Coleman,M,9th,Bailey High School,72,61
19458,Jennifer Stokes,F,10th,Bailey High School,69,59
19459,Brenda Stewart,F,10th,Bailey High School,89,86
19460,Andrea Hall,F,9th,Bailey High School,85,78
19461,Mark Brown,M,9th,Bailey High School,89,76
19462,John Baker,M,11th,Bailey High School,86,93
19463,Kathleen Valdez,F,9th,Bailey High School,87,59
19464,Karina Oconnor,F,10th,Bailey High School,65,63
19465,Jessica Ward,F,9th,Bailey High School,80,85
19466,Rebecca Gonzales,F,9th,Bailey High School,85,63
19467,Kimberly Molina,F,11th,Bailey High School,69,73
19468,Mike Mcdaniel,M,9th,Bailey High School,82,69
19469,Danny Mcdonald,M,10th,Bailey High School,94,60
19470,Jordan Solis,F,11th,Bailey High School,85,93
19471,Marcia Casey,F,11th,Bailey High School,89,68
19472,Alexa Bates,F,11th,Bailey High School,78,58
19473,Robert Jimenez,M,12th,Bailey High School,94,80
19474,Pamela Hughes,F,9th,Bailey High School,84,86
19475,Mary Garcia,F,11th,Bailey High School,69,98
19476,John Martin,M,12th,Bailey High School,82,84
19477,Pamela Ritter,F,9th,Bailey High School,99,55
19478,William Lindsey,M,10th,Bailey High School,86,81
19479,Alex Thompson,M,12th,Bailey High School,63,74
19480,Timothy Scott,M,9th,Bailey High School,70,62
19481,Dana Guzman,F,12th,Bailey High School,87,88
19482,Rebecca Livingston,F,11th,Bailey High School,98,71
19483,Emily Little,F,11th,Bailey High School,78,87
19484,Barbara Carr,F,10th,Bailey High School,99,64
19485,Connie Johnson,F,12th,Bailey High School,72,61
19486,Stephen Lawrence,M,9th,Bailey High School,76,65
19487,Tracey Ochoa,F,9th,Bailey High School,75,67
19488,Ariana Perez,F,11th,Bailey High School,86,71
19489,Karen White,F,12th,Bailey High School,92,71
19490,Bridget Burke,F,9th,Bailey High School,79,89
19491,Jason White,M,9th,Bailey High School,78,84
19492,Brett Palmer,M,11th,Bailey High School,68,91
19493,James Cox,M,10th,Bailey High School,85,79
19494,Bradley Neal,M,10th,Bailey High School,93,67
19495,Michelle Perez,F,10th,Bailey High School,63,98
19496,Billy Taylor,M,10th,Bailey High School,70,89
19497,Jessica Campbell,F,11th,Bailey High School,86,95
19498,Veronica Fisher,F,11th,Bailey High School,98,80
19499,Penny Evans,F,12th,Bailey High School,82,63
19500,Michelle Washington,F,9th,Bailey High School,66,64
19501,Raymond Vargas,M,9th,Bailey High School,87,88
19502,Jeffrey Green,M,9th,Bailey High School,75,93
19503,Andrew Jensen,M,11th,Bailey High School,76,86
19504,Joseph Sanders,M,11th,Bailey High School,97,72
19505,Rhonda Mahoney,F,11th,Bailey High School,86,88
19506,Vanessa Clark,F,12th,Bailey High School,64,98
19507,Karen Harris PhD,F,10th,Bailey High School,80,59
19508,Troy Waller,M,12th,Bailey High School,63,90
19509,Daniel Castaneda,M,10th,Bailey High School,96,57
19510,Nicole Bauer,F,11th,Bailey High School,94,95
19511,Molly Foster,F,11th,Bailey High School,84,90
19512,Wendy Vincent,F,11th,Bailey High School,76,87
19513,Lisa Waters,F,12th,Bailey High School,86,59
19514,Michael Montgomery,M,9th,Bailey High School,81,60
19515,Jeffery Perez,M,11th,Bailey High School,99,90
19516,Alejandro Barnett,M,9th,Bailey High School,70,71
19517,Joel Williams,M,10th,Bailey High School,74,99
19518,Eric Hampton,M,12th,Bailey High School,98,63
19519,Alexandria Freeman,F,11th,Bailey High School,66,71
19520,Elaine James,F,9th,Bailey High School,78,84
19521,Patricia Rogers,F,12th,Bailey High School,74,88
19522,Anthony Walls,M,11th,Bailey High School,87,68
19523,Marie Baldwin,F,12th,Bailey High School,85,98
19524,Leslie Solis,F,10th,Bailey High School,82,99
19525,Brianna White,F,9th,Bailey High School,97,85
19526,Alyssa Jennings,F,9th,Bailey High School,73,57
19527,Evelyn Johnson,F,10th,Bailey High School,86,88
19528,Jacqueline Carter,F,11th,Bailey High School,74,61
19529,Beverly Daniels,F,11th,Bailey High School,87,64
19530,Sandy West,F,11th,Bailey High School,68,91
19531,Mrs. Amanda Herring,F,11th,Bailey High School,80,82
19532,Thomas Villa,M,11th,Bailey High School,65,67
19533,William Romero,M,11th,Bailey High School,85,69
19534,Brandon Collins,M,12th,Bailey High School,80,96
19535,Tony Nelson,M,9th,Bailey High School,64,85
19536,Laurie Ferguson,F,9th,Bailey High School,81,59
19537,Kelly Wiley,F,9th,Bailey High School,82,81
19538,Bethany Meyer,F,10th,Bailey High School,96,88
19539,Chelsea Daniels,F,10th,Bailey High School,95,65
19540,Dustin Petersen,M,9th,Bailey High School,86,83
19541,Jenna Palmer,F,11th,Bailey High School,72,69
19542,Christopher Wilkerson,M,9th,Bailey High School,95,56
19543,David Miller,M,9th,Bailey High School,80,94
19544,Nancy Hall,F,10th,Bailey High School,91,81
19545,Derek Graves,M,10th,Bailey High School,84,81
19546,Olivia Scott,F,10th,Bailey High School,91,79
19547,Julie Edwards,F,12th,Bailey High School,78,61
19548,Mario Martinez,M,11th,Bailey High School,66,94
19549,Karen Vance,F,10th,Bailey High School,78,87
19550,Duane Wise,M,11th,Bailey High School,91,67
19551,Corey Benjamin,M,9th,Bailey High School,76,61
19552,Paula Henry,F,11th,Bailey High School,94,75
19553,Natalie Clark,F,11th,Bailey High School,72,76
19554,Adrienne Chavez,F,10th,Bailey High School,79,60
19555,Charles Perez,M,9th,Bailey High School,64,86
19556,Brian Ford,M,12th,Bailey High School,72,60
19557,Jacob Buchanan,M,12th,Bailey High School,74,63
19558,Courtney Sandoval,F,12th,Bailey High School,97,88
19559,Katherine Gaines,F,10th,Bailey High School,81,97
19560,Kyle Dean,M,9th,Bailey High School,77,57
19561,Richard Nguyen,M,10th,Bailey High School,74,69
19562,Tonya Walsh,F,9th,Bailey High School,99,61
19563,Natasha Davis,F,10th,Bailey High School,64,73
19564,Shannon Simon,F,11th,Bailey High School,64,55
19565,Wendy Davis,F,9th,Bailey High School,85,65
19566,Joshua Love,M,9th,Bailey High School,99,91
19567,Ryan Macias,M,11th,Bailey High School,98,68
19568,Michele Garcia,F,11th,Bailey High School,85,84
19569,Tracy Kaiser,F,10th,Bailey High School,85,70
19570,Steven Sheppard,M,11th,Bailey High School,90,66
19571,Michael Adams,M,9th,Bailey High School,72,87
19572,Eric Anderson,M,12th,Bailey High School,88,87
19573,Kirsten Rice,F,10th,Bailey High School,63,55
19574,Mrs. Sheena Bailey ,F,9th,Bailey High School,90,60
19575,Joan Caldwell,F,9th,Bailey High School,95,74
19576,Melody Hahn,F,12th,Bailey High School,71,56
19577,Maria Green,F,11th,Bailey High School,69,96
19578,Joyce Morgan,F,10th,Bailey High School,94,98
19579,Nicole White,F,10th,Bailey High School,71,71
19580,Andrew Herrera,M,10th,Bailey High School,69,62
19581,Bridget Graham,F,9th,Bailey High School,91,92
19582,Brian Chang,M,9th,Bailey High School,86,95
19583,Angie Gutierrez,F,12th,Bailey High School,77,96
19584,Tammie Fox,F,11th,Bailey High School,82,92
19585,Alicia Butler,F,9th,Bailey High School,69,71
19586,Amanda Adams,F,11th,Bailey High School,91,83
19587,James Brown,M,9th,Bailey High School,76,92
19588,Anthony Holmes,M,11th,Bailey High School,86,76
19589,Jacqueline Williams,F,10th,Bailey High School,79,75
19590,Julie Brown,F,11th,Bailey High School,94,99
19591,Scott Gibson,M,11th,Bailey High School,91,71
19592,Anthony Reeves,M,12th,Bailey High School,99,60
19593,Diane Vargas,F,9th,Bailey High School,99,80
19594,Kathryn Jones,F,10th,Bailey High School,73,97
19595,Emily Martin,F,11th,Bailey High School,68,94
19596,Stephanie Watts,F,11th,Bailey High School,67,59
19597,Michele Oneal,F,9th,Bailey High School,72,77
19598,Robert Crawford,M,10th,Bailey High School,98,61
19599,Michelle Collins,F,10th,Bailey High School,94,67
19600,Jeremy Hodge,M,12th,Bailey High School,77,72
19601,Savannah Gonzalez,F,11th,Bailey High School,95,70
19602,Zachary Garrett III,M,9th,Bailey High School,73,97
19603,Kendra Davis,F,11th,Bailey High School,80,96
19604,Abigail Casey,F,11th,Bailey High School,73,83
19605,Kelly Ellison,F,11th,Bailey High School,82,99
19606,Margaret Gomez,F,12th,Bailey High School,88,94
19607,David Johnson,M,9th,Bailey High School,92,59
19608,Sharon Monroe,F,11th,Bailey High School,89,63
19609,Kristy Pope,F,9th,Bailey High School,88,66
19610,Thomas Harrison Jr.,M,11th,Bailey High School,71,75
19611,Tammy Lee,F,10th,Bailey High School,76,57
19612,Austin Lee,M,11th,Bailey High School,88,74
19613,John Weeks,M,12th,Bailey High School,77,78
19614,Joel Mccarthy,M,10th,Bailey High School,74,91
19615,Jonathan Johnson,M,11th,Bailey High School,75,80
19616,Madison Burns,F,9th,Bailey High School,93,89
19617,Christopher Norman,M,11th,Bailey High School,84,92
19618,Kelly Hughes,F,10th,Bailey High School,79,91
19619,Wendy Hill,F,10th,Bailey High School,89,68
19620,Manuel Meza,M,11th,Bailey High School,74,81
19621,Thomas Foster,M,11th,Bailey High School,63,60
19622,Gabriela Johnson,F,10th,Bailey High School,66,91
19623,Allen Garcia,M,12th,Bailey High School,75,73
19624,Cynthia Moore,F,9th,Bailey High School,90,91
19625,Taylor Reed,F,9th,Bailey High School,77,99
19626,Rodney Fleming,M,11th,Bailey High School,65,82
19627,Nathan Pratt,M,9th,Bailey High School,92,56
19628,Tina Gilbert,F,11th,Bailey High School,79,71
19629,Stephen Robertson,M,10th,Bailey High School,86,90
19630,Amanda Martin,F,9th,Bailey High School,80,65
19631,Kathryn Eaton,F,11th,Bailey High School,86,76
19632,Mark Jackson,M,11th,Bailey High School,75,83
19633,Rachel Hall,F,11th,Bailey High School,99,95
19634,John Hernandez,M,12th,Bailey High School,76,67
19635,Kimberly Sullivan,F,10th,Bailey High School,74,93
19636,Dawn Mcfarland,F,12th,Bailey High School,75,61
19637,Donna Esparza,F,11th,Bailey High School,68,99
19638,Terrance Manning,M,10th,Bailey High School,94,95
19639,Kristy Jackson,F,12th,Bailey High School,63,92
19640,Benjamin Johnson,M,10th,Bailey High School,89,75
19641,Jeff Thompson,M,11th,Bailey High School,84,87
19642,William Smith,M,12th,Bailey High School,80,81
19643,Arthur Hall,M,10th,Bailey High School,71,97
19644,Ruth Anthony,F,12th,Bailey High School,85,72
19645,Anthony Mercer,M,12th,Bailey High School,84,61
19646,Jonathan Henderson,M,12th,Bailey High School,71,74
19647,John Johnson,M,12th,Bailey High School,73,56
19648,Cynthia Gonzalez,F,10th,Bailey High School,74,88
19649,Joann Patton,F,12th,Bailey High School,64,61
19650,Erin Wilson,F,12th,Bailey High School,93,58
19651,David May,M,10th,Bailey High School,83,60
19652,Stephanie Smith,F,10th,Bailey High School,92,86
19653,Teresa Reese,F,11th,Bailey High School,98,69
19654,Barbara White,F,9th,Bailey High School,91,91
19655,Michael Grimes,M,9th,Bailey High School,81,66
19656,Denise Young,F,10th,Bailey High School,83,91
19657,Laura Noble,F,9th,Bailey High School,86,81
19658,Shane Smith,M,10th,Bailey High School,70,73
19659,Kevin Quinn,M,9th,Bailey High School,94,93
19660,Gary Holland,M,10th,Bailey High School,71,85
19661,David Stone,M,9th,Bailey High School,79,97
19662,Tina Evans,F,11th,Bailey High School,84,80
19663,Claudia Goodwin,F,10th,Bailey High School,91,85
19664,Gerald Robbins,M,10th,Bailey High School,63,81
19665,Megan Bennett ,F,11th,Bailey High School,94,96
19666,Seth Green,M,9th,Bailey High School,82,82
19667,Jacqueline Livingston,F,10th,Bailey High School,86,79
19668,David Mueller,M,10th,Bailey High School,92,86
19669,Amy Moore,F,9th,Bailey High School,64,75
19670,Emily Beltran,F,10th,Bailey High School,77,76
19671,Jennifer Roberts,F,12th,Bailey High School,95,93
19672,Amanda Morgan,F,10th,Bailey High School,99,98
19673,Steven Harrison,M,12th,Bailey High School,64,80
19674,Carolyn Arias,F,9th,Bailey High School,91,55
19675,Jennifer Stone,F,12th,Bailey High School,74,64
19676,Amy Mcintosh ,F,9th,Bailey High School,80,85
19677,Margaret Kim,F,12th,Bailey High School,82,58
19678,Christina Khan,F,9th,Bailey High School,72,61
19679,Frank Anderson,M,9th,Bailey High School,72,87
19680,Tracy Perez,F,10th,Bailey High School,98,61
19681,Ethan Jones,M,12th,Bailey High School,67,59
19682,Becky Jones,F,9th,Bailey High School,64,69
19683,Kathleen Ramirez,F,9th,Bailey High School,90,89
19684,Catherine Wilson,F,9th,Bailey High School,91,70
19685,Sandra Duncan,F,9th,Bailey High School,84,81
19686,Jeffrey Rivas,M,9th,Bailey High School,99,59
19687,Jordan Cruz,M,9th,Bailey High School,80,62
19688,Walter Garner,M,11th,Bailey High School,85,89
19689,Cindy Cruz,F,9th,Bailey High School,76,65
19690,Tina Rodriguez,F,9th,Bailey High School,92,84
19691,David Rivera,M,9th,Bailey High School,63,94
19692,Brian Silva,M,9th,Bailey High School,75,96
19693,Antonio Mcdonald,M,12th,Bailey High School,98,80
19694,Joseph Murphy,M,9th,Bailey High School,74,64
19695,Maria Gallegos,F,10th,Bailey High School,79,86
19696,Matthew Gibson,M,12th,Bailey High School,65,89
19697,Jeffrey Young,M,11th,Bailey High School,79,81
19698,Antonio Hernandez,M,12th,Bailey High School,77,73
19699,Dawn Hernandez,F,9th,Bailey High School,67,96
19700,Dale Shaw,M,10th,Bailey High School,66,56
19701,Rachel Davis,F,12th,Bailey High School,85,77
19702,Thomas Lopez,M,12th,Bailey High School,86,70
19703,Laura Bright,F,12th,Bailey High School,76,91
19704,Michael Patel,M,9th,Bailey High School,97,66
19705,Breanna Mercer,F,9th,Bailey High School,88,87
19706,Wesley Craig,M,12th,Bailey High School,92,64
19707,Amy Horn,F,11th,Bailey High School,92,98
19708,Julie Davis,F,10th,Bailey High School,81,76
19709,Michelle Lutz,F,10th,Bailey High School,78,59
19710,David Payne,M,9th,Bailey High School,83,93
19711,Courtney Sullivan,F,11th,Bailey High School,88,99
19712,Holly Ford,F,12th,Bailey High School,91,65
19713,Ruth Armstrong,F,9th,Bailey High School,92,57
19714,Jennifer James,F,9th,Bailey High School,77,85
19715,Austin Davis,M,12th,Bailey High School,73,95
19716,Drew Perez,M,12th,Bailey High School,89,93
19717,Rachael Horton,F,9th,Bailey High School,98,69
19718,Jacob Dodson,M,10th,Bailey High School,83,61
19719,Ashley Torres,F,9th,Bailey High School,81,76
19720,Ryan Maldonado,M,11th,Bailey High School,64,55
19721,Michele Rodriguez,F,11th,Bailey High School,76,69
19722,Edward Nash,M,10th,Bailey High School,79,73
19723,Heather Mcdaniel,F,11th,Bailey High School,79,76
19724,Daniel Hale,M,12th,Bailey High School,98,87
19725,Vickie Snyder,F,11th,Bailey High School,89,69
19726,Shelby Cain,F,11th,Bailey High School,94,91
19727,Madison Adkins,F,10th,Bailey High School,70,66
19728,Daniel Cherry,M,9th,Bailey High School,95,88
19729,Amanda Fields,F,9th,Bailey High School,71,74
19730,Debbie Davenport,F,10th,Bailey High School,99,71
19731,Michael Wilson,M,12th,Bailey High School,72,80
19732,Heather Vargas,F,10th,Bailey High School,66,84
19733,William Park,M,12th,Bailey High School,66,81
19734,Christopher Patterson,M,10th,Bailey High School,83,74
19735,Jamie Dawson ,F,11th,Bailey High School,83,57
19736,Andrew Mitchell V,M,12th,Bailey High School,82,57
19737,Travis Richmond,M,10th,Bailey High School,70,65
19738,Elizabeth Joseph,F,12th,Bailey High School,75,66
19739,Vernon Ross,M,9th,Bailey High School,73,56
19740,Paul Williams,M,11th,Bailey High School,65,93
19741,Rachel Lopez,F,11th,Bailey High School,77,98
19742,Marie Hernandez,F,9th,Bailey High School,64,61
19743,Michael Kim,M,9th,Bailey High School,95,97
19744,Kevin Barnett,M,9th,Bailey High School,88,99
19745,Mary Williams,F,9th,Bailey High School,76,87
19746,Kristen Mccann,F,12th,Bailey High School,77,77
19747,Anna Reese,F,10th,Bailey High School,80,78
19748,Justin Warren,M,12th,Bailey High School,82,65
19749,Mrs. Amy Cain,F,10th,Bailey High School,88,56
19750,Darren Sanchez,M,11th,Bailey High School,83,71
19751,Shannon Cruz,F,11th,Bailey High School,93,93
19752,Hannah Sullivan,F,12th,Bailey High School,98,55
19753,Nancy Kane,F,11th,Bailey High School,75,98
19754,Samantha Mcbride,F,10th,Bailey High School,78,89
19755,Jeremy Graham,M,10th,Bailey High School,66,80
19756,Danielle Sweeney,F,11th,Bailey High School,70,60
19757,Paul Hall,M,9th,Bailey High School,78,79
19758,Jennifer Davis,F,10th,Bailey High School,83,66
19759,Brett Odonnell,M,10th,Bailey High School,94,60
19760,Charlotte Howard,F,11th,Bailey High School,96,86
19761,Rodney Nicholson,M,11th,Bailey High School,82,76
19762,Charles Macias,M,12th,Bailey High School,67,92
19763,Nathan Brock,M,11th,Bailey High School,82,93
19764,Victor Cox,M,11th,Bailey High School,78,73
19765,Cassidy Moore,F,10th,Bailey High School,77,78
19766,Heidi Burns,F,12th,Bailey High School,77,86
19767,William Schmidt,M,12th,Bailey High School,71,73
19768,Brittney Hughes,F,9th,Bailey High School,76,72
19769,Ronald Hickman,M,9th,Bailey High School,94,92
19770,Andrew Jones,M,10th,Bailey High School,70,88
19771,Richard Johnson,M,11th,Bailey High School,76,72
19772,Glenn Osborne,M,11th,Bailey High School,90,84
19773,Anthony Cervantes,M,11th,Bailey High School,89,83
19774,Mallory Howard,F,9th,Bailey High School,98,77
19775,Kendra Yang,F,9th,Bailey High School,64,57
19776,Sarah Martin,F,11th,Bailey High School,88,82
19777,James Turner,M,9th,Bailey High School,90,85
19778,Bridget Gregory,F,11th,Bailey High School,91,63
19779,John Thomas,M,11th,Bailey High School,91,82
19780,Thomas Lewis,M,9th,Bailey High School,83,70
19781,Savannah Chavez,F,11th,Bailey High School,89,81
19782,Courtney Vaughn,F,11th,Bailey High School,63,92
19783,Bryan Jenkins,M,10th,Bailey High School,77,72
19784,Nicholas Lawrence,M,10th,Bailey High School,86,83
19785,Jessica Hill,F,10th,Bailey High School,84,75
19786,Phillip Bishop,M,9th,Bailey High School,97,64
19787,Heather Gonzalez,F,11th,Bailey High School,98,80
19788,Susan Richmond,F,10th,Bailey High School,82,76
19789,Leslie Floyd,F,11th,Bailey High School,79,59
19790,Charlene Peters,F,12th,Bailey High School,79,91
19791,Andrea Barton,F,9th,Bailey High School,79,76
19792,Justin Gutierrez,M,12th,Bailey High School,86,83
19793,Christopher Miller,M,9th,Bailey High School,65,76
19794,Michelle Ford,F,11th,Bailey High School,88,78
19795,Erin Phillips,F,9th,Bailey High School,87,65
19796,George Kaufman,M,10th,Bailey High School,96,61
19797,Laura Martinez,F,12th,Bailey High School,98,84
19798,Matthew Byrd,M,11th,Bailey High School,92,77
19799,Christine Allen,F,10th,Bailey High School,63,68
19800,John Guerra,M,12th,Bailey High School,99,57
19801,Heather Hall,F,9th,Bailey High School,68,86
19802,James Spears,M,10th,Bailey High School,91,73
19803,Jessica Smith,F,10th,Bailey High School,86,63
19804,Matthew Ho,M,10th,Bailey High School,72,99
19805,Karen Austin,F,10th,Bailey High School,72,91
19806,Michael Miller,M,11th,Bailey High School,97,77
19807,Katrina Adkins,F,9th,Bailey High School,66,71
19808,Mitchell Greene,M,12th,Bailey High School,86,62
19809,Aaron Davis Jr.,M,11th,Bailey High School,97,63
19810,Gene Torres,M,12th,Bailey High School,73,69
19811,Nicole Mitchell,F,9th,Bailey High School,96,64
19812,Aaron Bailey,M,12th,Bailey High School,98,70
19813,Dakota Green,M,11th,Bailey High School,64,91
19814,Stacey Mcgee,F,10th,Bailey High School,76,60
19815,Patty Ryan,F,9th,Bailey High School,86,82
19816,Linda Graves,F,9th,Bailey High School,65,91
19817,Andrea Austin,F,12th,Bailey High School,96,89
19818,Margaret Anderson,F,9th,Bailey High School,86,59
19819,Amanda Tanner,F,10th,Bailey High School,79,69
19820,Lee Johnson,M,11th,Bailey High School,93,84
19821,Richard Decker,M,9th,Bailey High School,93,59
19822,Tammy Shepard,F,11th,Bailey High School,85,70
19823,Gabriel Hall,M,11th,Bailey High School,94,95
19824,Darren Brooks,M,9th,Bailey High School,82,81
19825,Sarah Jones,F,11th,Bailey High School,75,64
19826,Heather Smith,F,9th,Bailey High School,64,75
19827,James Stone,M,10th,Bailey High School,93,99
19828,Matthew Taylor,M,9th,Bailey High School,75,67
19829,Madeline Clark,F,11th,Bailey High School,63,87
19830,Barbara Mcconnell,F,12th,Bailey High School,70,91
19831,Cynthia Green,F,9th,Bailey High School,68,75
19832,Gavin Johnson,M,12th,Bailey High School,76,63
19833,Christopher Phillips,M,9th,Bailey High School,82,64
19834,Wayne Hensley,M,12th,Bailey High School,83,89
19835,Megan Olson,F,9th,Bailey High School,64,60
19836,Cody Williams,M,11th,Bailey High School,75,78
19837,Amy Friedman,F,11th,Bailey High School,94,63
19838,Tiffany Smith,F,9th,Bailey High School,89,59
19839,Victor Smith,M,9th,Bailey High School,76,93
19840,Jordan Anderson,M,10th,Bailey High School,65,97
19841,Michael Greene,M,10th,Bailey High School,83,79
19842,Misty Hart,F,11th,Bailey High School,84,97
19843,Cindy Joyce,F,10th,Bailey High School,87,87
19844,Amy Parker,F,9th,Bailey High School,69,77
19845,Adam Keller,M,12th,Bailey High School,88,83
19846,Dawn Hill,F,10th,Bailey High School,87,82
19847,Cesar Thomas,M,11th,Bailey High School,73,71
19848,Brianna Wolfe,F,10th,Bailey High School,95,96
19849,Kelly Coleman,F,9th,Bailey High School,95,69
19850,Pamela Perkins,F,11th,Bailey High School,83,94
19851,Henry Lyons,M,11th,Bailey High School,97,57
19852,David Perez,M,12th,Bailey High School,73,92
19853,Eric Knapp,M,9th,Bailey High School,81,82
19854,Justin Williams,M,9th,Bailey High School,82,80
19855,Christopher Hill,M,12th,Bailey High School,93,83
19856,Mallory Anderson,F,9th,Bailey High School,63,74
19857,Jonathan Guzman,M,12th,Bailey High School,73,76
19858,Evan Huang,M,10th,Bailey High School,78,55
19859,Christopher Meza,M,10th,Bailey High School,65,65
19860,Meredith Thomas,F,12th,Bailey High School,91,65
19861,John Clark,M,9th,Bailey High School,98,87
19862,Amanda Francis,F,11th,Bailey High School,97,79
19863,Kevin Taylor,M,10th,Bailey High School,88,65
19864,Mark Mcdonald,M,12th,Bailey High School,90,56
19865,Todd Andrews,M,10th,Bailey High School,77,73
19866,Brian Christian,M,11th,Bailey High School,73,95
19867,Brian Castillo,M,12th,Bailey High School,89,78
19868,Crystal Parker,F,11th,Bailey High School,79,69
19869,Luis King,M,11th,Bailey High School,76,81
19870,Kristine Hunt,F,12th,Bailey High School,83,80
19871,Taylor Henry,F,12th,Bailey High School,79,91
19872,Anne Hansen,F,9th,Bailey High School,78,74
19873,Tina Butler,F,9th,Bailey High School,79,81
19874,Cody Schaefer,M,9th,Bailey High School,87,57
19875,Charles Kent,M,11th,Bailey High School,89,62
19876,Linda Sanchez,F,10th,Bailey High School,98,65
19877,Christopher Warren,M,10th,Bailey High School,82,94
19878,Thomas Burgess ,M,9th,Bailey High School,91,69
19879,Thomas Smith,M,12th,Bailey High School,77,56
19880,Wesley Norman,M,10th,Bailey High School,90,98
19881,Joseph Hodges,M,9th,Bailey High School,68,86
19882,Susan Villa,F,12th,Bailey High School,78,63
19883,Daniel Mills,M,9th,Bailey High School,92,87
19884,Thomas Thompson,M,12th,Bailey High School,95,66
19885,Amanda Hale ,F,9th,Bailey High School,98,76
19886,Philip Jacobs,M,12th,Bailey High School,85,70
19887,Tanya Martinez,F,10th,Bailey High School,92,69
19888,Gregory Schneider,M,9th,Bailey High School,96,92
19889,Andrea Davis,F,12th,Bailey High School,67,98
19890,Olivia Griffin,F,11th,Bailey High School,76,62
19891,Mackenzie Patrick,F,10th,Bailey High School,74,73
19892,Michael Baker,M,11th,Bailey High School,74,56
19893,Clinton Nguyen,M,9th,Bailey High School,98,73
19894,Joseph Larson,M,11th,Bailey High School,89,60
19895,Russell Thompson,M,9th,Bailey High School,65,79
19896,Patricia Sullivan,F,11th,Bailey High School,88,76
19897,Elizabeth Shelton,F,12th,Bailey High School,82,77
19898,Megan Fleming,F,9th,Bailey High School,81,77
19899,Steven Ward,M,11th,Bailey High School,88,74
19900,Amanda Hardy,F,12th,Bailey High School,90,79
19901,Richard Berry,M,11th,Bailey High School,80,74
19902,Debbie Blackwell,F,9th,Bailey High School,81,84
19903,Laura Jenkins,F,9th,Bailey High School,91,98
19904,Jordan Anderson,M,9th,Bailey High School,90,62
19905,Lindsay Harris,F,12th,Bailey High School,94,74
19906,Shawn Smith,M,10th,Bailey High School,89,80
19907,Amanda Ibarra,F,9th,Bailey High School,96,85
19908,Mark Parker,M,10th,Bailey High School,67,65
19909,Amanda Edwards,F,10th,Bailey High School,79,55
19910,Sarah Berg,F,11th,Bailey High School,88,90
19911,Michael Weeks,M,10th,Bailey High School,94,73
19912,Kara Potts,F,11th,Bailey High School,86,62
19913,Derek Cooke ,M,10th,Bailey High School,82,64
19914,Joanna Newton,F,11th,Bailey High School,92,79
19915,Shawn Smith,M,10th,Bailey High School,94,93
19916,Susan Gutierrez,F,11th,Bailey High School,88,72
19917,Jonathan Krause,M,9th,Bailey High School,81,94
19918,Shannon Hayes,F,10th,Bailey High School,74,99
19919,Daniel Bowman,M,9th,Bailey High School,71,83
19920,Michael Peters,M,10th,Bailey High School,94,89
19921,Matthew King,M,11th,Bailey High School,79,74
19922,Tammy Johnson,F,9th,Bailey High School,74,93
19923,Manuel Olson,M,12th,Bailey High School,64,70
19924,Mark Hickman,M,10th,Bailey High School,75,99
19925,Nancy Hill,F,11th,Bailey High School,77,92
19926,Jonathan Palmer,M,10th,Bailey High School,78,60
19927,Thomas Glenn,M,12th,Bailey High School,67,57
19928,Michael Perry,M,12th,Bailey High School,87,82
19929,Kaitlin Pratt,F,10th,Bailey High School,66,81
19930,Linda Herrera,F,9th,Bailey High School,95,77
19931,Vanessa Navarro,F,11th,Bailey High School,66,84
19932,Jonathan Martinez,M,9th,Bailey High School,95,56
19933,Christine Johnson,F,9th,Bailey High School,63,94
19934,Tanya Fisher,F,9th,Bailey High School,82,62
19935,Richard Smith,M,11th,Bailey High School,64,73
19936,Jose Edwards,M,10th,Bailey High School,73,85
19937,Amy Wheeler,F,10th,Bailey High School,83,58
19938,Angelica Humphrey,F,9th,Bailey High School,66,84
19939,Kevin Carpenter,M,11th,Bailey High School,68,74
19940,Debra Franklin,F,12th,Bailey High School,75,79
19941,Ashley Johnson,F,11th,Bailey High School,68,69
19942,Brittany Carlson,F,10th,Bailey High School,78,80
19943,Samuel Perkins,M,10th,Bailey High School,78,77
19944,Nicholas Moore,M,10th,Bailey High School,76,65
19945,Erica Thompson,F,12th,Bailey High School,72,56
19946,Mark Snyder,M,11th,Bailey High School,85,85
19947,Justin Johnston,M,9th,Bailey High School,75,61
19948,Michael Klein,M,12th,Bailey High School,98,89
19949,Brian Clements,M,12th,Bailey High School,90,95
19950,Michael Walker,M,11th,Bailey High School,88,64
19951,Michelle Collins,F,11th,Bailey High School,74,69
19952,April Rodriguez,F,9th,Bailey High School,87,74
19953,Felicia Wright,F,10th,Bailey High School,67,93
19954,Amber Thompson,F,9th,Bailey High School,70,95
19955,Jessica Kirk,F,10th,Bailey High School,92,67
19956,Melissa Banks,F,9th,Bailey High School,80,57
19957,Adam Payne,M,10th,Bailey High School,96,95
19958,Claudia Pham,F,11th,Bailey High School,68,94
19959,Emily Williams,F,11th,Bailey High School,85,78
19960,Lori Mitchell ,F,9th,Bailey High School,87,99
19961,Raymond Mays,M,12th,Bailey High School,69,97
19962,Richard Armstrong,M,11th,Bailey High School,73,85
19963,Amy Smith,F,9th,Bailey High School,90,87
19964,Thomas May,M,10th,Bailey High School,88,63
19965,Michele Love,F,11th,Bailey High School,98,99
19966,Tracy Russell,F,12th,Bailey High School,63,81
19967,Richard Day,M,9th,Bailey High School,65,99
19968,Christopher Walker,M,11th,Bailey High School,98,71
19969,Jennifer Howard,F,12th,Bailey High School,97,94
19970,Pamela Kim,F,12th,Bailey High School,89,70
19971,Melissa Pierce,F,12th,Bailey High School,82,63
19972,Ashley Smith,F,10th,Bailey High School,91,67
19973,Robert Moreno,M,12th,Bailey High School,84,83
19974,Rebecca Walker,F,11th,Bailey High School,86,87
19975,Jennifer Mack,F,9th,Bailey High School,81,74
19976,Timothy Johnson,M,12th,Bailey High School,78,67
19977,Robert Hill,M,12th,Bailey High School,97,85
19978,Kirsten Clark,F,11th,Bailey High School,75,82
19979,Nancy English,F,10th,Bailey High School,75,61
19980,James Smith,M,9th,Bailey High School,63,55
19981,Frank Diaz,M,12th,Bailey High School,76,81
19982,Nicole Petty,F,9th,Bailey High School,79,64
19983,Clinton Wallace,M,10th,Bailey High School,99,56
19984,Miranda Peterson,F,10th,Bailey High School,65,64
19985,Tina Hill,F,9th,Bailey High School,88,56
19986,Evan Warren,M,10th,Bailey High School,67,73
19987,Samantha Benson,F,11th,Bailey High School,94,75
19988,Anne Green,F,11th,Bailey High School,81,97
19989,Jasmine Russell,F,10th,Bailey High School,96,97
19990,James Evans,M,12th,Bailey High School,71,81
19991,Benjamin Davis,M,10th,Bailey High School,73,60
19992,Kayla Alexander,F,10th,Bailey High School,92,74
19993,Zachary Schultz,M,9th,Bailey High School,88,76
19994,Tony Hunt,M,11th,Bailey High School,80,88
19995,Mrs. Pam Lewis ,F,9th,Bailey High School,68,62
19996,Kelsey Harris,F,9th,Bailey High School,75,75
19997,Robert Mitchell,M,9th,Bailey High School,94,67
19998,Kelly Hopkins,F,9th,Bailey High School,96,58
19999,Misty Jacobs,F,12th,Bailey High School,71,66
20000,Amanda Reid,F,10th,Bailey High School,83,91
20001,Amanda Graham,F,9th,Bailey High School,74,90
20002,Alexander Freeman,M,10th,Bailey High School,97,64
20003,Amy Gutierrez ,F,9th,Bailey High School,95,78
20004,Dawn Ramirez,F,9th,Bailey High School,82,89
20005,Dalton Murphy,M,11th,Bailey High School,63,58
20006,Kenneth Ward,M,9th,Bailey High School,90,97
20007,Melody Scott,F,9th,Bailey High School,96,77
20008,Thomas Taylor,M,12th,Bailey High School,71,84
20009,Thomas Davis,M,12th,Bailey High School,80,88
20010,Ashley Barry,F,9th,Bailey High School,66,95
20011,Elizabeth Wood,F,12th,Bailey High School,93,68
20012,Michael Coleman,M,12th,Bailey High School,66,95
20013,Angela Wilkins,F,9th,Bailey High School,98,93
20014,Zachary Ferrell,M,11th,Bailey High School,67,69
20015,Jessica Vasquez,F,10th,Bailey High School,94,63
20016,Todd Simmons,M,9th,Bailey High School,78,55
20017,Spencer Thomas,M,11th,Bailey High School,71,73
20018,Angel Martin,F,11th,Bailey High School,80,73
20019,Christina Flores,F,11th,Bailey High School,87,92
20020,David Luna,M,9th,Bailey High School,97,57
20021,Joann Kane,F,11th,Bailey High School,96,95
20022,Leonard Cox,M,9th,Bailey High School,89,97
20023,Anthony Clements,M,12th,Bailey High School,65,98
20024,Johnny Johnson,M,11th,Bailey High School,88,80
20025,Peter Tucker,M,9th,Bailey High School,99,98
20026,Brian Bailey Jr.,M,10th,Bailey High School,79,97
20027,Andrew Butler,M,10th,Bailey High School,72,63
20028,Larry Mcguire,M,11th,Bailey High School,74,85
20029,Karen Hanson,F,11th,Bailey High School,64,64
20030,Elizabeth Castillo,F,10th,Bailey High School,81,82
20031,Cynthia Nelson,F,9th,Bailey High School,96,85
20032,Peter Miller,M,9th,Bailey High School,87,93
20033,Devon Hart,M,10th,Bailey High School,88,61
20034,Jorge Montoya,M,11th,Bailey High School,67,55
20035,Erica Johnson,F,11th,Bailey High School,89,79
20036,Aaron Garcia,M,9th,Bailey High School,96,98
20037,Angela Dalton,F,10th,Bailey High School,70,94
20038,Patrick Whitney,M,9th,Bailey High School,83,65
20039,Ryan Moore,M,12th,Bailey High School,64,65
20040,Margaret Quinn,F,9th,Bailey High School,86,94
20041,Amber Moore,F,9th,Bailey High School,82,84
20042,Nicole Hensley,F,11th,Bailey High School,71,86
20043,Tammy Lopez,F,11th,Bailey High School,85,87
20044,Ashley Hayes,F,12th,Bailey High School,90,94
20045,Matthew Aguilar,M,9th,Bailey High School,87,72
20046,Denise Carter,F,9th,Bailey High School,82,66
20047,Dwayne Miller,M,10th,Bailey High School,92,61
20048,Jared Brown,M,9th,Bailey High School,81,96
20049,Amber Villanueva,F,9th,Bailey High School,75,81
20050,Lisa Carter,F,11th,Bailey High School,96,69
20051,Jacqueline Franco,F,11th,Bailey High School,73,92
20052,Amy Cohen,F,9th,Bailey High School,69,55
20053,Carlos Cox,M,10th,Bailey High School,94,59
20054,Glenda Cox,F,10th,Bailey High School,73,73
20055,Michael Lee,M,9th,Bailey High School,87,55
20056,Bryan Anderson,M,12th,Bailey High School,66,82
20057,Stephanie Arias,F,9th,Bailey High School,69,85
20058,Lauren Cameron,F,12th,Bailey High School,75,97
20059,Jeffrey Price,M,12th,Bailey High School,77,92
20060,Jenna Greer,F,9th,Bailey High School,68,95
20061,Cameron Cordova,M,9th,Bailey High School,71,99
20062,Christina Berry,F,10th,Bailey High School,76,97
20063,Roger Harris,M,12th,Bailey High School,76,95
20064,Samantha Lopez,F,12th,Bailey High School,75,98
20065,Daniel Harvey,M,11th,Bailey High School,96,96
20066,Jeffrey Wilson,M,11th,Bailey High School,99,89
20067,Tina Carter,F,11th,Bailey High School,82,60
20068,Michael Armstrong,M,11th,Bailey High School,74,55
20069,Pamela Manning,F,10th,Bailey High School,89,72
20070,Hayley Allen,F,10th,Bailey High School,97,77
20071,Craig Schultz,M,11th,Bailey High School,90,66
20072,Kerry Taylor,F,11th,Bailey High School,68,57
20073,Jeremy Payne,M,9th,Bailey High School,84,89
20074,Alexander Wright,M,10th,Bailey High School,87,66
20075,Rachel Day,F,12th,Bailey High School,89,67
20076,Nathan Arroyo,M,9th,Bailey High School,87,83
20077,Chris Hartman,M,11th,Bailey High School,94,65
20078,Tanner Rodriguez,M,11th,Bailey High School,82,72
20079,Jeffrey Hopkins,M,10th,Bailey High School,91,86
20080,Russell Banks,M,9th,Bailey High School,70,75
20081,Joshua Ramirez,M,9th,Bailey High School,88,82
20082,Ashley Kelly,F,11th,Bailey High School,71,86
20083,Jay Kirk,M,9th,Bailey High School,91,81
20084,Jacqueline Ray,F,12th,Bailey High School,92,82
20085,Lisa Anderson,F,12th,Bailey High School,94,79
20086,Kristi King,F,12th,Bailey High School,90,75
20087,Alicia Schwartz,F,9th,Bailey High School,82,87
20088,Nicole Taylor,F,10th,Bailey High School,95,76
20089,Amber Cox,F,11th,Bailey High School,90,69
20090,Jason Davis,M,10th,Bailey High School,87,90
20091,James Delgado,M,12th,Bailey High School,75,68
20092,Anna Camacho,F,9th,Bailey High School,67,60
20093,Anna Mendoza,F,11th,Bailey High School,92,71
20094,Jeffery Francis,M,11th,Bailey High School,63,75
20095,Bruce Moreno,M,10th,Bailey High School,83,78
20096,Amber Rhodes,F,11th,Bailey High School,76,74
20097,Nathan Day,M,10th,Bailey High School,64,72
20098,Brent Villa,M,12th,Bailey High School,72,81
20099,Steven Strickland,M,10th,Bailey High School,91,62
20100,Teresa Potter,F,11th,Bailey High School,80,85
20101,Carla Wilson,F,9th,Bailey High School,84,63
20102,Jessica Wright,F,9th,Bailey High School,88,92
20103,Nathaniel Phillips,M,10th,Bailey High School,74,91
20104,Pamela Jones,F,12th,Bailey High School,68,79
20105,William Black,M,9th,Bailey High School,83,96
20106,Ashley Terry,F,9th,Bailey High School,71,79
20107,Kimberly Berry,F,12th,Bailey High School,66,65
20108,Jeffery Powell,M,9th,Bailey High School,89,64
20109,Daniel Sanders,M,9th,Bailey High School,67,87
20110,Michael Garner,M,9th,Bailey High School,78,62
20111,Maria Williams,F,9th,Bailey High School,72,79
20112,Tracy Beck,F,11th,Bailey High School,72,59
20113,Dylan Johnson,M,10th,Bailey High School,92,98
20114,Nathan Cannon,M,11th,Bailey High School,64,63
20115,Brenda Ray,F,9th,Bailey High School,70,98
20116,Penny Murray,F,12th,Bailey High School,79,55
20117,Chelsea Lewis,F,9th,Bailey High School,79,64
20118,Crystal Hernandez,F,12th,Bailey High School,63,62
20119,Adam Keller,M,12th,Bailey High School,64,94
20120,Nicholas Ramos,M,9th,Bailey High School,92,65
20121,Tracy Lewis,M,10th,Bailey High School,85,69
20122,Alexander Perkins,M,12th,Bailey High School,90,96
20123,Michael Munoz,M,11th,Bailey High School,79,72
20124,Edward Schmidt,M,10th,Bailey High School,70,81
20125,Ryan Thompson,M,12th,Bailey High School,75,71
20126,Jennifer Washington,F,9th,Bailey High School,79,65
20127,Nicole Farmer,F,11th,Bailey High School,89,57
20128,Crystal Buchanan,F,10th,Bailey High School,80,62
20129,Audrey Wells,F,9th,Bailey High School,74,95
20130,Javier Barnett,M,10th,Bailey High School,85,58
20131,Audrey Martin,F,11th,Bailey High School,88,70
20132,Barbara Wood,F,9th,Bailey High School,85,55
20133,Denise Estrada,F,11th,Bailey High School,81,75
20134,Andrea Thompson,F,9th,Bailey High School,72,84
20135,Jason Cox,M,9th,Bailey High School,65,90
20136,Roger Tucker,M,12th,Bailey High School,71,84
20137,Mrs. Carla Humphrey,F,11th,Bailey High School,75,68
20138,Sarah Robinson,F,9th,Bailey High School,65,94
20139,Rebecca Jordan,F,12th,Bailey High School,99,94
20140,Diana Chase,F,11th,Bailey High School,92,76
20141,William Burch ,M,12th,Bailey High School,91,91
20142,Heidi Martin,F,9th,Bailey High School,71,74
20143,Janet Chan,F,9th,Bailey High School,96,70
20144,Jennifer Garcia,F,11th,Bailey High School,93,87
20145,Kara Diaz,F,11th,Bailey High School,88,80
20146,Jeffrey Robbins,M,9th,Bailey High School,94,69
20147,Theresa Nichols,F,9th,Bailey High School,83,63
20148,Matthew Ray,M,12th,Bailey High School,85,69
20149,Elizabeth Sanders,F,12th,Bailey High School,68,87
20150,Veronica Johnson,F,10th,Bailey High School,75,70
20151,Devon White,M,10th,Bailey High School,77,76
20152,Helen Moore,F,10th,Bailey High School,71,88
20153,James Lee,M,11th,Bailey High School,94,99
20154,Michelle Hester,F,11th,Bailey High School,91,60
20155,Amy Hansen,F,9th,Bailey High School,74,92
20156,Brent Hodges,M,11th,Bailey High School,86,87
20157,Melissa Bond,F,10th,Bailey High School,66,81
20158,Diana Shepard,F,11th,Bailey High School,84,64
20159,Jacqueline Garcia,F,11th,Bailey High School,90,72
20160,Joshua Brown,M,9th,Bailey High School,96,70
20161,Willie Turner,M,12th,Bailey High School,74,62
20162,Madison Powell,F,12th,Bailey High School,67,61
20163,Jessica Jackson,F,11th,Bailey High School,76,91
20164,Kent Sherman,M,9th,Bailey High School,72,91
20165,Stephen Dunlap,M,11th,Bailey High School,74,89
20166,Eddie Alvarez,M,9th,Bailey High School,74,60
20167,Joshua Vaughn,M,10th,Bailey High School,76,76
20168,Yvonne Robinson PhD,F,9th,Bailey High School,85,74
20169,Jennifer Ramos,F,9th,Bailey High School,91,68
20170,Melissa Lutz,F,12th,Bailey High School,84,58
20171,Tracy Morrison,M,9th,Bailey High School,66,66
20172,Crystal Johnson,F,9th,Bailey High School,73,75
20173,April Trujillo,F,9th,Bailey High School,64,74
20174,Tyler Lawrence,M,10th,Bailey High School,70,74
20175,Melissa Johnson,F,10th,Bailey High School,99,85
20176,Lisa Sanchez,F,9th,Bailey High School,74,67
20177,Alexander Dickerson,M,11th,Bailey High School,74,66
20178,Chris Green,M,12th,Bailey High School,69,74
20179,Diana Lane,F,12th,Bailey High School,63,69
20180,Jon Valdez,M,11th,Bailey High School,75,96
20181,Aaron Cruz,M,10th,Bailey High School,70,95
20182,Melissa Davis,F,10th,Bailey High School,71,95
20183,Deborah Nelson,F,9th,Bailey High School,76,84
20184,David Hutchinson,M,11th,Bailey High School,84,80
20185,Kaitlin Price,F,12th,Bailey High School,88,81
20186,Andre Simpson,M,10th,Bailey High School,87,78
20187,Victoria Stout,F,11th,Bailey High School,74,74
20188,Kevin Goodwin,M,9th,Bailey High School,79,85
20189,Aaron Quinn,M,10th,Bailey High School,63,80
20190,Christine Miller,F,12th,Bailey High School,97,83
20191,Abigail Perez,F,9th,Bailey High School,99,82
20192,Brian Smith,M,11th,Bailey High School,89,59
20193,Alicia Wright,F,11th,Bailey High School,84,55
20194,Annette Washington,F,11th,Bailey High School,76,82
20195,Brian Howe,M,12th,Bailey High School,80,61
20196,Donna Rose,F,9th,Bailey High School,98,63
20197,Andrew Winters,M,9th,Bailey High School,89,86
20198,Christine Anderson,F,12th,Bailey High School,83,86
20199,Zachary Daniel,M,10th,Bailey High School,74,76
20200,Jessica Hart,F,9th,Bailey High School,74,97
20201,Chris Mcmillan,M,10th,Bailey High School,77,75
20202,Daniel Pitts,M,10th,Bailey High School,74,71
20203,Erin Hickman,F,10th,Bailey High School,64,73
20204,Donald Malone,M,10th,Bailey High School,94,90
20205,Eric Spencer,M,10th,Bailey High School,82,85
20206,Patricia Russell,F,11th,Bailey High School,75,73
20207,Lauren Kline,F,9th,Bailey High School,83,92
20208,Gregory Allison,M,9th,Bailey High School,98,74
20209,Laura Henry,F,11th,Bailey High School,71,95
20210,Samantha Moody,F,12th,Bailey High School,70,56
20211,Sarah Kim,F,10th,Bailey High School,72,70
20212,Jose Parker,M,10th,Bailey High School,72,57
20213,Michael Smith,M,12th,Bailey High School,98,72
20214,Jerry Potter,M,11th,Bailey High School,65,67
20215,Evan Lucas,M,12th,Bailey High School,73,82
20216,Thomas Johnson,M,9th,Bailey High School,96,90
20217,Angela Small,F,11th,Bailey High School,93,78
20218,Alexandra Wilson,F,12th,Bailey High School,64,55
20219,Mathew Wiley,M,12th,Bailey High School,94,66
20220,Vanessa Stevenson,F,9th,Bailey High School,70,72
20221,Kathleen Beltran,F,9th,Bailey High School,93,89
20222,Melissa Gonzalez,F,10th,Bailey High School,75,57
20223,Martha Mcdonald ,F,9th,Bailey High School,85,75
20224,Kevin Johnson,M,9th,Bailey High School,75,90
20225,Mary Schwartz,F,9th,Bailey High School,80,87
20226,Anthony Meadows,M,9th,Bailey High School,75,88
20227,Kari Gomez,F,12th,Bailey High School,83,95
20228,Michael Miller,M,10th,Bailey High School,88,90
20229,William Davis,M,10th,Bailey High School,98,74
20230,Melissa Davis,F,11th,Bailey High School,75,65
20231,Jose Schroeder,M,12th,Bailey High School,69,73
20232,Ernest Powell,M,9th,Bailey High School,98,78
20233,Jorge Kennedy,M,11th,Bailey High School,92,81
20234,Misty Simmons,F,10th,Bailey High School,71,89
20235,Bianca Park,F,11th,Bailey High School,89,61
20236,Taylor Green ,F,10th,Bailey High School,70,72
20237,Kevin Harris,M,10th,Bailey High School,90,64
20238,Sophia Massey,F,11th,Bailey High School,87,71
20239,David Ferguson,M,9th,Bailey High School,88,76
20240,Brenda Morse,F,10th,Bailey High School,90,76
20241,Jason Hernandez,M,11th,Bailey High School,79,97
20242,Charles Lang,M,11th,Bailey High School,84,91
20243,Mariah Holt,F,9th,Bailey High School,98,69
20244,Brent Hall,M,11th,Bailey High School,90,58
20245,Russell Peters,M,11th,Bailey High School,78,82
20246,Nancy Martin,F,9th,Bailey High School,78,64
20247,Stacey Thompson,F,9th,Bailey High School,88,75
20248,Andrew Ryan,M,9th,Bailey High School,81,78
20249,Scott Anderson,M,10th,Bailey High School,73,80
20250,Allen Zamora,M,11th,Bailey High School,74,81
20251,Lauren Miller,F,12th,Bailey High School,94,55
20252,Mallory Chen,F,9th,Bailey High School,79,87
20253,Christopher Simmons PhD,M,10th,Bailey High School,74,90
20254,Erika Burch,F,9th,Bailey High School,69,87
20255,Chad Bullock,M,11th,Bailey High School,93,76
20256,Robert Morrow,M,9th,Bailey High School,69,78
20257,Steven Henderson,M,11th,Bailey High School,66,94
20258,Jimmy Stevens,M,12th,Bailey High School,83,77
20259,Austin Chavez,M,9th,Bailey High School,84,77
20260,Thomas Wiggins,M,11th,Bailey High School,77,55
20261,Ruth Walker,F,11th,Bailey High School,76,62
20262,Christopher Smith,M,10th,Bailey High School,89,76
20263,Justin Wilson,M,9th,Bailey High School,74,96
20264,Lisa Murray,F,9th,Bailey High School,78,89
20265,Jeremy Watts,M,9th,Bailey High School,97,86
20266,Carol Diaz,F,11th,Bailey High School,84,60
20267,Justin Chen,M,9th,Bailey High School,69,81
20268,Jeffrey Shannon,M,11th,Bailey High School,75,96
20269,David Martinez,M,10th,Bailey High School,90,71
20270,Kaitlyn Hansen,F,11th,Bailey High School,95,78
20271,Crystal Peters,F,10th,Bailey High School,79,84
20272,Julie Hernandez,F,10th,Bailey High School,70,59
20273,Renee Buckley,F,9th,Bailey High School,91,96
20274,Matthew Nelson,M,12th,Bailey High School,97,90
20275,Shannon Price,M,9th,Bailey High School,89,70
20276,Douglas Wilson,M,10th,Bailey High School,76,56
20277,John Johnson,M,12th,Bailey High School,76,84
20278,Matthew Martin,M,12th,Bailey High School,89,80
20279,Sarah Velazquez,F,12th,Bailey High School,79,86
20280,Lisa Mccall,F,11th,Bailey High School,87,80
20281,Ronald Gibbs,M,10th,Bailey High School,69,64
20282,Louis Cannon,M,10th,Bailey High School,66,99
20283,Valerie Curtis,F,12th,Bailey High School,79,70
20284,Rebekah Pearson,F,12th,Bailey High School,97,69
20285,Tiffany Livingston,F,10th,Bailey High School,83,57
20286,Barbara Whitehead,F,9th,Bailey High School,83,58
20287,Gary Phillips,M,12th,Bailey High School,65,96
20288,Jacob Kelley,M,11th,Bailey High School,84,73
20289,Jackie Kirk,F,9th,Bailey High School,98,66
20290,Joshua Alexander,M,10th,Bailey High School,63,76
20291,Jerome Russell,M,12th,Bailey High School,87,62
20292,Angela Cain,F,11th,Bailey High School,76,65
20293,Rebecca Johnson,F,10th,Bailey High School,77,63
20294,Anne Schmidt,F,10th,Bailey High School,78,91
20295,Rhonda Peterson ,F,11th,Bailey High School,98,70
20296,Angel Mayer,M,9th,Bailey High School,83,78
20297,Stephanie Weber,F,11th,Bailey High School,77,85
20298,Deborah Anderson,F,9th,Bailey High School,98,94
20299,Makayla Harris,F,10th,Bailey High School,77,99
20300,Jacqueline West ,F,9th,Bailey High School,94,92
20301,James Levy,M,10th,Bailey High School,83,63
20302,Anna Marshall,F,11th,Bailey High School,63,72
20303,Patrick Turner,M,11th,Bailey High School,93,59
20304,Tami Chambers,F,11th,Bailey High School,70,98
20305,Brandon Moore,M,11th,Bailey High School,84,59
20306,David Sloan,M,11th,Bailey High School,63,78
20307,Anita Zuniga,F,9th,Bailey High School,87,67
20308,Leonard Gonzales,M,11th,Bailey High School,75,68
20309,Anne Lee ,F,11th,Bailey High School,84,83
20310,David Chapman,M,9th,Bailey High School,66,97
20311,Christopher Khan,M,10th,Bailey High School,79,87
20312,Kimberly Mills,F,10th,Bailey High School,97,80
20313,Chad Edwards,M,12th,Bailey High School,67,64
20314,Virginia Anderson,F,11th,Bailey High School,84,57
20315,Beverly Bauer,F,9th,Bailey High School,72,77
20316,Ruben Shea,M,11th,Bailey High School,95,98
20317,Jessica Nguyen,F,9th,Bailey High School,83,91
20318,Melinda Bond,F,12th,Bailey High School,72,96
20319,Spencer Evans,M,11th,Bailey High School,79,91
20320,Isaac Koch,M,10th,Bailey High School,77,90
20321,Brent Carter,M,12th,Bailey High School,98,74
20322,Erica Miller,F,12th,Bailey High School,85,65
20323,Kristen Powell,F,12th,Bailey High School,79,96
20324,Jackie Ortiz,F,10th,Bailey High School,75,67
20325,Michael Reed,M,11th,Bailey High School,91,65
20326,Amy Shah,F,11th,Bailey High School,84,63
20327,Melissa Lewis,F,9th,Bailey High School,73,55
20328,Todd Guzman,M,10th,Bailey High School,88,62
20329,Daniel Evans,M,12th,Bailey High School,74,67
20330,Amanda Schaefer,F,9th,Bailey High School,90,66
20331,Steven Watson,M,11th,Bailey High School,63,78
20332,Gregory Foster,M,12th,Bailey High School,70,66
20333,Brandy Lynch,F,11th,Bailey High School,86,85
20334,Steven Webb,M,10th,Bailey High School,71,65
20335,Jacqueline Snow ,F,9th,Bailey High School,81,57
20336,Jason Payne,M,12th,Bailey High School,76,61
20337,Hannah Parker,F,10th,Bailey High School,78,98
20338,Karen Petty,F,11th,Bailey High School,97,60
20339,Karen Shaw,F,10th,Bailey High School,78,94
20340,Arthur Young,M,10th,Bailey High School,66,72
20341,Marcus Rush,M,9th,Bailey High School,95,76
20342,Angela Stewart,F,9th,Bailey High School,66,88
20343,Jorge Ho,M,9th,Bailey High School,74,81
20344,Nancy Park,F,10th,Bailey High School,64,81
20345,Jennifer Shea,F,9th,Bailey High School,97,57
20346,Daniel Nelson,M,10th,Bailey High School,99,68
20347,Sheryl Miller,F,10th,Bailey High School,93,99
20348,Erica Davis,F,10th,Bailey High School,80,61
20349,Christopher Cantu,M,9th,Bailey High School,64,94
20350,Cynthia Dyer,F,11th,Bailey High School,69,55
20351,Jonathan Hale,M,9th,Bailey High School,90,76
20352,Diana Russell,F,10th,Bailey High School,69,75
20353,Erin Bowers,F,9th,Bailey High School,94,81
20354,Brian Mccoy,M,10th,Bailey High School,98,70
20355,Anthony Hernandez,M,9th,Bailey High School,85,69
20356,Brendan Mendez,M,11th,Bailey High School,97,58
20357,Brittany Adams,F,11th,Bailey High School,80,75
20358,Kyle David,M,10th,Bailey High School,74,79
20359,Ethan Sampson,M,12th,Bailey High School,76,68
20360,Eduardo Santiago,M,9th,Bailey High School,95,95
20361,Dana Haynes,F,9th,Bailey High School,83,61
20362,Clayton Williams ,M,9th,Bailey High School,80,72
20363,Robert Robles,M,11th,Bailey High School,75,80
20364,Natalie Whitaker,F,9th,Bailey High School,64,73
20365,Noah Boone,M,11th,Bailey High School,92,86
20366,Andrew Williams,M,11th,Bailey High School,69,75
20367,Jonathan Gay,M,11th,Bailey High School,70,94
20368,Kerry Fitzgerald,M,10th,Bailey High School,92,58
20369,Stephanie Jones,F,11th,Bailey High School,65,74
20370,Ronald Sosa,M,11th,Bailey High School,78,79
20371,Frances White,F,9th,Bailey High School,93,55
20372,Meghan Adams,F,9th,Bailey High School,84,84
20373,Amy Fisher,F,11th,Bailey High School,77,66
20374,Jordan Garner,M,11th,Bailey High School,94,62
20375,Timothy Walker,M,10th,Bailey High School,66,91
20376,Stephen Fitzgerald,M,9th,Bailey High School,96,59
20377,Linda Fisher,F,10th,Bailey High School,69,83
20378,Natasha Blair,F,12th,Bailey High School,65,77
20379,Richard Johnson,M,10th,Bailey High School,84,73
20380,Aaron Cook,M,10th,Bailey High School,93,67
20381,Jessica Norton,F,12th,Bailey High School,75,56
20382,Amy Sanchez,F,10th,Bailey High School,97,72
20383,Laura Scott,F,10th,Bailey High School,93,78
20384,Timothy Walters,M,12th,Bailey High School,66,83
20385,Ethan Stephens,M,10th,Bailey High School,92,63
20386,Amanda Aguilar,F,12th,Bailey High School,97,74
20387,Diane Fisher,F,10th,Bailey High School,98,55
20388,Denise Huang,F,10th,Bailey High School,65,80
20389,Rebecca Black,F,10th,Bailey High School,91,69
20390,Kimberly Webb,F,12th,Bailey High School,92,63
20391,Amy Baird,F,9th,Bailey High School,99,74
20392,Carol Stuart,F,11th,Bailey High School,90,62
20393,Kendra Shannon,F,10th,Bailey High School,68,71
20394,Megan Davis,F,11th,Bailey High School,64,55
20395,Robert Payne,M,10th,Bailey High School,79,74
20396,Robert Bentley,M,12th,Bailey High School,95,71
20397,Lisa Coleman,F,11th,Bailey High School,71,84
20398,Brandon Sanchez,M,10th,Bailey High School,79,73
20399,Jeremiah Morris IV,M,11th,Bailey High School,64,56
20400,Antonio Osborne,M,11th,Bailey High School,91,65
20401,David Ramos,M,12th,Bailey High School,96,63
20402,Molly Brown,F,9th,Bailey High School,98,80
20403,Amanda Sloan,F,9th,Bailey High School,92,58
20404,Tammy Coleman,F,10th,Bailey High School,71,77
20405,Eric Williams,M,9th,Bailey High School,81,96
20406,Maria Avila,F,10th,Bailey High School,96,76
20407,Emma Vasquez,F,9th,Bailey High School,74,76
20408,Lori Barry,F,10th,Bailey High School,91,95
20409,Brandon Miller,M,10th,Bailey High School,84,72
20410,Sherry Mueller,F,11th,Bailey High School,63,76
20411,Scott Watts,M,10th,Bailey High School,92,97
20412,Casey Mccarty,M,10th,Bailey High School,79,67
20413,Dennis Butler,M,10th,Bailey High School,91,82
20414,Tara Snyder,F,12th,Bailey High School,92,79
20415,Toni Roberts,F,10th,Bailey High School,87,74
20416,Sandra Hanna,F,10th,Bailey High School,63,88
20417,Brooke Pierce,F,12th,Bailey High School,78,85
20418,Andre Harrison,M,12th,Bailey High School,81,91
20419,Melissa Cox,F,11th,Bailey High School,80,99
20420,Harold Dodson,M,10th,Bailey High School,95,70
20421,Frank Parker,M,12th,Bailey High School,70,74
20422,Sherry Gomez,F,9th,Bailey High School,83,76
20423,Aaron Carter,M,9th,Bailey High School,78,85
20424,Alan Scott,M,9th,Bailey High School,91,63
20425,Jennifer Cannon,F,9th,Bailey High School,96,80
20426,Anthony Randolph,M,12th,Bailey High School,96,58
20427,Sarah Pittman,F,11th,Bailey High School,77,90
20428,Samuel Avila,M,10th,Bailey High School,69,77
20429,Jaclyn Brown,F,11th,Bailey High School,92,98
20430,Ian Hart,M,11th,Bailey High School,75,96
20431,John Harris,M,10th,Bailey High School,69,90
20432,Kristy Salinas,F,11th,Bailey High School,87,84
20433,Lindsay Nicholson,F,9th,Bailey High School,80,92
20434,Lisa Martinez,F,10th,Bailey High School,72,63
20435,Cindy Owens,F,11th,Bailey High School,90,81
20436,Joshua Copeland,M,12th,Bailey High School,84,58
20437,Stephanie Jones,F,9th,Bailey High School,76,91
20438,Stacy Brown,F,11th,Bailey High School,82,82
20439,Jeff Smith,M,11th,Bailey High School,83,63
20440,Kevin Thompson,M,10th,Bailey High School,64,86
20441,Audrey Nguyen,F,10th,Bailey High School,79,98
20442,Michelle Callahan,F,10th,Bailey High School,90,88
20443,Justin Owen,M,11th,Bailey High School,77,94
20444,Jose Smith,M,9th,Bailey High School,88,88
20445,Katherine Bonilla,F,10th,Bailey High School,90,80
20446,Kimberly Moore,F,9th,Bailey High School,91,84
20447,Rebecca Lopez,F,11th,Bailey High School,92,82
20448,Melissa Ford,F,11th,Bailey High School,69,65
20449,Ashley Lewis,F,11th,Bailey High School,83,80
20450,Mark Jackson,M,11th,Bailey High School,95,93
20451,Cynthia Compton,F,12th,Bailey High School,81,62
20452,Stephanie Williams,F,11th,Bailey High School,66,88
20453,Melissa Schultz,F,9th,Bailey High School,69,69
20454,Lance Dennis,M,11th,Bailey High School,68,74
20455,Patrick Garcia,M,12th,Bailey High School,75,58
20456,Beth Hernandez,F,12th,Bailey High School,78,91
20457,Marcus Davis,M,11th,Bailey High School,66,72
20458,Steven Calhoun,M,9th,Bailey High School,66,74
20459,Miranda Ramirez,F,12th,Bailey High School,84,58
20460,John Ball,M,9th,Bailey High School,71,58
20461,Johnny Moore,M,10th,Bailey High School,69,68
20462,Christopher Bradley,M,12th,Bailey High School,71,55
20463,Glen Mccormick,M,10th,Bailey High School,70,72
20464,Zachary Williams,M,9th,Bailey High School,97,55
20465,Stacey Rodriguez,F,11th,Bailey High School,93,66
20466,Lisa Brown,F,12th,Bailey High School,67,90
20467,Kimberly Jackson,F,9th,Bailey High School,88,96
20468,Vanessa Young,F,11th,Bailey High School,80,69
20469,Jermaine Green,M,11th,Bailey High School,82,72
20470,Patricia Sellers,F,11th,Bailey High School,92,59
20471,Nancy Ball,F,12th,Bailey High School,75,62
20472,George Martin,M,10th,Bailey High School,63,88
20473,Monica Wilson,F,12th,Bailey High School,89,82
20474,Kristen Williamson,F,9th,Bailey High School,98,86
20475,Thomas Anderson,M,10th,Bailey High School,71,65
20476,David Morales Jr.,M,12th,Bailey High School,89,73
20477,Samantha Hoffman,F,9th,Bailey High School,92,90
20478,Scott Carpenter,M,10th,Bailey High School,74,59
20479,Kayla Ross,F,10th,Bailey High School,73,85
20480,Gina Turner,F,11th,Bailey High School,75,60
20481,Michael Payne,M,12th,Bailey High School,65,71
20482,James Hancock,M,11th,Bailey High School,72,81
20483,David Hanson,M,11th,Bailey High School,69,92
20484,Thomas Hall,M,12th,Bailey High School,92,85
20485,Barbara Johnson ,F,12th,Bailey High School,84,85
20486,Jacqueline Thomas,F,10th,Bailey High School,84,75
20487,Danielle Gonzalez,F,9th,Bailey High School,92,80
20488,Brian Collins,M,11th,Bailey High School,68,82
20489,Megan Gutierrez ,F,12th,Bailey High School,66,96
20490,Connie Sanchez,F,12th,Bailey High School,90,76
20491,Randy Horn,M,11th,Bailey High School,94,74
20492,Lori Nunez,F,10th,Bailey High School,76,91
20493,Shannon Wright,F,12th,Bailey High School,92,72
20494,Charles Ingram,M,9th,Bailey High School,83,99
20495,Michael Williams,M,10th,Bailey High School,78,75
20496,Timothy Graves,M,9th,Bailey High School,74,62
20497,Paige Rios,F,10th,Bailey High School,79,63
20498,Melissa Anderson,F,12th,Bailey High School,92,66
20499,Anthony Brown,M,11th,Bailey High School,98,58
20500,Jennifer Anderson,F,10th,Bailey High School,70,97
20501,Anna Rodriguez,F,9th,Bailey High School,85,72
20502,Robert Mann,M,12th,Bailey High School,86,65
20503,Amanda Kane,F,9th,Bailey High School,87,83
20504,Joseph Jones,M,9th,Bailey High School,68,61
20505,Richard Thomas,M,10th,Bailey High School,72,64
20506,Thomas Fritz,M,10th,Bailey High School,88,79
20507,Margaret Massey,F,10th,Bailey High School,84,86
20508,Matthew Christensen,M,12th,Bailey High School,63,97
20509,Sylvia Hawkins,F,10th,Bailey High School,85,85
20510,Calvin Jenkins,M,10th,Bailey High School,89,92
20511,David Bauer,M,11th,Bailey High School,73,61
20512,Debra Jackson,F,9th,Bailey High School,98,89
20513,Jacqueline Martin,F,11th,Bailey High School,86,89
20514,Erik Dunlap,M,9th,Bailey High School,98,93
20515,Jennifer Shepard,F,11th,Bailey High School,91,83
20516,Theodore Patel,M,12th,Bailey High School,85,92
20517,Meghan Harper,F,9th,Bailey High School,92,79
20518,Keith Reed,M,10th,Bailey High School,83,99
20519,Daniel Vaughn,M,10th,Bailey High School,77,57
20520,Jennifer Pineda,F,9th,Bailey High School,85,55
20521,William Hines,M,12th,Bailey High School,94,71
20522,Jason Smith,M,12th,Bailey High School,85,77
20523,Stephanie White,F,11th,Bailey High School,97,79
20524,Zachary Gibson,M,12th,Bailey High School,96,72
20525,Justin Silva,M,12th,Bailey High School,83,88
20526,Robin Odom,F,12th,Bailey High School,67,80
20527,Anna Koch,F,12th,Bailey High School,85,75
20528,Jeffrey Taylor,M,11th,Bailey High School,80,69
20529,John White,M,9th,Bailey High School,94,61
20530,Karen Fischer,F,9th,Bailey High School,86,80
20531,Kelly Roberts,F,11th,Bailey High School,92,72
20532,Todd Davis,M,9th,Bailey High School,93,75
20533,Susan Schwartz,F,11th,Bailey High School,98,91
20534,Larry Chandler Jr.,M,9th,Bailey High School,89,61
20535,Robert Rosales,M,12th,Bailey High School,70,84
20536,Andrew Murray,M,11th,Bailey High School,76,78
20537,Erica Mitchell,F,11th,Bailey High School,76,70
20538,Veronica Potter,F,9th,Bailey High School,85,62
20539,Haley Campbell,F,12th,Bailey High School,75,69
20540,Michael Jenkins,M,10th,Bailey High School,86,80
20541,Ronald Matthews PhD,M,12th,Bailey High School,75,66
20542,Nicole Knight,F,10th,Bailey High School,96,63
20543,Danielle Hale,F,12th,Bailey High School,75,92
20544,Robert Velez,M,9th,Bailey High School,74,97
20545,Robert Foster,M,12th,Bailey High School,85,97
20546,Christina Tapia,F,10th,Bailey High School,68,78
20547,Megan Sims,F,12th,Bailey High School,97,80
20548,Jonathan Bauer,M,10th,Bailey High School,89,69
20549,Jeffrey Webster,M,12th,Bailey High School,87,73
20550,Nicholas Ford,M,11th,Bailey High School,99,58
20551,Michael Conley,M,10th,Bailey High School,69,87
20552,Joshua Reyes,M,10th,Bailey High School,87,58
20553,Ashley Weiss,F,9th,Bailey High School,65,63
20554,Richard Brown,M,12th,Bailey High School,68,64
20555,Erika Johnson,F,9th,Bailey High School,98,85
20556,Jesus Gordon,M,9th,Bailey High School,92,82
20557,Michaela Smith,F,10th,Bailey High School,87,58
20558,Terry Davis,M,12th,Bailey High School,64,87
20559,Kathy Jackson,F,9th,Bailey High School,92,61
20560,Christian Jones,M,11th,Bailey High School,76,77
20561,Laura Rhodes,F,12th,Bailey High School,64,93
20562,Kari Jackson,F,11th,Bailey High School,82,96
20563,Joseph Hansen,M,10th,Bailey High School,98,76
20564,Ashley Williams,F,9th,Bailey High School,89,91
20565,Randy Moreno,M,10th,Bailey High School,93,55
20566,Kevin Larson,M,12th,Bailey High School,94,82
20567,Daniel Gordon,M,11th,Bailey High School,63,62
20568,Michael Davis,M,12th,Bailey High School,70,69
20569,Juan Lopez,M,9th,Bailey High School,89,67
20570,Kaitlyn Nicholson,F,11th,Bailey High School,84,66
20571,Anna Haynes,F,9th,Bailey High School,77,69
20572,Stacy James,F,12th,Bailey High School,95,68
20573,Don Murray,M,9th,Bailey High School,95,99
20574,Bradley White,M,10th,Bailey High School,70,93
20575,John Garza,M,9th,Bailey High School,82,98
20576,Joseph Morris,M,11th,Bailey High School,91,66
20577,Joseph Martinez,M,11th,Bailey High School,69,68
20578,Steven White,M,9th,Bailey High School,69,99
20579,Charles Shannon,M,10th,Bailey High School,84,94
20580,David Salazar,M,9th,Bailey High School,90,98
20581,Joel Baker,M,10th,Bailey High School,71,64
20582,Daniel Wright,M,9th,Bailey High School,80,90
20583,Dwayne Davis,M,10th,Bailey High School,76,74
20584,James Clark II,M,10th,Bailey High School,72,73
20585,Rebecca Molina,F,9th,Bailey High School,77,60
20586,Amanda Alexander,F,10th,Bailey High School,95,66
20587,Betty Erickson,F,9th,Bailey High School,83,75
20588,Jill Calhoun,F,12th,Bailey High School,85,91
20589,Cameron Roman Jr.,M,9th,Bailey High School,93,95
20590,Joel Garcia,M,10th,Bailey High School,72,95
20591,Kelly Pierce,F,9th,Bailey High School,82,68
20592,David Howard,M,10th,Bailey High School,97,68
20593,Michael Edwards,M,10th,Bailey High School,82,96
20594,Madison Hoffman,F,10th,Bailey High School,80,60
20595,Sergio Mcfarland,M,9th,Bailey High School,77,82
20596,Katrina Small,F,11th,Bailey High School,64,91
20597,Michelle Michael,F,12th,Bailey High School,93,69
20598,Brian Wright,M,12th,Bailey High School,73,78
20599,Jeffrey Chavez,M,9th,Bailey High School,84,60
20600,Christopher Robinson,M,12th,Bailey High School,73,87
20601,Audrey Clark,F,10th,Bailey High School,90,72
20602,Jacob Howard,M,10th,Bailey High School,94,91
20603,Derek Anderson,M,12th,Bailey High School,83,65
20604,Amanda Galvan,F,9th,Bailey High School,83,56
20605,Amanda Logan,F,11th,Bailey High School,73,78
20606,Michael Levine,M,11th,Bailey High School,99,81
20607,Ronald Poole,M,9th,Bailey High School,63,97
20608,John Wallace,M,9th,Bailey High School,94,58
20609,Hannah Baker,F,11th,Bailey High School,85,96
20610,Linda Wolfe,F,10th,Bailey High School,64,57
20611,Lee Jones,M,10th,Bailey High School,63,56
20612,Terri Valdez,F,12th,Bailey High School,68,88
20613,Melanie Paul,F,12th,Bailey High School,67,74
20614,Sarah Allen,F,10th,Bailey High School,79,89
20615,Gina Aguilar,F,9th,Bailey High School,66,56
20616,Melissa Sullivan,F,9th,Bailey High School,81,73
20617,Brian Mack,M,12th,Bailey High School,74,67
20618,Roberta Sanders,F,11th,Bailey High School,78,62
20619,Jeffery Todd,M,9th,Bailey High School,74,82
20620,Amy Flores,F,11th,Bailey High School,64,93
20621,Kristin Greene,F,11th,Bailey High School,71,70
20622,Cheryl Brown,F,11th,Bailey High School,72,65
20623,Debra Green,F,10th,Bailey High School,82,57
20624,Tamara Potts,F,12th,Bailey High School,76,99
20625,Jacqueline Vargas,F,12th,Bailey High School,79,97
20626,Jeremy Mcguire,M,11th,Bailey High School,94,67
20627,Daniel Burton,M,9th,Bailey High School,63,97
20628,Tyler Lambert,M,11th,Bailey High School,70,89
20629,Steven Chapman,M,10th,Bailey High School,64,74
20630,Katelyn Walker,F,11th,Bailey High School,79,99
20631,David Harper,M,12th,Bailey High School,83,68
20632,Julie Allison,F,9th,Bailey High School,64,64
20633,Jessica Chapman,F,10th,Bailey High School,75,88
20634,Carolyn Cook,F,9th,Bailey High School,94,94
20635,Madison Li,F,12th,Bailey High School,96,84
20636,Kelli House,F,10th,Bailey High School,85,61
20637,Rebecca Brennan,F,10th,Bailey High School,68,79
20638,Phillip Adams,M,10th,Bailey High School,63,67
20639,Mike Allen,M,9th,Bailey High School,95,56
20640,Angela Costa,F,9th,Bailey High School,74,97
20641,Anna Eaton,F,10th,Bailey High School,77,64
20642,Sandra Martin,F,12th,Bailey High School,95,62
20643,Sarah Howell,F,10th,Bailey High School,92,93
20644,Paul Silva,M,12th,Bailey High School,93,96
20645,Brianna Mosley,F,10th,Bailey High School,95,55
20646,Karina Calderon,F,9th,Bailey High School,93,72
20647,Becky Hall,F,11th,Bailey High School,67,90
20648,Monique Sharp,F,11th,Bailey High School,66,63
20649,Felicia Campbell,F,9th,Bailey High School,75,81
20650,Brittany Cunningham,F,11th,Bailey High School,77,98
20651,Lori Mitchell,F,11th,Bailey High School,70,68
20652,Daniel Hernandez,M,12th,Bailey High School,95,59
20653,Benjamin Richardson,M,10th,Bailey High School,84,71
20654,Kelli Williams,F,10th,Bailey High School,97,91
20655,Angela Henderson,F,12th,Bailey High School,77,62
20656,Elizabeth Dixon,F,9th,Bailey High School,84,75
20657,Nancy Wheeler,F,9th,Bailey High School,98,91
20658,John Joseph,M,10th,Bailey High School,65,91
20659,Darlene Rich,F,10th,Bailey High School,85,56
20660,Stuart Reed,M,10th,Bailey High School,89,96
20661,Michael Watson,M,9th,Bailey High School,92,74
20662,Jennifer Levine,F,9th,Bailey High School,96,93
20663,Jared Sanders,M,11th,Bailey High School,84,89
20664,Tammy Oconnor,F,10th,Bailey High School,76,76
20665,Larry Hurst,M,12th,Bailey High School,97,74
20666,Lisa Garcia,F,12th,Bailey High School,75,96
20667,Philip Arnold,M,9th,Bailey High School,72,74
20668,Chad Garcia,M,11th,Bailey High School,79,89
20669,Sandra Jones,F,12th,Bailey High School,70,63
20670,Jared Strong,M,10th,Bailey High School,70,92
20671,Elizabeth Austin,F,11th,Bailey High School,74,56
20672,Crystal Gonzales,F,9th,Bailey High School,70,73
20673,Scott Chan,M,11th,Bailey High School,72,70
20674,Jennifer Jones,F,12th,Bailey High School,70,84
20675,Christopher Baker,M,10th,Bailey High School,97,83
20676,Stephanie Smith,F,11th,Bailey High School,78,73
20677,Tara Kim,F,11th,Bailey High School,77,67
20678,Ian Smith,M,9th,Bailey High School,96,64
20679,Rhonda Arias,F,11th,Bailey High School,91,63
20680,Kimberly Padilla,F,11th,Bailey High School,64,72
20681,Matthew Baker,M,12th,Bailey High School,82,59
20682,April Williams,F,11th,Bailey High School,76,80
20683,Paul Mckay,M,10th,Bailey High School,71,55
20684,Lawrence Johnson,M,9th,Bailey High School,69,68
20685,Scott Martinez,M,10th,Bailey High School,97,70
20686,Timothy Taylor,M,10th,Bailey High School,88,63
20687,Pamela Grant,F,11th,Bailey High School,84,89
20688,Peter Jones,M,9th,Bailey High School,86,96
20689,Melissa Huff,F,11th,Bailey High School,83,97
20690,Jessica Steele,F,11th,Bailey High School,83,90
20691,Christopher Ramirez,M,9th,Bailey High School,96,93
20692,Jose Thornton,M,12th,Bailey High School,76,57
20693,Tonya Cortez,F,12th,Bailey High School,63,59
20694,Nicolas Johnson,M,9th,Bailey High School,63,73
20695,Stephanie Rhodes,F,9th,Bailey High School,78,59
20696,Amy Smith,F,10th,Bailey High School,68,80
20697,Sarah Miller,F,9th,Bailey High School,75,95
20698,Jennifer Strickland,F,11th,Bailey High School,91,94
20699,Denise Vazquez,F,11th,Bailey High School,94,94
20700,Stefanie Lopez,F,11th,Bailey High School,91,56
20701,Michael Gonzalez,M,12th,Bailey High School,71,84
20702,Hannah Scott,F,10th,Bailey High School,76,98
20703,Jeffrey White,M,11th,Bailey High School,74,77
20704,Scott Cortez,M,9th,Bailey High School,92,97
20705,Christopher Carroll,M,9th,Bailey High School,63,88
20706,William Rodriguez,M,9th,Bailey High School,74,76
20707,Jacob Anderson,M,10th,Bailey High School,83,77
20708,Wyatt Harris,M,9th,Bailey High School,74,68
20709,Jacob Carlson,M,9th,Bailey High School,97,69
20710,Jason Perry,M,9th,Bailey High School,77,75
20711,Victoria Hayes,F,11th,Bailey High School,66,87
20712,Justin Cunningham,M,11th,Bailey High School,99,93
20713,Bobby Bullock,M,12th,Bailey High School,80,59
20714,William Reid,M,12th,Bailey High School,69,88
20715,Brianna Mendoza,F,10th,Bailey High School,89,81
20716,Joshua Fox,M,9th,Bailey High School,85,61
20717,Julie Gamble,F,11th,Bailey High School,76,55
20718,James Perkins,M,9th,Bailey High School,77,73
20719,Katherine Benjamin,F,10th,Bailey High School,75,78
20720,Luke Dunlap,M,12th,Bailey High School,78,63
20721,Christine Sanford,F,9th,Bailey High School,89,99
20722,William Castillo,M,11th,Bailey High School,93,62
20723,Robert Shelton,M,12th,Bailey High School,64,82
20724,David Rodriguez,M,12th,Bailey High School,92,81
20725,Robert Lane,M,11th,Bailey High School,88,75
20726,Jennifer Thomas,F,10th,Bailey High School,83,59
20727,Sarah Snyder,F,9th,Bailey High School,77,61
20728,Michael Ward,M,12th,Bailey High School,93,68
20729,Dana Chavez,F,9th,Bailey High School,72,77
20730,Andrew Smith,M,10th,Bailey High School,92,94
20731,Rachel Gonzalez,F,10th,Bailey High School,97,68
20732,Jose Hansen,M,9th,Bailey High School,71,82
20733,Melissa Hunt ,F,9th,Bailey High School,83,72
20734,Patrick Bullock,M,12th,Bailey High School,66,77
20735,Frank Rivera,M,9th,Bailey High School,84,77
20736,Alexandria Cooper ,F,12th,Bailey High School,72,68
20737,James Jones,M,12th,Bailey High School,72,73
20738,Andre Jensen,M,10th,Bailey High School,97,99
20739,Robert Foster,M,12th,Bailey High School,75,95
20740,Leah Bishop,F,9th,Bailey High School,78,92
20741,Brian Guzman,M,10th,Bailey High School,84,99
20742,Audrey Fields,F,9th,Bailey High School,99,77
20743,Renee Garcia ,F,9th,Bailey High School,77,91
20744,Eric Rodriguez,M,12th,Bailey High School,69,66
20745,Angela Wall,F,9th,Bailey High School,94,62
20746,Joseph Hopkins,M,10th,Bailey High School,71,57
20747,Lauren Jackson,F,10th,Bailey High School,87,89
20748,Brandon Jenkins,M,12th,Bailey High School,64,83
20749,Jose Golden,M,9th,Bailey High School,84,66
20750,Bobby Yang,M,12th,Bailey High School,79,72
20751,Kathleen Miles,F,10th,Bailey High School,87,73
20752,David Beard,M,11th,Bailey High School,64,81
20753,Ricardo Cooper,M,10th,Bailey High School,96,97
20754,Karen Holder,F,10th,Bailey High School,67,78
20755,Chase Vazquez,M,11th,Bailey High School,80,56
20756,William Ortiz,M,10th,Bailey High School,91,96
20757,Andrew Richardson,M,9th,Bailey High School,94,55
20758,Gabriela Hurst,F,10th,Bailey High School,85,96
20759,Nicholas Bryant,M,11th,Bailey High School,65,97
20760,Sean Ortega,M,11th,Bailey High School,69,72
20761,Cynthia Mclean,F,9th,Bailey High School,81,84
20762,Thomas Miller,M,11th,Bailey High School,68,86
20763,Erin Perez,F,12th,Bailey High School,64,56
20764,Steven Lamb,M,12th,Bailey High School,94,80
20765,Michelle Cruz,F,11th,Bailey High School,67,82
20766,Nicole Rodriguez,F,11th,Bailey High School,96,79
20767,Melissa Ford,F,9th,Bailey High School,82,82
20768,Kelsey Smith,F,9th,Bailey High School,63,65
20769,Bradley Snyder,M,11th,Bailey High School,75,66
20770,Heidi Mason,F,9th,Bailey High School,74,60
20771,Laura Johnson,F,9th,Bailey High School,92,89
20772,Amanda Moore,F,9th,Bailey High School,96,56
20773,Robert Anderson,M,9th,Bailey High School,88,81
20774,Kristina Hunter,F,11th,Bailey High School,73,76
20775,Ronald Cooper,M,11th,Bailey High School,80,65
20776,Justin Thomas,M,12th,Bailey High School,73,74
20777,Michael Robbins,M,9th,Bailey High School,67,96
20778,Karl Bell,M,12th,Bailey High School,67,93
20779,Samantha Scott,F,9th,Bailey High School,65,70
20780,Christopher Smith Jr.,M,10th,Bailey High School,73,60
20781,Joseph Ware,M,9th,Bailey High School,77,78
20782,Kelsey Gould,F,11th,Bailey High School,65,98
20783,Maria Davis,F,9th,Bailey High School,73,82
20784,Jacob Johnson,M,10th,Bailey High School,73,73
20785,Stephanie Davis,F,11th,Bailey High School,80,88
20786,Benjamin Frey,M,10th,Bailey High School,72,66
20787,Kathy Mason,F,10th,Bailey High School,64,68
20788,Rebecca Collins,F,10th,Bailey High School,79,70
20789,Jenny Carr,F,11th,Bailey High School,85,78
20790,Heather Burke,F,12th,Bailey High School,65,65
20791,Kenneth Watkins,M,9th,Bailey High School,88,58
20792,Mrs. Lori Rogers ,F,9th,Bailey High School,99,67
20793,Melissa Schmidt,F,10th,Bailey High School,71,98
20794,Tammy Dunlap ,F,12th,Bailey High School,90,98
20795,Frank Blackwell,M,9th,Bailey High School,64,60
20796,Michele Torres,F,9th,Bailey High School,66,88
20797,Dana Buck,F,11th,Bailey High School,85,89
20798,Robert Howard,M,10th,Bailey High School,74,64
20799,Carol Shaw,F,10th,Bailey High School,81,62
20800,Jason Ferguson,M,9th,Bailey High School,91,77
20801,Brian Clark,M,12th,Bailey High School,72,61
20802,Karen Brandt,F,11th,Bailey High School,93,79
20803,William Durham,M,9th,Bailey High School,68,81
20804,Shannon Jackson,F,10th,Bailey High School,87,91
20805,Elizabeth Allen,F,12th,Bailey High School,85,92
20806,Patricia Houston,F,12th,Bailey High School,85,95
20807,Jason Pearson,M,12th,Bailey High School,90,88
20808,Monica Oliver,F,11th,Bailey High School,99,76
20809,Nicole Haynes,F,9th,Bailey High School,95,74
20810,Craig Morgan,M,9th,Bailey High School,91,88
20811,Scott Black,M,12th,Bailey High School,65,69
20812,Evan Wilson,M,9th,Bailey High School,95,75
20813,Angela Fitzgerald,F,12th,Bailey High School,81,77
20814,James Sullivan,M,11th,Bailey High School,95,84
20815,Kenneth Olson,M,9th,Bailey High School,78,89
20816,Kristina Craig,F,10th,Bailey High School,87,66
20817,David Brown,M,11th,Bailey High School,88,65
20818,David Rangel,M,10th,Bailey High School,71,95
20819,Luke Moody,M,10th,Bailey High School,82,79
20820,Pamela Parsons,F,10th,Bailey High School,85,67
20821,Seth Green,M,9th,Bailey High School,96,75
20822,Roberto Escobar,M,9th,Bailey High School,69,97
20823,Frances Phillips,F,11th,Bailey High School,64,92
20824,Michael Smith,M,11th,Bailey High School,65,55
20825,Richard Hammond,M,11th,Bailey High School,85,86
20826,Justin Schneider,M,9th,Bailey High School,86,82
20827,Sarah Padilla,F,9th,Bailey High School,97,63
20828,Ashley Gardner,F,9th,Bailey High School,83,84
20829,Courtney Lutz,F,9th,Bailey High School,84,70
20830,Albert Shea,M,9th,Bailey High School,74,78
20831,Jennifer Mcguire,F,9th,Bailey High School,64,91
20832,Charles Smith,M,11th,Bailey High School,67,89
20833,Jenna Barton,F,10th,Bailey High School,70,93
20834,Jeffrey Singh,M,11th,Bailey High School,71,76
20835,Joseph Ramos,M,9th,Bailey High School,80,73
20836,Rachel Johnson,F,12th,Bailey High School,94,77
20837,Joseph Pope,M,11th,Bailey High School,89,92
20838,Janet Glenn,F,12th,Bailey High School,72,64
20839,Steven Obrien,M,11th,Bailey High School,66,60
20840,Chelsea Ramos,F,11th,Bailey High School,71,92
20841,Emily Ward,F,11th,Bailey High School,88,82
20842,Courtney Ward,F,11th,Bailey High School,63,63
20843,Heidi Cohen,F,10th,Bailey High School,79,88
20844,Matthew Sawyer PhD,M,11th,Bailey High School,84,71
20845,Marilyn Cole,F,12th,Bailey High School,89,56
20846,Joseph Morgan,M,10th,Bailey High School,70,64
20847,Carolyn Mason,F,10th,Bailey High School,95,87
20848,Lori Gaines,F,11th,Bailey High School,97,55
20849,John Johnson,M,10th,Bailey High School,69,62
20850,Pamela Martin,F,11th,Bailey High School,98,95
20851,Benjamin Lee,M,11th,Bailey High School,82,76
20852,Jeffrey Barnes,M,10th,Bailey High School,88,61
20853,Justin Massey,M,10th,Bailey High School,84,64
20854,Rachel Key,F,12th,Bailey High School,76,88
20855,Victoria Baker,F,9th,Bailey High School,89,69
20856,Claudia Wood,F,9th,Bailey High School,82,86
20857,Scott Hughes,M,9th,Bailey High School,92,63
20858,Brandon Mendoza,M,11th,Bailey High School,88,93
20859,Linda Fischer,F,10th,Bailey High School,96,96
20860,Thomas Mccoy,M,12th,Bailey High School,97,91
20861,David Chapman,M,10th,Bailey High School,97,80
20862,Jasmine Flores,F,10th,Bailey High School,81,89
20863,Michael Fernandez,M,12th,Bailey High School,70,99
20864,Cassandra Haas,F,9th,Bailey High School,72,67
20865,Crystal Spence,F,10th,Bailey High School,87,64
20866,Lindsey Watkins,F,10th,Bailey High School,73,80
20867,Travis Mitchell,M,12th,Bailey High School,88,64
20868,Katherine Rodriguez,F,11th,Bailey High School,83,76
20869,Matthew Brown,M,12th,Bailey High School,63,88
20870,Katie Hamilton,F,10th,Bailey High School,84,88
20871,Tina Howard,F,12th,Bailey High School,65,69
20872,Sheila Clark,F,11th,Bailey High School,79,64
20873,Ann Bishop,F,11th,Bailey High School,64,69
20874,Kathryn Hanna,F,9th,Bailey High School,71,77
20875,David Gomez,M,11th,Bailey High School,82,91
20876,Carl Baker,M,10th,Bailey High School,93,85
20877,Diana Phelps,F,9th,Bailey High School,64,82
20878,Kari Huang,F,9th,Bailey High School,95,84
20879,Barry Garcia,M,12th,Bailey High School,73,70
20880,Sara Wells,F,9th,Bailey High School,66,93
20881,Tanya Turner,F,10th,Bailey High School,95,87
20882,Colleen Gibson,F,12th,Bailey High School,68,66
20883,Jordan Peterson,M,9th,Bailey High School,89,79
20884,Frederick Rocha,M,9th,Bailey High School,64,92
20885,Megan Powell,F,12th,Bailey High School,74,77
20886,Ricardo Williams,M,12th,Bailey High School,76,59
20887,Kathryn Young,F,9th,Bailey High School,80,90
20888,Donna Collins,F,11th,Bailey High School,66,56
20889,Virginia Gonzales,F,11th,Bailey High School,83,87
20890,Rhonda Beck,F,11th,Bailey High School,80,57
20891,Elizabeth Hughes,F,11th,Bailey High School,87,62
20892,Debra Gray,F,11th,Bailey High School,96,76
20893,Donna Johnson,F,10th,Bailey High School,75,62
20894,Brittany Hodges,F,9th,Bailey High School,77,74
20895,Kimberly Ramirez,F,10th,Bailey High School,84,98
20896,Sherry Gutierrez,F,9th,Bailey High School,69,90
20897,Stacy Ortega,F,12th,Bailey High School,92,94
20898,John Grant,M,9th,Bailey High School,94,80
20899,Melvin Woods,M,10th,Bailey High School,75,92
20900,Tammy Russell,F,10th,Bailey High School,74,56
20901,Benjamin Rowe,M,9th,Bailey High School,73,78
20902,Wendy Myers,F,12th,Bailey High School,85,87
20903,April Miller,F,12th,Bailey High School,97,72
20904,Anthony Hayes,M,11th,Bailey High School,77,80
20905,William Jordan,M,10th,Bailey High School,65,58
20906,Chelsey Villanueva,F,9th,Bailey High School,76,61
20907,Lisa Baker,F,10th,Bailey High School,90,57
20908,Maria Castro,F,11th,Bailey High School,99,67
20909,Rose Jackson,F,11th,Bailey High School,86,64
20910,Alexandra Mccarthy,F,9th,Bailey High School,91,99
20911,Kevin Strickland,M,10th,Bailey High School,78,84
20912,John Smith,M,12th,Bailey High School,73,59
20913,Diane Terry,F,12th,Bailey High School,97,65
20914,Amber Leon,F,12th,Bailey High School,78,84
20915,Rhonda Garcia,F,9th,Bailey High School,97,66
20916,Jon Matthews,M,9th,Bailey High School,73,86
20917,Angel Buchanan,F,11th,Bailey High School,83,77
20918,Elizabeth Allen,F,12th,Bailey High School,81,88
20919,Kristen Hartman,F,9th,Bailey High School,98,79
20920,Stephen Hood,M,11th,Bailey High School,94,93
20921,Sarah Valencia,F,12th,Bailey High School,69,83
20922,Ann Carter,F,10th,Bailey High School,74,68
20923,Lynn Rivas,F,9th,Bailey High School,71,74
20924,Jeremy Wright,M,12th,Bailey High School,63,95
20925,Brandy West,F,9th,Bailey High School,88,59
20926,Pamela Gray,F,11th,Bailey High School,63,76
20927,Carmen Thomas,F,9th,Bailey High School,80,84
20928,Jessica Ellis,F,12th,Bailey High School,75,86
20929,Thomas Larson,M,9th,Bailey High School,87,86
20930,Juan Ashley,M,10th,Bailey High School,91,93
20931,Austin Williams,M,11th,Bailey High School,73,77
20932,Daniel Watts,M,11th,Bailey High School,77,75
20933,Sonya Shaw,F,12th,Bailey High School,64,99
20934,Maria Silva,F,10th,Bailey High School,84,66
20935,Patricia Smith,F,10th,Bailey High School,83,96
20936,Paula Cline,F,12th,Bailey High School,67,91
20937,Kyle Boyd,M,11th,Bailey High School,63,86
20938,Larry White,M,10th,Bailey High School,66,67
20939,Sarah Buck,F,12th,Bailey High School,70,68
20940,Matthew Smith,M,12th,Bailey High School,73,77
20941,Tiffany Cook,F,11th,Bailey High School,88,73
20942,Kathryn Cox,F,9th,Bailey High School,92,81
20943,Sophia White,F,10th,Bailey High School,88,92
20944,Kelly Lynch,F,12th,Bailey High School,70,99
20945,Tyler Huang,M,11th,Bailey High School,93,99
20946,Alexis Donovan,F,10th,Bailey High School,92,86
20947,Karen Preston,F,11th,Bailey High School,86,78
20948,Amy Wolf,F,10th,Bailey High School,91,98
20949,Eric Wilson,M,11th,Bailey High School,78,83
20950,Tasha Butler,F,9th,Bailey High School,92,87
20951,Tara Flores,F,11th,Bailey High School,70,62
20952,Brian Hernandez,M,11th,Bailey High School,76,86
20953,Julia Harris,F,10th,Bailey High School,90,83
20954,Mary Hunter,F,12th,Bailey High School,65,93
20955,Robert Perez,M,12th,Bailey High School,72,61
20956,David Lopez,M,12th,Bailey High School,84,55
20957,Cheryl Taylor,F,10th,Bailey High School,89,62
20958,Adrian Gonzalez,M,11th,Bailey High School,87,89
20959,Jared Harrell,M,11th,Bailey High School,83,87
20960,Christopher Thompson,M,9th,Bailey High School,76,61
20961,Daniel Perez,M,12th,Bailey High School,82,81
20962,Gary Zamora,M,11th,Bailey High School,73,79
20963,Emily Taylor,F,12th,Bailey High School,87,72
20964,Alicia Alvarez,F,10th,Bailey High School,83,84
20965,Collin Thomas,M,9th,Bailey High School,70,94
20966,Julia George,F,9th,Bailey High School,88,84
20967,Travis Reyes,M,10th,Bailey High School,71,73
20968,Elizabeth Eaton,F,11th,Bailey High School,81,92
20969,Christina Riley,F,10th,Bailey High School,64,66
20970,Christopher Sherman,M,9th,Bailey High School,81,85
20971,Amy Boone,F,9th,Bailey High School,95,96
20972,Stefanie Jackson,F,11th,Bailey High School,64,81
20973,Destiny Jacobson,F,10th,Bailey High School,90,78
20974,Rachel Hanna,F,12th,Bailey High School,82,94
20975,Peter Smith,M,10th,Bailey High School,90,71
20976,Brittney Randall,F,11th,Bailey High School,63,84
20977,Kristen Duncan,F,10th,Bailey High School,97,80
20978,Angela Palmer,F,12th,Bailey High School,84,79
20979,James Jensen,M,9th,Bailey High School,74,69
20980,Matthew Armstrong,M,10th,Bailey High School,66,74
20981,Cynthia Johnson,F,10th,Bailey High School,65,67
20982,Dale Bartlett,M,11th,Bailey High School,63,96
20983,Mike Harris PhD,M,11th,Bailey High School,77,61
20984,Monica Berry,F,9th,Bailey High School,81,82
20985,George Hanson,M,11th,Bailey High School,78,55
20986,Joshua Harris,M,12th,Bailey High School,69,63
20987,Mike Hogan,M,11th,Bailey High School,98,79
20988,Anthony Leblanc,M,11th,Bailey High School,67,81
20989,Brian Walters,M,12th,Bailey High School,86,85
20990,Jonathan Mckenzie,M,9th,Bailey High School,72,58
20991,Alicia Townsend,F,11th,Bailey High School,82,84
20992,Alyssa Hayes,F,10th,Bailey High School,67,67
20993,Mrs. Christina Mitchell ,F,9th,Bailey High School,87,97
20994,Katherine Brown,F,9th,Bailey High School,66,61
20995,Susan Moore,F,11th,Bailey High School,89,76
20996,David Johnson,M,11th,Bailey High School,90,97
20997,Jordan Brown,M,9th,Bailey High School,69,65
20998,Shelby Lynch,F,12th,Bailey High School,88,92
20999,Benjamin Perkins,M,10th,Bailey High School,85,85
21000,Christopher Todd,M,12th,Bailey High School,97,66
21001,Kim Terrell,F,11th,Bailey High School,89,84
21002,Elizabeth Brown,F,9th,Bailey High School,92,55
21003,Colton Kelley,M,9th,Bailey High School,65,67
21004,Melanie Kent,F,9th,Bailey High School,96,65
21005,Michelle Blackwell,F,12th,Bailey High School,84,55
21006,Christina Barnett,F,10th,Bailey High School,68,94
21007,Elizabeth Vargas,F,9th,Bailey High School,86,85
21008,Taylor Barnett,M,12th,Bailey High School,96,91
21009,Nathan Roman,M,9th,Bailey High School,76,81
21010,Tina Wilson,F,10th,Bailey High School,82,86
21011,Angela Jones,F,9th,Bailey High School,64,72
21012,Angela Lopez,F,9th,Bailey High School,85,62
21013,Heather Barnes,F,10th,Bailey High School,83,88
21014,Brian Thomas,M,9th,Bailey High School,64,77
21015,Luis Perez,M,10th,Bailey High School,66,90
21016,Douglas Hawkins,M,9th,Bailey High School,87,82
21017,Anne Waters,F,12th,Bailey High School,87,60
21018,Ian Gallagher,M,9th,Bailey High School,70,66
21019,Jeffrey Garrison,M,9th,Bailey High School,80,63
21020,April Powers,F,10th,Bailey High School,94,88
21021,Connor Morse,M,10th,Bailey High School,71,77
21022,Teresa Williams,F,9th,Bailey High School,95,62
21023,Steven Lucero,M,12th,Bailey High School,65,90
21024,Justin Miller,M,9th,Bailey High School,85,62
21025,Lisa Henderson,F,11th,Bailey High School,77,80
21026,David King,M,10th,Bailey High School,98,75
21027,Jill Baker,F,9th,Bailey High School,66,75
21028,Jason Parker,M,11th,Bailey High School,98,65
21029,Jennifer Edwards,F,12th,Bailey High School,87,93
21030,Christopher Edwards,M,12th,Bailey High School,92,83
21031,Evelyn Suarez ,F,11th,Bailey High School,77,85
21032,Valerie Hill,F,11th,Bailey High School,99,75
21033,Amanda Martinez,F,12th,Bailey High School,66,86
21034,Matthew Martin,M,12th,Bailey High School,78,57
21035,Carl Cooper,M,10th,Bailey High School,83,78
21036,Lori Baker,F,10th,Bailey High School,89,62
21037,Michael White,M,10th,Bailey High School,76,73
21038,Jessica Mitchell,F,9th,Bailey High School,70,59
21039,Kathleen Owen,F,11th,Bailey High School,95,91
21040,Dawn Nguyen,F,11th,Bailey High School,98,93
21041,Joseph George,M,9th,Bailey High School,67,84
21042,Mark Smith,M,10th,Bailey High School,66,92
21043,Ronnie Robles,M,11th,Bailey High School,67,95
21044,Christina Alvarez PhD,F,12th,Bailey High School,68,77
21045,Charles Harvey,M,12th,Bailey High School,72,95
21046,Matthew Silva,M,12th,Bailey High School,83,75
21047,Candace Frank,F,9th,Bailey High School,99,89
21048,John Haynes,M,10th,Bailey High School,84,96
21049,Nicole Bradford,F,11th,Bailey High School,78,83
21050,Julia Miller,F,10th,Bailey High School,90,76
21051,Gabriel Dunn,M,12th,Bailey High School,98,73
21052,Alan Lee,M,12th,Bailey High School,74,61
21053,Jennifer Scott,F,12th,Bailey High School,83,80
21054,Tiffany Anderson,F,10th,Bailey High School,92,57
21055,Katelyn Weber,F,12th,Bailey High School,97,80
21056,Nicholas Young,M,10th,Bailey High School,92,66
21057,Danielle Brewer,F,11th,Bailey High School,72,74
21058,Helen Johnson,F,11th,Bailey High School,93,95
21059,John Robinson,M,10th,Bailey High School,96,78
21060,Bradley Davis,M,10th,Bailey High School,66,64
21061,Alexander Roy,M,11th,Bailey High School,85,99
21062,Eric Soto,M,9th,Bailey High School,69,94
21063,Willie Young,M,10th,Bailey High School,91,92
21064,Charles Lee,M,11th,Bailey High School,67,91
21065,William Wiggins,M,11th,Bailey High School,90,59
21066,Joanne Manning,F,10th,Bailey High School,79,67
21067,Dustin Garcia,M,11th,Bailey High School,90,94
21068,Ashley Ray,F,10th,Bailey High School,75,79
21069,Debra Evans,F,10th,Bailey High School,97,81
21070,Emily Duran ,F,9th,Bailey High School,98,64
21071,David Rodriguez,M,11th,Bailey High School,95,59
21072,Randall Myers,M,9th,Bailey High School,77,74
21073,Travis Lopez,M,9th,Bailey High School,91,82
21074,Elizabeth Gonzalez,F,9th,Bailey High School,85,67
21075,Larry Williams,M,11th,Bailey High School,76,66
21076,Brian Holden,M,9th,Bailey High School,94,65
21077,Jeremy Rodriguez,M,10th,Bailey High School,79,81
21078,Olivia Hawkins,F,10th,Bailey High School,66,71
21079,Todd Grant Jr.,M,9th,Bailey High School,71,81
21080,Reginald Alvarado,M,9th,Bailey High School,69,55
21081,Michael Nelson,M,11th,Bailey High School,70,87
21082,Michele Gray,F,10th,Bailey High School,69,78
21083,Brian Armstrong,M,12th,Bailey High School,96,83
21084,Mark Bryant,M,9th,Bailey High School,67,75
21085,Desiree Clark,F,9th,Bailey High School,82,77
21086,Brandon Tanner,M,11th,Bailey High School,95,84
21087,Linda Jensen,F,12th,Bailey High School,90,68
21088,Sheryl Curtis,F,11th,Bailey High School,81,70
21089,Daniel Andrade,M,11th,Bailey High School,65,86
21090,Mrs. Veronica Sherman,F,12th,Bailey High School,77,98
21091,Andrew Farmer,M,12th,Bailey High School,63,74
21092,April Miller,F,10th,Bailey High School,81,92
21093,Sharon Nelson,F,10th,Bailey High School,98,96
21094,Julia Christian,F,9th,Bailey High School,89,62
21095,Danielle Moore,F,11th,Bailey High School,82,65
21096,Monica Cook,F,10th,Bailey High School,86,60
21097,Kelsey Dillon,F,10th,Bailey High School,87,65
21098,Michael Holden,M,10th,Bailey High School,70,97
21099,Michael Stone,M,11th,Bailey High School,78,60
21100,Thomas Martinez,M,11th,Bailey High School,98,88
21101,Terry Fuentes,M,9th,Bailey High School,65,61
21102,Rebekah Hall,F,11th,Bailey High School,76,87
21103,Tammy Ward,F,10th,Bailey High School,68,69
21104,Michael Wright,M,10th,Bailey High School,94,94
21105,Christina Martin,F,9th,Bailey High School,68,63
21106,Olivia Rice,F,9th,Bailey High School,95,63
21107,Kristen Neal,F,9th,Bailey High School,78,68
21108,Matthew Whitaker,M,10th,Bailey High School,93,59
21109,Lori Foster,F,10th,Bailey High School,94,93
21110,Alan Anderson,M,11th,Bailey High School,65,84
21111,Robert Oconnor,M,10th,Bailey High School,63,89
21112,John Gallegos,M,11th,Bailey High School,84,72
21113,Robert Burch,M,11th,Bailey High School,76,93
21114,Michelle Wagner,F,11th,Bailey High School,73,61
21115,Jeffrey Robinson,M,11th,Bailey High School,95,82
21116,Timothy Bray,M,9th,Bailey High School,86,73
21117,William Simon,M,11th,Bailey High School,78,78
21118,Claire Lowery,F,10th,Bailey High School,97,80
21119,Maria Allison,F,10th,Bailey High School,92,92
21120,Jennifer Young,F,9th,Bailey High School,92,73
21121,Pamela Mann,F,11th,Bailey High School,63,94
21122,Rachel Stephenson,F,10th,Bailey High School,98,70
21123,Madison Miller,F,12th,Bailey High School,83,94
21124,Sonya Juarez,F,9th,Bailey High School,81,97
21125,Charles Avery,M,9th,Bailey High School,98,55
21126,Teresa Griffin,F,12th,Bailey High School,75,56
21127,Cassandra Kelley,F,11th,Bailey High School,84,71
21128,Johnny Banks,M,9th,Bailey High School,90,92
21129,Michael Martinez,M,12th,Bailey High School,70,74
21130,Christopher Maynard,M,10th,Bailey High School,71,81
21131,Elizabeth Lewis,F,11th,Bailey High School,71,85
21132,James Sanchez,M,9th,Bailey High School,93,98
21133,Morgan Barnett,F,10th,Bailey High School,92,71
21134,Theresa Smith,F,12th,Bailey High School,76,56
21135,Tracy Vazquez,F,10th,Bailey High School,84,76
21136,Scott Proctor,M,9th,Bailey High School,68,56
21137,Gary Jacobs,M,11th,Bailey High School,92,58
21138,Jason Jackson,M,12th,Bailey High School,96,57
21139,Austin Long,M,12th,Bailey High School,87,62
21140,Janet Johnson,F,11th,Bailey High School,88,83
21141,Jessica Moran,F,9th,Bailey High School,94,89
21142,Laura Chapman,F,11th,Bailey High School,65,71
21143,Derrick Johnson,M,11th,Bailey High School,99,67
21144,Margaret Bates,F,10th,Bailey High School,88,77
21145,Robert Fernandez,M,9th,Bailey High School,85,66
21146,Charles Hicks,M,10th,Bailey High School,66,97
21147,Scott Cooper,M,12th,Bailey High School,92,58
21148,Jamie Green,F,10th,Bailey High School,92,76
21149,Meredith Mckee,F,9th,Bailey High School,69,75
21150,Tracy Duran,F,12th,Bailey High School,68,59
21151,Kathryn Stanley,F,9th,Bailey High School,68,65
21152,Daniel Clark,M,11th,Bailey High School,75,63
21153,John Patel,M,12th,Bailey High School,93,83
21154,Scott Meyers,M,12th,Bailey High School,68,79
21155,Julia Simmons,F,12th,Bailey High School,83,55
21156,Valerie Clark,F,12th,Bailey High School,90,69
21157,Mrs. Jennifer Rivera,F,10th,Bailey High School,72,89
21158,Amy Thomas,F,10th,Bailey High School,83,81
21159,Richard Poole,M,9th,Bailey High School,90,63
21160,Stephanie Garner,F,9th,Bailey High School,92,68
21161,Amy Rush,F,10th,Bailey High School,77,76
21162,Cheryl Hernandez,F,10th,Bailey High School,78,88
21163,Michael Smith,M,11th,Bailey High School,66,99
21164,Stacey Contreras,F,9th,Bailey High School,87,73
21165,Cheryl Osborne,F,9th,Bailey High School,76,77
21166,Joseph Guzman,M,11th,Bailey High School,89,83
21167,Sierra Kent,F,12th,Bailey High School,75,85
21168,Jose Bennett,M,12th,Bailey High School,99,59
21169,Nathaniel Johnson,M,9th,Bailey High School,70,60
21170,Joshua Meyers,M,11th,Bailey High School,84,94
21171,Tracy Nguyen,F,10th,Bailey High School,72,69
21172,Randy Lewis,M,9th,Bailey High School,83,89
21173,Michelle Davis,F,9th,Bailey High School,96,87
21174,David Adams,M,10th,Bailey High School,83,61
21175,Jonathan Young,M,9th,Bailey High School,78,66
21176,Joy Perez,F,11th,Bailey High School,98,78
21177,Angel Jackson,F,9th,Bailey High School,98,65
21178,Todd Adams,M,11th,Bailey High School,71,91
21179,Sheri Fletcher,F,12th,Bailey High School,78,87
21180,Matthew Bridges,M,10th,Bailey High School,76,98
21181,Benjamin Meyer,M,10th,Bailey High School,93,90
21182,Michael Kennedy,M,9th,Bailey High School,75,64
21183,Juan Burke,M,11th,Bailey High School,65,92
21184,Matthew Watkins,M,10th,Bailey High School,85,60
21185,Alex Carey,M,10th,Bailey High School,83,57
21186,Terry Sanchez,M,10th,Bailey High School,95,85
21187,Kathleen Cole,F,11th,Bailey High School,89,77
21188,Jeffrey Roman,M,11th,Bailey High School,96,76
21189,Jennifer Miller,F,11th,Bailey High School,95,83
21190,Thomas Rasmussen,M,12th,Bailey High School,77,82
21191,Cameron Miller,M,11th,Bailey High School,70,75
21192,Lisa Pineda,F,9th,Bailey High School,86,67
21193,Jennifer Murray,F,9th,Bailey High School,88,89
21194,Robert Goodman,M,12th,Bailey High School,93,90
21195,Scott Sexton,M,11th,Bailey High School,82,69
21196,Tamara Holland,F,10th,Bailey High School,84,98
21197,Kelly Stewart,F,12th,Bailey High School,91,93
21198,Kristopher Murphy,M,9th,Bailey High School,96,90
21199,Robert Wagner,M,9th,Bailey High School,92,76
21200,Colleen Martinez,F,10th,Bailey High School,91,75
21201,Michael Howell,M,9th,Bailey High School,64,63
21202,Susan Parsons,F,12th,Bailey High School,94,98
21203,Jordan Christensen,M,11th,Bailey High School,70,88
21204,Meagan Whitney,F,9th,Bailey High School,66,56
21205,Christopher Davis,M,9th,Bailey High School,65,99
21206,Yvette Harrington,F,11th,Bailey High School,89,73
21207,Christine Elliott,F,10th,Bailey High School,74,71
21208,Rhonda Lynch,F,9th,Bailey High School,69,58
21209,Debbie Gray,F,11th,Bailey High School,92,93
21210,Michelle Brandt,F,10th,Bailey High School,73,73
21211,William Wright,M,11th,Bailey High School,70,65
21212,Bailey Price,F,10th,Bailey High School,74,61
21213,Donna Lopez,F,11th,Bailey High School,96,78
21214,Tara Marsh,F,9th,Bailey High School,94,90
21215,Daniel Lee,M,10th,Bailey High School,73,74
21216,Keith Anderson,M,9th,Bailey High School,68,77
21217,Jasmine Riley,F,10th,Bailey High School,65,73
21218,Melissa Torres,F,11th,Bailey High School,69,96
21219,Pamela Hunter,F,11th,Bailey High School,74,82
21220,Adriana Snyder,F,9th,Bailey High School,93,55
21221,Kevin Flowers,M,10th,Bailey High School,92,76
21222,Douglas Williams,M,11th,Bailey High School,78,91
21223,David Zhang,M,11th,Bailey High School,69,58
21224,Melanie Mills,F,9th,Bailey High School,97,93
21225,Allison Johnson,F,9th,Bailey High School,70,61
21226,Debra Howard,F,9th,Bailey High School,91,64
21227,Savannah Powell,F,10th,Bailey High School,66,65
21228,David Boyd,M,11th,Bailey High School,80,88
21229,Justin Martinez,M,9th,Bailey High School,96,58
21230,Kenneth Gardner,M,11th,Bailey High School,77,70
21231,Melissa Chavez,F,11th,Bailey High School,95,64
21232,Stephanie Hart,F,12th,Bailey High School,66,69
21233,Taylor Riggs,F,10th,Bailey High School,78,74
21234,Jerry Wiggins,M,11th,Bailey High School,82,93
21235,Allen Garrison,M,11th,Bailey High School,76,67
21236,Darius Atkinson,M,9th,Bailey High School,99,97
21237,Timothy Jackson,M,9th,Bailey High School,82,69
21238,Jeffrey Delacruz,M,11th,Bailey High School,69,84
21239,Daniel Gallagher,M,12th,Bailey High School,82,73
21240,Elizabeth Higgins,F,12th,Bailey High School,91,61
21241,Candace Ortiz,F,12th,Bailey High School,70,75
21242,Scott Cohen,M,12th,Bailey High School,90,88
21243,Tiffany Perry,F,11th,Bailey High School,89,78
21244,Dustin Chandler,M,11th,Bailey High School,73,87
21245,Robert Schmidt,M,11th,Bailey High School,94,74
21246,Christina Adams,F,12th,Bailey High School,78,61
21247,Alison Smith,F,9th,Bailey High School,97,68
21248,Catherine Horton,F,9th,Bailey High School,78,76
21249,Betty Galloway,F,12th,Bailey High School,92,78
21250,Sara Bush,F,12th,Bailey High School,82,59
21251,David Ryan,M,10th,Bailey High School,73,63
21252,James Beltran,M,10th,Bailey High School,77,98
21253,Raven Lawson,F,11th,Bailey High School,97,76
21254,Andrew Taylor,M,9th,Bailey High School,65,77
21255,Michael Bates,M,12th,Bailey High School,75,93
21256,Andrea Stein,F,10th,Bailey High School,65,96
21257,Hunter Fitzpatrick,M,9th,Bailey High School,65,77
21258,Sarah Kirk,F,9th,Bailey High School,89,87
21259,Christopher West,M,12th,Bailey High School,99,58
21260,Andres Jones,M,12th,Bailey High School,65,88
21261,Kristina Garza,F,9th,Bailey High School,81,55
21262,Erica Andrews,F,10th,Bailey High School,89,61
21263,Danny Mayer,M,12th,Bailey High School,65,68
21264,Jeremy Navarro,M,10th,Bailey High School,80,58
21265,Jake Roberson,M,11th,Bailey High School,76,61
21266,Zachary Chavez,M,9th,Bailey High School,96,69
21267,Maria Fitzpatrick,F,11th,Bailey High School,90,86
21268,Sandra Smith,F,11th,Bailey High School,75,97
21269,Amanda Robinson,F,11th,Bailey High School,72,90
21270,Diana Moran,F,11th,Bailey High School,98,81
21271,Alexander Wright,M,12th,Bailey High School,83,68
21272,Mrs. Wendy Hayes,F,9th,Bailey High School,67,59
21273,Kenneth Santiago ,M,9th,Bailey High School,75,69
21274,Anthony Jenkins,M,9th,Bailey High School,83,96
21275,Amy Armstrong,F,10th,Bailey High School,80,70
21276,Teresa Leonard,F,9th,Bailey High School,78,82
21277,Jonathan Adams,M,9th,Bailey High School,73,90
21278,Walter Clark,M,11th,Bailey High School,76,68
21279,Donna Cox,F,10th,Bailey High School,98,95
21280,Matthew Hernandez,M,9th,Bailey High School,70,89
21281,Douglas Hamilton,M,9th,Bailey High School,99,71
21282,Cheryl Mccormick,F,10th,Bailey High School,88,60
21283,Ellen Kelly,F,11th,Bailey High School,65,68
21284,Robert Carter,M,12th,Bailey High School,84,87
21285,Ian Williams,M,9th,Bailey High School,83,78
21286,Jose Martinez,M,11th,Bailey High School,82,77
21287,David Sims,M,10th,Bailey High School,84,83
21288,Jennifer Jones,F,11th,Bailey High School,69,63
21289,Meredith Garcia,F,12th,Bailey High School,72,65
21290,John Walls,M,10th,Bailey High School,98,64
21291,Adam Stevenson,M,10th,Bailey High School,79,91
21292,Jacqueline Braun,F,11th,Bailey High School,91,67
21293,Christian Martin,M,10th,Bailey High School,71,99
21294,Troy Scott,M,9th,Bailey High School,69,93
21295,Nathaniel Adkins,M,10th,Bailey High School,68,59
21296,Teresa Molina,F,10th,Bailey High School,82,82
21297,Michael Levine,M,12th,Bailey High School,73,89
21298,Elizabeth Kelly,F,12th,Bailey High School,92,69
21299,Derrick Brown,M,12th,Bailey High School,79,69
21300,Ashley Calderon,F,12th,Bailey High School,63,92
21301,Jennifer Garcia,F,10th,Bailey High School,83,96
21302,Christopher Lamb,M,9th,Bailey High School,64,83
21303,Louis Hodges ,M,9th,Bailey High School,99,56
21304,Ronald Martinez,M,9th,Bailey High School,76,81
21305,Monica Cochran,F,9th,Bailey High School,72,83
21306,Jeffery Watson,M,10th,Bailey High School,94,86
21307,Douglas Duffy,M,12th,Bailey High School,85,77
21308,Gina Curtis,F,11th,Bailey High School,95,95
21309,Jason Logan,M,10th,Bailey High School,97,58
21310,Thomas Freeman,M,10th,Bailey High School,92,82
21311,Justin Miller,M,12th,Bailey High School,95,94
21312,Justin Johnson,M,12th,Bailey High School,85,77
21313,Harry Snow,M,9th,Bailey High School,85,87
21314,Thomas Tucker,M,10th,Bailey High School,78,94
21315,Amanda Cole,F,9th,Bailey High School,69,66
21316,Mrs. Michelle Patterson,F,11th,Bailey High School,86,77
21317,Justin Lee,M,9th,Bailey High School,64,55
21318,Samantha Cooper,F,9th,Bailey High School,84,59
21319,Christopher Smith,M,9th,Bailey High School,67,89
21320,Cathy Alexander,F,12th,Bailey High School,98,86
21321,Dawn Adams,F,12th,Bailey High School,88,56
21322,Justin Finley,M,10th,Bailey High School,83,70
21323,Lauren Kane,F,12th,Bailey High School,98,59
21324,Jacob Logan,M,11th,Bailey High School,84,86
21325,Diane Bradford,F,9th,Bailey High School,86,70
21326,Kenneth Lee,M,11th,Bailey High School,80,98
21327,Jeanette Young,F,9th,Bailey High School,75,75
21328,Emily Thompson,F,12th,Bailey High School,73,67
21329,Nicole Bauer,F,10th,Bailey High School,78,90
21330,Larry Monroe,M,9th,Bailey High School,66,96
21331,Melissa Wilson,F,10th,Bailey High School,66,74
21332,Nina Shah,F,11th,Bailey High School,71,66
21333,Leslie Williams,F,10th,Bailey High School,89,60
21334,Sandra Oliver,F,12th,Bailey High School,75,70
21335,Robert Robinson,M,12th,Bailey High School,79,96
21336,Virginia Pope,F,11th,Bailey High School,95,69
21337,Bradley Murphy,M,9th,Bailey High School,79,57
21338,Mrs. Jennifer Craig,F,10th,Bailey High School,90,97
21339,Teresa Lamb,F,12th,Bailey High School,92,82
21340,Lawrence Hinton,M,10th,Bailey High School,99,63
21341,Kyle Collins,M,11th,Bailey High School,85,81
21342,Kyle Davis,M,12th,Bailey High School,81,87
21343,Marie Andrews,F,11th,Bailey High School,87,61
21344,Nina Thomas,F,9th,Bailey High School,69,97
21345,Mark Meza,M,11th,Bailey High School,88,94
21346,Jason Franklin,M,11th,Bailey High School,92,63
21347,Alexis Adams,F,12th,Bailey High School,83,61
21348,Gary Flores,M,11th,Bailey High School,64,84
21349,Brittany Gillespie,F,12th,Bailey High School,65,65
21350,Amanda Riley,F,12th,Bailey High School,85,78
21351,Michael Graham,M,9th,Bailey High School,86,71
21352,Susan Baker,F,12th,Bailey High School,80,83
21353,Daniel Olson,M,9th,Bailey High School,67,92
21354,Elizabeth Walker,F,11th,Bailey High School,73,81
21355,Lisa Mitchell,F,11th,Bailey High School,91,76
21356,Andrew Herrera,M,9th,Bailey High School,74,76
21357,Howard Johnson,M,12th,Bailey High School,81,86
21358,Michelle Fox,F,9th,Bailey High School,93,84
21359,Jessica Flores,F,11th,Bailey High School,77,62
21360,Adrienne Howard,F,10th,Bailey High School,77,96
21361,James King,M,12th,Bailey High School,81,75
21362,Mike Hill,M,9th,Bailey High School,94,80
21363,Erika Logan,F,9th,Bailey High School,70,85
21364,Julia Howell,F,9th,Bailey High School,82,55
21365,Amanda Webb,F,11th,Bailey High School,92,61
21366,Shannon Gutierrez,F,10th,Bailey High School,68,61
21367,Savannah Willis,F,11th,Bailey High School,81,82
21368,Andrew Richardson,M,12th,Bailey High School,87,81
21369,Tristan Stuart,M,11th,Bailey High School,88,59
21370,Judy Ford,F,11th,Bailey High School,81,66
21371,David Wright,M,10th,Bailey High School,64,75
21372,Michael Fisher,M,11th,Bailey High School,75,66
21373,Richard Gilbert,M,11th,Bailey High School,98,67
21374,Russell Young,M,11th,Bailey High School,68,63
21375,Samantha Hughes,F,10th,Bailey High School,82,77
21376,Suzanne Torres,F,11th,Bailey High School,68,59
21377,William Bradley,M,9th,Bailey High School,82,73
21378,Elizabeth Park,F,9th,Bailey High School,78,63
21379,Debbie Wagner,F,11th,Bailey High School,64,97
21380,Anthony Smith,M,9th,Bailey High School,80,97
21381,Vanessa Larsen,F,10th,Bailey High School,77,87
21382,Melvin Holt,M,10th,Bailey High School,87,96
21383,Amber Rios,F,12th,Bailey High School,76,64
21384,Herbert Bell,M,12th,Bailey High School,67,67
21385,Deborah Mcdonald,F,11th,Bailey High School,74,63
21386,Donald Reeves,M,9th,Bailey High School,67,86
21387,Timothy Carr,M,10th,Bailey High School,92,87
21388,Nicole Peterson,F,10th,Bailey High School,63,67
21389,Gregory Henry,M,10th,Bailey High School,71,75
21390,Suzanne Underwood,F,10th,Bailey High School,87,88
21391,Kevin Coffey,M,11th,Bailey High School,75,71
21392,Jeff Estes,M,11th,Bailey High School,65,95
21393,Tiffany Reynolds,F,11th,Bailey High School,95,84
21394,Jordan Ward,F,9th,Bailey High School,94,65
21395,Christina Roberson,F,12th,Bailey High School,63,72
21396,Andrew Powers,M,12th,Bailey High School,72,63
21397,David Wilson,M,11th,Bailey High School,89,93
21398,Cody Cole,M,10th,Bailey High School,69,78
21399,Jeanne Fischer ,F,9th,Bailey High School,82,71
21400,William Hines,M,9th,Bailey High School,88,96
21401,Charles King,M,12th,Bailey High School,98,68
21402,Debra Ryan,F,11th,Bailey High School,97,59
21403,Jason Sullivan,M,9th,Bailey High School,70,60
21404,Jennifer Jennings,F,11th,Bailey High School,75,97
21405,James Thomas,M,12th,Bailey High School,64,97
21406,Eric Peters,M,12th,Bailey High School,84,67
21407,Karen Wade,F,12th,Bailey High School,92,58
21408,Cheryl Thomas,F,11th,Bailey High School,73,90
21409,Mrs. Amanda Rose,F,9th,Bailey High School,75,87
21410,John Wilson,M,11th,Bailey High School,87,95
21411,Robert Hines,M,9th,Bailey High School,87,76
21412,Elizabeth Bowers,F,11th,Bailey High School,78,77
21413,David Booker,M,10th,Bailey High School,80,87
21414,Carolyn Johnson,F,12th,Bailey High School,81,92
21415,Blake Lopez,M,11th,Bailey High School,84,88
21416,Kristina Booth,F,11th,Bailey High School,80,71
21417,Rebecca Erickson,F,12th,Bailey High School,78,67
21418,Kimberly Collins,F,9th,Bailey High School,65,81
21419,Christopher Horn,M,12th,Bailey High School,80,89
21420,Nicole Garcia,F,12th,Bailey High School,64,81
21421,Matthew Rice,M,12th,Bailey High School,90,84
21422,Jonathan Smith,M,11th,Bailey High School,88,71
21423,Veronica Mcmillan,F,9th,Bailey High School,82,95
21424,Virginia Peters,F,10th,Bailey High School,78,80
21425,Teresa Perez,F,9th,Bailey High School,95,62
21426,Matthew Mcdonald,M,9th,Bailey High School,64,91
21427,Cassidy Eaton,F,12th,Bailey High School,95,65
21428,Michael Myers,M,10th,Bailey High School,91,83
21429,Bradley Brown,M,10th,Bailey High School,93,73
21430,Jason Hunt,M,9th,Bailey High School,84,61
21431,Mary Lee,F,12th,Bailey High School,88,71
21432,Richard Levine,M,9th,Bailey High School,97,98
21433,Bryan Schmidt,M,12th,Bailey High School,82,62
21434,Patricia Monroe,F,10th,Bailey High School,63,80
21435,Breanna Horne,F,10th,Bailey High School,65,58
21436,Susan Lopez,F,11th,Bailey High School,80,96
21437,Kimberly Cooper,F,10th,Bailey High School,86,74
21438,Margaret Dean,F,12th,Bailey High School,77,57
21439,Michael Lane,M,10th,Bailey High School,83,73
21440,Patricia Perry,F,9th,Bailey High School,81,73
21441,Susan Sanders,F,11th,Bailey High School,92,82
21442,Kendra Smith,F,11th,Bailey High School,95,91
21443,Johnny Schneider,M,9th,Bailey High School,67,84
21444,Lauren Fitzgerald,F,11th,Bailey High School,88,79
21445,Jessica Smith,F,9th,Bailey High School,99,61
21446,Rebecca Davis,F,11th,Bailey High School,81,73
21447,Amber Arnold,F,12th,Bailey High School,98,65
21448,Elizabeth Perez,F,10th,Bailey High School,79,94
21449,Alan Burnett,M,9th,Bailey High School,92,91
21450,Ryan Cooke,M,10th,Bailey High School,98,69
21451,Joseph James,M,11th,Bailey High School,93,72
21452,Ellen Davis,F,12th,Bailey High School,80,72
21453,Bobby Noble,M,9th,Bailey High School,76,71
21454,Chelsea Taylor,F,12th,Bailey High School,94,99
21455,Catherine Harris,F,9th,Bailey High School,72,74
21456,Brent Reeves,M,10th,Bailey High School,96,67
21457,Johnny Johnson,M,10th,Bailey High School,63,93
21458,Valerie Obrien,F,9th,Bailey High School,83,55
21459,Cynthia Moss,F,10th,Bailey High School,65,72
21460,Rebecca Salazar ,F,9th,Bailey High School,94,83
21461,Christopher Nelson,M,9th,Bailey High School,82,90
21462,Diana Ponce,F,9th,Bailey High School,82,98
21463,Michele Clark,F,11th,Bailey High School,87,85
21464,Alexander Carson,M,12th,Bailey High School,91,77
21465,Theresa Miller,F,11th,Bailey High School,90,59
21466,Jonathan Park,M,11th,Bailey High School,74,75
21467,Nicole Owens,F,10th,Bailey High School,79,77
21468,James Young,M,11th,Bailey High School,95,68
21469,Brian Dickson,M,11th,Bailey High School,68,97
21470,Anthony Mack,M,12th,Bailey High School,67,69
21471,Ariel Chambers,F,11th,Bailey High School,86,76
21472,Jamie Walker,M,12th,Bailey High School,82,99
21473,Kenneth Raymond,M,9th,Bailey High School,90,70
21474,Elizabeth Welch,F,12th,Bailey High School,73,96
21475,Ray Hoffman,M,9th,Bailey High School,79,84
21476,Mrs. Kathleen Cook,F,11th,Bailey High School,89,57
21477,Sheila Green,F,11th,Bailey High School,85,99
21478,Mary Garza,F,9th,Bailey High School,75,69
21479,Jessica Smith,F,10th,Bailey High School,67,77
21480,Antonio Oconnor,M,12th,Bailey High School,93,71
21481,Robert Diaz,M,9th,Bailey High School,69,92
21482,Michael Cordova,M,12th,Bailey High School,75,87
21483,Marie Stanley,F,9th,Bailey High School,82,78
21484,Amanda Solomon,F,9th,Bailey High School,67,80
21485,Robert Olson ,M,10th,Bailey High School,75,71
21486,Patricia Cohen,F,11th,Bailey High School,96,87
21487,Courtney Pena,F,10th,Bailey High School,98,79
21488,Kara Smith,F,12th,Bailey High School,81,62
21489,Samuel Richardson,M,12th,Bailey High School,68,98
21490,Martin Phillips,M,11th,Bailey High School,76,92
21491,Scott Brewer,M,9th,Bailey High School,70,64
21492,Linda Calhoun,F,11th,Bailey High School,76,91
21493,James Stephens,M,10th,Bailey High School,78,68
21494,Benjamin Evans,M,10th,Bailey High School,99,90
21495,James Williams,M,11th,Bailey High School,68,92
21496,Kathy Bright,F,9th,Bailey High School,70,97
21497,Amber Lopez,F,10th,Bailey High School,64,72
21498,Ashley Berg,F,10th,Bailey High School,95,81
21499,Lisa Gonzalez,F,10th,Bailey High School,69,63
21500,Daryl Johnson,M,12th,Bailey High School,71,89
21501,Kristen Cross,F,9th,Bailey High School,80,84
21502,Walter Moran,M,12th,Bailey High School,76,99
21503,Kyle Gomez,M,12th,Bailey High School,99,58
21504,Lonnie Herrera,M,12th,Bailey High School,97,87
21505,Maria Hubbard,F,11th,Bailey High School,69,66
21506,Abigail Young,F,9th,Bailey High School,86,58
21507,Melissa Thompson,F,10th,Bailey High School,72,69
21508,Michael Cooper,M,9th,Bailey High School,99,98
21509,Tiffany Lee,F,11th,Bailey High School,82,58
21510,John Brown,M,10th,Bailey High School,73,65
21511,David Davis,M,9th,Bailey High School,87,87
21512,Shane Gibson,M,12th,Bailey High School,68,56
21513,Steven Myers,M,9th,Bailey High School,65,90
21514,Nancy Ross,F,9th,Bailey High School,96,61
21515,Mark Everett,M,9th,Bailey High School,66,65
21516,Steve Walker,M,9th,Bailey High School,70,73
21517,Mary Rodriguez,F,11th,Bailey High School,69,97
21518,Jonathan Byrd,M,9th,Bailey High School,64,77
21519,Ralph Moyer,M,11th,Bailey High School,70,86
21520,Nicholas Diaz,M,9th,Bailey High School,68,63
21521,Christie Mejia,F,10th,Bailey High School,67,62
21522,Carl Edwards,M,10th,Bailey High School,96,58
21523,Stacy Davis,F,9th,Bailey High School,68,75
21524,Angela Townsend,F,9th,Bailey High School,98,76
21525,Robert Berry,M,12th,Bailey High School,86,72
21526,Sabrina Franco,F,12th,Bailey High School,87,87
21527,Richard Cherry ,M,9th,Bailey High School,66,89
21528,Melissa Flores,F,12th,Bailey High School,79,63
21529,Madeline Brown,F,12th,Bailey High School,99,57
21530,Ryan Gonzalez,M,10th,Bailey High School,63,87
21531,Timothy Griffin,M,9th,Bailey High School,92,75
21532,Jeffrey Shepard ,M,11th,Bailey High School,77,69
21533,Lisa Pacheco,F,10th,Bailey High School,88,99
21534,Terry King,M,11th,Bailey High School,96,60
21535,James Holland ,M,9th,Bailey High School,66,98
21536,Tanya Smith,F,11th,Bailey High School,91,62
21537,Kevin Robinson,M,10th,Bailey High School,64,64
21538,Nicholas Tanner,M,9th,Bailey High School,69,94
21539,David Davis,M,9th,Bailey High School,70,60
21540,Gilbert Hodges,M,12th,Bailey High School,65,81
21541,Shawn Robinson,M,12th,Bailey High School,97,67
21542,Daniel Martinez,M,9th,Bailey High School,73,86
21543,Amanda King,F,11th,Bailey High School,85,57
21544,Stephanie Hatfield,F,10th,Bailey High School,68,69
21545,Madison Conley,F,12th,Bailey High School,98,76
21546,Teresa Odonnell,F,10th,Bailey High School,99,70
21547,Lauren Campbell,F,9th,Bailey High School,83,76
21548,Stephanie Mayer,F,10th,Bailey High School,86,60
21549,Lisa Johnson,F,11th,Bailey High School,76,80
21550,Jordan Woods,F,10th,Bailey High School,78,78
21551,Nancy Patel,F,11th,Bailey High School,95,98
21552,Timothy Gomez,M,9th,Bailey High School,68,75
21553,Ray Campbell,M,12th,Bailey High School,85,84
21554,Robert Landry,M,9th,Bailey High School,63,79
21555,Karina Welch,F,10th,Bailey High School,95,70
21556,Helen Hall,F,12th,Bailey High School,88,63
21557,Jamie Bailey,F,9th,Bailey High School,66,86
21558,Michaela Daniels,F,12th,Bailey High School,80,81
21559,Tammy Daugherty,F,12th,Bailey High School,71,59
21560,Sarah Dennis,F,11th,Bailey High School,95,80
21561,Nicole Chavez,F,12th,Bailey High School,78,87
21562,David Hoffman,M,10th,Bailey High School,78,87
21563,Diane Reynolds,F,10th,Bailey High School,70,72
21564,Jessica Meyer,F,12th,Bailey High School,95,97
21565,Kenneth Alexander,M,9th,Bailey High School,72,70
21566,Lisa Hernandez,F,11th,Bailey High School,73,83
21567,Jack Johnson,M,10th,Bailey High School,80,93
21568,Kristin Thornton,F,11th,Bailey High School,70,58
21569,Christine Williams,F,10th,Bailey High School,64,72
21570,Timothy Davidson,M,12th,Bailey High School,83,60
21571,Monique House,F,10th,Bailey High School,92,62
21572,Stacie Kramer,F,11th,Bailey High School,81,86
21573,Courtney Valenzuela,F,12th,Bailey High School,83,60
21574,Craig Mcgee,M,10th,Bailey High School,67,58
21575,Matthew Garcia,M,9th,Bailey High School,81,65
21576,Rebecca Williams,F,11th,Bailey High School,98,56
21577,Melissa Shepherd,F,11th,Bailey High School,67,62
21578,Tanya Hawkins,F,9th,Bailey High School,91,92
21579,Manuel Turner,M,10th,Bailey High School,84,78
21580,Richard Wallace,M,11th,Bailey High School,98,82
21581,Jacob Porter,M,9th,Bailey High School,86,62
21582,Patricia Baker,F,9th,Bailey High School,78,94
21583,April Jones,F,12th,Bailey High School,70,88
21584,Ryan Horn,M,12th,Bailey High School,95,92
21585,Rebecca Floyd,F,9th,Bailey High School,82,96
21586,Victoria Myers,F,12th,Bailey High School,75,93
21587,Michele Nelson,F,10th,Bailey High School,71,72
21588,John Smith,M,12th,Bailey High School,63,96
21589,David Santos,M,12th,Bailey High School,68,96
21590,Joshua Montgomery ,M,10th,Bailey High School,66,95
21591,Robin Thomas,F,12th,Bailey High School,90,56
21592,Denise Cameron,F,11th,Bailey High School,72,66
21593,Keith Gonzalez,M,10th,Bailey High School,65,66
21594,Brooke Long,F,12th,Bailey High School,69,64
21595,Mark Jordan,M,9th,Bailey High School,69,91
21596,Bryan Mayer,M,9th,Bailey High School,98,65
21597,Sylvia Brown,F,12th,Bailey High School,90,72
21598,Tiffany Allen,F,10th,Bailey High School,85,55
21599,Wendy Martinez,F,11th,Bailey High School,90,97
21600,Michelle Weber,F,11th,Bailey High School,69,84
21601,Jenna Dickerson,F,9th,Bailey High School,84,64
21602,Megan Humphrey,F,11th,Bailey High School,95,55
21603,Paul Davis,M,10th,Bailey High School,76,59
21604,Michael Davis,M,12th,Bailey High School,89,78
21605,Mary Eaton,F,9th,Bailey High School,80,87
21606,Kathleen Fuller,F,11th,Bailey High School,73,93
21607,Jill Morales,F,10th,Bailey High School,85,58
21608,Erika West,F,11th,Bailey High School,92,58
21609,Cynthia George,F,9th,Bailey High School,86,62
21610,Alan Obrien,M,11th,Bailey High School,92,72
21611,Mary Clayton,F,11th,Bailey High School,68,98
21612,Justin Pennington,M,11th,Bailey High School,83,57
21613,Kathy Burgess,F,9th,Bailey High School,79,84
21614,Brett Jennings,M,9th,Bailey High School,72,98
21615,Samuel Waters,M,10th,Bailey High School,74,75
21616,Frank Roberson,M,9th,Bailey High School,79,76
21617,Karen Shannon,F,10th,Bailey High School,80,83
21618,Brandon Gardner,M,9th,Bailey High School,90,56
21619,Kevin Armstrong,M,11th,Bailey High School,65,77
21620,Stephen Mccall,M,12th,Bailey High School,99,63
21621,Anthony Long,M,12th,Bailey High School,67,98
21622,Debbie Smith,F,10th,Bailey High School,91,56
21623,Kim Lewis,F,9th,Bailey High School,89,90
21624,Matthew Boyd,M,10th,Bailey High School,81,91
21625,Kevin Andrews PhD,M,12th,Bailey High School,66,71
21626,Diane Vaughn,F,12th,Bailey High School,68,72
21627,Edward Munoz,M,9th,Bailey High School,68,65
21628,Theresa Allen,F,10th,Bailey High School,70,72
21629,Ronald Rose,M,11th,Bailey High School,98,68
21630,Samantha Meadows,F,11th,Bailey High School,81,93
21631,Lisa Thompson,F,11th,Bailey High School,80,60
21632,Rachel Gilbert,F,9th,Bailey High School,78,76
21633,Christina Haynes,F,10th,Bailey High School,75,82
21634,Donna Riddle,F,9th,Bailey High School,72,81
21635,Natalie Malone,F,10th,Bailey High School,64,85
21636,Matthew Hernandez,M,10th,Bailey High School,97,70
21637,Christopher Tate,M,9th,Bailey High School,76,66
21638,Ricky Miller,M,10th,Bailey High School,80,79
21639,Linda Anderson,F,12th,Bailey High School,79,62
21640,Shannon Farmer,F,10th,Bailey High School,88,91
21641,Jill Lawrence,F,10th,Bailey High School,79,59
21642,Kenneth Cox,M,12th,Bailey High School,68,75
21643,Michelle Ellis,F,11th,Bailey High School,82,79
21644,Meghan Hart,F,12th,Bailey High School,70,56
21645,Bobby Solomon,M,11th,Bailey High School,80,98
21646,Dana Walker,F,12th,Bailey High School,84,98
21647,Cassandra Waters,F,11th,Bailey High School,78,66
21648,Michael Davis,M,9th,Bailey High School,94,78
21649,Lori Wilson,F,11th,Bailey High School,76,82
21650,Louis Mcdaniel,M,9th,Bailey High School,81,98
21651,Gregory Jones,M,10th,Bailey High School,67,92
21652,Kyle Spears,M,11th,Bailey High School,64,82
21653,Nicole Burgess,F,9th,Bailey High School,98,64
21654,David Jensen,M,9th,Bailey High School,98,82
21655,Nicole Goodwin,F,9th,Bailey High School,99,88
21656,Christopher Welch,M,9th,Bailey High School,82,92
21657,Jared Lynch,M,9th,Bailey High School,74,71
21658,Joseph Hanson,M,11th,Bailey High School,94,61
21659,Sara Bray,F,11th,Bailey High School,67,90
21660,Kenneth Carter,M,10th,Bailey High School,95,77
21661,Nicole Buck,F,9th,Bailey High School,76,85
21662,Rachel Diaz,F,10th,Bailey High School,96,87
21663,Michael Rogers,M,12th,Bailey High School,71,82
21664,Karen Ellis,F,10th,Bailey High School,70,73
21665,Dawn Lawson,F,12th,Bailey High School,63,75
21666,Jacob Dixon,M,10th,Bailey High School,86,81
21667,Angela Phelps,F,10th,Bailey High School,71,85
21668,David Gutierrez,M,9th,Bailey High School,82,57
21669,Stephanie Harrison,F,9th,Bailey High School,90,82
21670,Robert Salazar,M,11th,Bailey High School,66,62
21671,Sabrina Barton,F,10th,Bailey High School,78,63
21672,William Peterson,M,9th,Bailey High School,75,93
21673,Gregory Vasquez,M,12th,Bailey High School,67,96
21674,Molly Mason,F,9th,Bailey High School,63,87
21675,Matthew Fritz,M,10th,Bailey High School,79,95
21676,Kelly Bishop,F,11th,Bailey High School,81,73
21677,Joshua Reynolds,M,10th,Bailey High School,93,98
21678,Michelle Perez,F,11th,Bailey High School,83,81
21679,Albert Wright,M,9th,Bailey High School,65,84
21680,Rachel Mcmahon,F,12th,Bailey High School,66,62
21681,Julie Cooper,F,10th,Bailey High School,98,95
21682,Ian Contreras,M,11th,Bailey High School,77,79
21683,Shane Bennett,M,12th,Bailey High School,81,68
21684,Joshua Fernandez,M,9th,Bailey High School,69,93
21685,Kendra Ward,F,9th,Bailey High School,65,72
21686,Earl Caldwell,M,9th,Bailey High School,77,90
21687,Christopher Hernandez,M,10th,Bailey High School,75,62
21688,Shane Martinez,M,9th,Bailey High School,79,82
21689,Elizabeth Johnson,F,9th,Bailey High School,90,65
21690,Jessica Gonzalez,F,10th,Bailey High School,81,94
21691,Jesse Dalton,M,10th,Bailey High School,97,81
21692,Melissa Parks,F,9th,Bailey High School,69,87
21693,Aaron Mitchell,M,10th,Bailey High School,94,60
21694,Jennifer Petty,F,9th,Bailey High School,84,72
21695,Kathryn Coleman,F,10th,Bailey High School,95,65
21696,David Weber,M,10th,Bailey High School,72,96
21697,Jill Wheeler,F,12th,Bailey High School,96,94
21698,Michael Lee,M,9th,Bailey High School,90,91
21699,Tracy Wells,F,10th,Bailey High School,81,68
21700,Felicia Nguyen,F,10th,Bailey High School,78,88
21701,Austin Moore,M,9th,Bailey High School,82,80
21702,Charles Wilson,M,12th,Bailey High School,63,56
21703,William Waters,M,12th,Bailey High School,68,93
21704,Dustin Moss,M,9th,Bailey High School,97,72
21705,Robin White,F,10th,Bailey High School,64,92
21706,Debra Rodriguez,F,11th,Bailey High School,69,64
21707,Anthony Montgomery,M,11th,Bailey High School,96,84
21708,Mark Spencer,M,11th,Bailey High School,96,71
21709,Connie Skinner,F,10th,Bailey High School,98,66
21710,Jennifer Gray,F,12th,Bailey High School,84,79
21711,Jeremiah Holder,M,12th,Bailey High School,67,77
21712,Kristine Wade,F,9th,Bailey High School,90,79
21713,William Flores,M,12th,Bailey High School,71,65
21714,Jeffrey Davis,M,9th,Bailey High School,73,69
21715,Lisa Vasquez,F,9th,Bailey High School,72,90
21716,Kenneth Avila Jr.,M,9th,Bailey High School,99,59
21717,Sergio May,M,9th,Bailey High School,65,84
21718,Laura Evans,F,12th,Bailey High School,76,82
21719,Leah Palmer,F,10th,Bailey High School,89,81
21720,Connor Landry,M,11th,Bailey High School,92,76
21721,Nathan Rollins,M,12th,Bailey High School,82,88
21722,Ronnie Jones,M,10th,Bailey High School,94,72
21723,David Richardson,M,9th,Bailey High School,95,80
21724,Alex Flowers,M,12th,Bailey High School,92,68
21725,Lisa Walker,F,11th,Bailey High School,81,98
21726,Andrew Pierce,M,9th,Bailey High School,73,74
21727,Taylor Barron,F,11th,Bailey High School,67,89
21728,Patrick Galvan,M,10th,Bailey High School,65,58
21729,Jonathan Strong,M,11th,Bailey High School,86,97
21730,Kevin Howard,M,11th,Bailey High School,93,63
21731,Christian Mueller,M,9th,Bailey High School,77,63
21732,Barbara Hart,F,10th,Bailey High School,84,71
21733,David Wood,M,9th,Bailey High School,91,79
21734,John Lawrence,M,11th,Bailey High School,86,86
21735,John Garcia,M,11th,Bailey High School,65,77
21736,Daniel Cross,M,12th,Bailey High School,67,56
21737,Robin Brown,F,9th,Bailey High School,99,77
21738,John Perez,M,11th,Bailey High School,69,66
21739,Brian Mclaughlin,M,10th,Bailey High School,90,68
21740,Nancy Brown,F,11th,Bailey High School,98,69
21741,Kelly Hamilton,M,12th,Bailey High School,69,84
21742,Michael Greene,M,11th,Bailey High School,64,80
21743,Amber Smith,F,12th,Bailey High School,69,98
21744,Kristin Carlson,F,10th,Bailey High School,75,75
21745,Benjamin Valdez,M,10th,Bailey High School,66,87
21746,David Harris,M,12th,Bailey High School,94,81
21747,Sarah Garcia,F,11th,Bailey High School,92,56
21748,Elizabeth Allen,F,10th,Bailey High School,78,84
21749,Diana Ayala,F,11th,Bailey High School,70,71
21750,Julie Hunt,F,10th,Bailey High School,75,68
21751,Timothy Hill,M,9th,Bailey High School,89,99
21752,Sylvia Atkins,F,10th,Bailey High School,69,81
21753,William Hudson,M,12th,Bailey High School,72,76
21754,Paula Jones,F,12th,Bailey High School,65,57
21755,Briana Stone,F,12th,Bailey High School,63,61
21756,Chelsea Wade,F,10th,Bailey High School,83,88
21757,Joe Meadows,M,10th,Bailey High School,74,80
21758,Jack Lowe,M,10th,Bailey High School,92,88
21759,Jesus Johnson,M,10th,Bailey High School,78,86
21760,Steven Webster,M,9th,Bailey High School,86,61
21761,Henry Ramirez,M,9th,Bailey High School,93,73
21762,Christopher Sullivan,M,10th,Bailey High School,88,86
21763,Jared Ward,M,11th,Bailey High School,65,61
21764,Michael Romero,M,9th,Bailey High School,83,93
21765,Jody Hunter,F,9th,Bailey High School,80,69
21766,Carol Duffy,F,10th,Bailey High School,96,64
21767,Caitlyn Smith,F,9th,Bailey High School,85,70
21768,Sarah Smith,F,10th,Bailey High School,64,82
21769,Joshua Santiago,M,10th,Bailey High School,97,89
21770,Jacqueline Davis,F,12th,Bailey High School,91,97
21771,Jonathan Mercer,M,10th,Bailey High School,80,78
21772,Desiree Castro,F,9th,Bailey High School,83,82
21773,Jessica Miller,F,12th,Bailey High School,90,56
21774,Antonio Mason,M,12th,Bailey High School,65,56
21775,Melanie Esparza,F,9th,Bailey High School,94,61
21776,Holly Mcpherson,F,9th,Bailey High School,99,59
21777,Zachary Rivera,M,9th,Bailey High School,63,62
21778,Carol Hughes,F,11th,Bailey High School,67,69
21779,Jason Lopez Jr.,M,12th,Bailey High School,70,75
21780,Darlene Smith,F,10th,Bailey High School,68,89
21781,Brianna Whitney,F,10th,Bailey High School,77,63
21782,Jeffrey Mendoza,M,12th,Bailey High School,92,96
21783,Christine Hill,F,9th,Bailey High School,93,79
21784,Caitlin Johnson,F,11th,Bailey High School,88,75
21785,Jasmine Obrien,F,10th,Bailey High School,79,65
21786,Brandon Flowers,M,9th,Bailey High School,98,78
21787,Robert Boyer,M,12th,Bailey High School,67,78
21788,Laura Cummings,F,10th,Bailey High School,89,91
21789,Jason Powell,M,12th,Bailey High School,84,70
21790,Dawn Hill,F,11th,Bailey High School,91,94
21791,Dana Strickland,F,11th,Bailey High School,79,70
21792,Kristina Walker,F,12th,Bailey High School,88,88
21793,Michael Tucker,M,9th,Bailey High School,72,78
21794,Victor Ingram,M,12th,Bailey High School,68,91
21795,Lisa Green,F,10th,Bailey High School,80,76
21796,Alexander Norman,M,10th,Bailey High School,93,64
21797,Bonnie Valentine,F,12th,Bailey High School,87,88
21798,Vernon Young,M,12th,Bailey High School,65,92
21799,Henry Morris,M,10th,Bailey High School,84,62
21800,Zachary Parker,M,10th,Bailey High School,63,79
21801,Erika Jones,F,10th,Bailey High School,71,58
21802,Misty Hatfield,F,9th,Bailey High School,91,81
21803,Christine Burton,F,9th,Bailey High School,74,83
21804,Nicole Moore,F,11th,Bailey High School,97,67
21805,James Garcia,M,12th,Bailey High School,99,90
21806,David Munoz,M,11th,Bailey High School,85,58
21807,James Smith,M,9th,Bailey High School,72,94
21808,Tracy Stein,F,9th,Bailey High School,66,73
21809,Charles Holt,M,9th,Bailey High School,87,89
21810,Brenda Skinner,F,11th,Bailey High School,86,83
21811,Amy Brown,F,9th,Bailey High School,87,62
21812,Summer Hunt,F,9th,Bailey High School,74,87
21813,James Morales,M,12th,Bailey High School,65,81
21814,Gavin Mckinney,M,10th,Bailey High School,97,67
21815,Andrea Bennett,F,11th,Bailey High School,90,73
21816,Sarah Miller,F,10th,Bailey High School,70,60
21817,Joshua Graham,M,10th,Bailey High School,70,98
21818,Parker Carter ,M,12th,Bailey High School,84,82
21819,Jerry Brown,M,11th,Bailey High School,74,58
21820,Dennis Wells ,M,11th,Bailey High School,93,84
21821,Sharon Dillon,F,10th,Bailey High School,93,97
21822,Todd Williams,M,9th,Bailey High School,85,72
21823,Steven Nelson,M,9th,Bailey High School,65,86
21824,Jennifer Harrison,F,11th,Bailey High School,86,76
21825,Kathleen Hall,F,10th,Bailey High School,93,85
21826,Melissa Tran,F,9th,Bailey High School,67,84
21827,Brenda Williams,F,10th,Bailey High School,75,62
21828,Samantha Johnson,F,12th,Bailey High School,81,73
21829,Tammy Morton,F,12th,Bailey High School,85,69
21830,Edward Gonzalez,M,12th,Bailey High School,88,75
21831,Sandra Lane,F,10th,Bailey High School,71,90
21832,Jamie Jackson,F,12th,Bailey High School,96,98
21833,Shelby Rodriguez,F,9th,Bailey High School,76,79
21834,Brian Morales,M,9th,Bailey High School,77,93
21835,Cassandra Garrett,F,10th,Bailey High School,70,61
21836,Tonya Armstrong,F,11th,Bailey High School,85,84
21837,Jennifer Huang,F,9th,Bailey High School,96,91
21838,Christopher Doyle,M,10th,Bailey High School,94,77
21839,Sharon Roberts,F,11th,Bailey High School,81,87
21840,Elizabeth Munoz,F,9th,Bailey High School,85,58
21841,Victor Burke,M,10th,Bailey High School,95,92
21842,Steven Newton,M,9th,Bailey High School,65,69
21843,Dana Lee,F,10th,Bailey High School,92,84
21844,Robyn Hernandez,F,9th,Bailey High School,82,55
21845,Jacqueline Alvarez,F,11th,Bailey High School,74,95
21846,James Jordan,M,11th,Bailey High School,88,68
21847,Allen Hall,M,10th,Bailey High School,78,56
21848,Terry Turner,M,10th,Bailey High School,95,94
21849,Nicholas Jones,M,9th,Bailey High School,94,70
21850,Rachel Petersen,F,12th,Bailey High School,65,65
21851,Patricia Lopez,F,11th,Bailey High School,96,72
21852,James Ray,M,10th,Bailey High School,83,63
21853,Jeffery Tran,M,10th,Bailey High School,66,76
21854,Michael Caldwell,M,12th,Bailey High School,74,88
21855,Michael Turner,M,12th,Bailey High School,80,64
21856,Michael Gonzalez,M,12th,Bailey High School,63,72
21857,Alexis Bartlett,F,12th,Bailey High School,65,97
21858,Michele Coleman,F,10th,Bailey High School,95,82
21859,Adrienne Taylor,F,12th,Bailey High School,81,73
21860,Christopher Nelson,M,12th,Bailey High School,99,83
21861,Curtis Lee,M,9th,Bailey High School,93,55
21862,Mrs. Carol White,F,10th,Bailey High School,81,95
21863,Courtney Stephenson ,F,11th,Bailey High School,80,67
21864,Zachary Stone,M,11th,Bailey High School,94,94
21865,Andrea Rose,F,9th,Bailey High School,66,79
21866,Wendy Peterson,F,9th,Bailey High School,67,57
21867,Jennifer Hernandez,F,9th,Bailey High School,97,79
21868,Tara Rodriguez,F,11th,Bailey High School,76,70
21869,Corey Berry,M,9th,Bailey High School,75,71
21870,Nicole Williams,F,9th,Bailey High School,92,68
21871,Steven Ramirez,M,10th,Bailey High School,67,86
21872,Michael Burns,M,11th,Bailey High School,73,68
21873,Rita Reynolds,F,9th,Bailey High School,90,57
21874,Brian Robinson,M,11th,Bailey High School,95,99
21875,Katherine Franco,F,10th,Bailey High School,77,67
21876,Shannon Cooper,M,11th,Bailey High School,90,94
21877,Sara Owens,F,9th,Bailey High School,86,77
21878,Martha Stone,F,11th,Bailey High School,63,71
21879,Evan Moore,M,9th,Bailey High School,99,87
21880,Kendra Wells,F,12th,Bailey High School,66,93
21881,Andrew Holmes,M,12th,Bailey High School,77,71
21882,Sarah Bryant,F,9th,Bailey High School,76,98
21883,Gabriel Mccall,M,12th,Bailey High School,86,92
21884,Marvin Bridges,M,10th,Bailey High School,67,70
21885,Gail Campbell,F,9th,Bailey High School,73,72
21886,Terrence Welch,M,11th,Bailey High School,75,87
21887,Jennifer Harris,F,12th,Bailey High School,90,84
21888,Ryan Payne,M,11th,Bailey High School,86,72
21889,Eileen Potter,F,12th,Bailey High School,92,75
21890,Heather Keller,F,10th,Bailey High School,80,64
21891,Dylan Franco,M,9th,Bailey High School,71,75
21892,Jeffrey Robinson,M,12th,Bailey High School,82,58
21893,Philip Anderson,M,11th,Bailey High School,75,69
21894,Seth Villarreal ,M,10th,Bailey High School,80,90
21895,Kaylee Oconnor,F,10th,Bailey High School,65,93
21896,Vincent Lester,M,11th,Bailey High School,70,66
21897,Christopher Rosales,M,10th,Bailey High School,89,96
21898,Robert Russell,M,12th,Bailey High School,87,72
21899,Michael Miller,M,12th,Bailey High School,79,90
21900,Annette Wilson,F,11th,Bailey High School,86,60
21901,Lindsey Noble,F,9th,Bailey High School,95,65
21902,Daniel Lewis,M,10th,Bailey High School,63,90
21903,Alexandra Black,F,12th,Bailey High School,70,89
21904,Derrick Silva,M,10th,Bailey High School,79,88
21905,Matthew Jackson,M,9th,Bailey High School,93,72
21906,Brian Fischer,M,11th,Bailey High School,88,73
21907,Renee Smith,F,12th,Bailey High School,98,56
21908,Madeline Nelson,F,10th,Bailey High School,82,58
21909,Carla Hamilton,F,11th,Bailey High School,83,91
21910,Cynthia Hall,F,12th,Bailey High School,83,78
21911,Barbara Calderon,F,11th,Bailey High School,87,61
21912,Justin Richmond,M,12th,Bailey High School,78,87
21913,Mrs. Sabrina Murillo ,F,12th,Bailey High School,98,56
21914,Morgan Thomas,F,9th,Bailey High School,89,67
21915,Jeremy Garcia,M,11th,Bailey High School,72,67
21916,Elizabeth Chase,F,9th,Bailey High School,72,70
21917,Ernest Barnes,M,9th,Bailey High School,98,79
21918,Tanya Tyler,F,11th,Bailey High School,68,83
21919,Mary Estrada,F,10th,Bailey High School,74,81
21920,Richard Shelton,M,9th,Bailey High School,89,55
21921,Shannon Lewis,F,12th,Bailey High School,67,78
21922,Karen Bridges,F,9th,Bailey High School,79,81
21923,Cynthia Stone,F,9th,Bailey High School,72,59
21924,Elizabeth Gibson,F,10th,Bailey High School,97,75
21925,Jorge Daniel,M,12th,Bailey High School,97,57
21926,Katie Gentry,F,12th,Bailey High School,70,73
21927,Victor Perkins,M,11th,Bailey High School,74,66
21928,Kristin Sloan,F,9th,Bailey High School,78,99
21929,Jennifer Cunningham,F,9th,Bailey High School,93,88
21930,Jonathan Jones,M,10th,Bailey High School,78,70
21931,Todd Rose,M,11th,Bailey High School,77,99
21932,Robyn Wright,F,10th,Bailey High School,92,69
21933,Rebecca Chapman,F,9th,Bailey High School,89,87
21934,Carrie Michael,F,10th,Bailey High School,86,72
21935,Stacey Terry,F,9th,Bailey High School,76,83
21936,John Shaw,M,9th,Bailey High School,69,86
21937,Heather Gordon,F,10th,Bailey High School,86,95
21938,Eric Gordon,M,9th,Bailey High School,73,62
21939,William Rowland,M,10th,Bailey High School,94,58
21940,Amber Diaz,F,9th,Bailey High School,98,57
21941,Luis Ellis,M,11th,Bailey High School,65,67
21942,Scott Harrell,M,11th,Bailey High School,83,76
21943,Rachel Kelly,F,9th,Bailey High School,87,98
21944,Colleen Reed,F,12th,Bailey High School,78,58
21945,Tammy Coleman,F,10th,Bailey High School,93,95
21946,Melanie Wilkins,F,12th,Bailey High School,84,75
21947,David Gould,M,11th,Bailey High School,81,93
21948,Manuel Aguirre,M,10th,Bailey High School,74,60
21949,Katherine Smith,F,11th,Bailey High School,87,61
21950,Mrs. Brenda Johnson ,F,12th,Bailey High School,87,69
21951,Amber Cooper,F,10th,Bailey High School,87,92
21952,Shannon Martin,F,10th,Bailey High School,82,63
21953,Austin Pena,M,10th,Bailey High School,65,57
21954,Kellie Brown,F,10th,Bailey High School,70,76
21955,Ashley Walter,F,9th,Bailey High School,87,88
21956,Raymond Aguilar,M,12th,Bailey High School,80,99
21957,Brittany Smith,F,11th,Bailey High School,98,95
21958,Michael Porter,M,11th,Bailey High School,86,90
21959,Daniel Haley,M,9th,Bailey High School,63,62
21960,Robert Hendrix,M,9th,Bailey High School,75,67
21961,Thomas Hall,M,10th,Bailey High School,66,78
21962,William Ward,M,12th,Bailey High School,95,81
21963,Donna Holmes,F,9th,Bailey High School,75,84
21964,Matthew Leach,M,11th,Bailey High School,64,66
21965,Zachary Powers,M,12th,Bailey High School,83,86
21966,Tanner Glover,M,10th,Bailey High School,90,89
21967,Kristen Clark,F,12th,Bailey High School,82,69
21968,Travis Brandt,M,11th,Bailey High School,98,66
21969,Jo Mccarthy,F,12th,Bailey High School,83,63
21970,Kenneth Howard,M,9th,Bailey High School,66,73
21971,Kimberly Abbott,F,11th,Bailey High School,68,70
21972,Donald Mills,M,9th,Bailey High School,80,75
21973,Lori Williams,F,11th,Bailey High School,87,85
21974,Michael Scott,M,9th,Bailey High School,79,93
21975,Scott Anderson,M,10th,Bailey High School,75,77
21976,Shannon Thompson,F,10th,Bailey High School,69,89
21977,Andre Brady,M,10th,Bailey High School,76,82
21978,Erik Gibson,M,12th,Bailey High School,84,78
21979,Kelly Anderson,F,10th,Bailey High School,79,82
21980,Derek Allen,M,10th,Bailey High School,93,94
21981,Thomas Sanders,M,9th,Bailey High School,66,76
21982,Joseph Hughes,M,11th,Bailey High School,91,81
21983,Marcus Ortiz,M,10th,Bailey High School,70,99
21984,Rebecca Collins,F,11th,Bailey High School,83,98
21985,Rebecca Mccormick,F,12th,Bailey High School,83,77
21986,Benjamin Adkins,M,10th,Bailey High School,64,65
21987,Eric Andrews,M,12th,Bailey High School,90,63
21988,Teresa Osborne,F,12th,Bailey High School,76,79
21989,Linda Bailey,F,12th,Bailey High School,90,61
21990,Jack Miller,M,10th,Bailey High School,77,79
21991,Zachary Hines,M,12th,Bailey High School,73,61
21992,Joseph Mullins,M,12th,Bailey High School,92,70
21993,Deanna Perry,F,12th,Bailey High School,67,57
21994,Andrew Rodriguez,M,11th,Bailey High School,97,71
21995,Hannah Edwards,F,10th,Bailey High School,79,85
21996,Franklin Robertson,M,12th,Bailey High School,77,91
21997,Teresa Sullivan,F,9th,Bailey High School,75,57
21998,Briana Lucas,F,9th,Bailey High School,70,72
21999,Kimberly Martinez,F,10th,Bailey High School,88,71
22000,Roy Rodriguez,M,10th,Bailey High School,73,64
22001,Kyle Roberts,M,9th,Bailey High School,97,80
22002,Elizabeth Williams,F,10th,Bailey High School,75,93
22003,George Lopez,M,11th,Bailey High School,73,80
22004,Jessica Foster,F,12th,Bailey High School,95,86
22005,Casey Evans,F,10th,Bailey High School,76,79
22006,Rachel Terrell,F,11th,Bailey High School,87,87
22007,Christopher Allison,M,10th,Bailey High School,87,79
22008,Matthew Willis,M,10th,Bailey High School,73,60
22009,Sheri Thomas,F,9th,Bailey High School,85,60
22010,Marc Chaney,M,11th,Bailey High School,78,97
22011,Diana Hale,F,11th,Bailey High School,99,75
22012,Rachel Miller,F,12th,Bailey High School,89,65
22013,Jordan Patterson,F,9th,Bailey High School,79,74
22014,Mike Duncan,M,12th,Bailey High School,73,94
22015,Anthony Garrett ,M,11th,Bailey High School,98,61
22016,Deborah Rollins,F,9th,Bailey High School,83,87
22017,Allison White,F,9th,Bailey High School,63,59
22018,Timothy Stewart,M,9th,Bailey High School,98,79
22019,Brenda Townsend,F,10th,Bailey High School,70,81
22020,Tina Campbell,F,11th,Bailey High School,96,97
22021,Andre Smith,M,11th,Bailey High School,95,92
22022,Richard Romero,M,11th,Bailey High School,97,97
22023,Jerry Lewis,M,10th,Bailey High School,72,88
22024,Dominique Garcia,F,10th,Bailey High School,93,72
22025,Sarah Gonzalez,F,12th,Bailey High School,88,99
22026,Michele Acosta,F,12th,Bailey High School,78,86
22027,Anne Shelton,F,11th,Bailey High School,73,55
22028,Amanda Nelson,F,9th,Bailey High School,96,68
22029,Jeffrey Miles,M,10th,Bailey High School,77,67
22030,Sydney Kim,F,9th,Bailey High School,64,90
22031,Mathew Tucker,M,12th,Bailey High School,94,68
22032,Aaron Payne,M,11th,Bailey High School,72,60
22033,Thomas Hines,M,9th,Bailey High School,80,88
22034,Jonathan Martinez,M,10th,Bailey High School,78,90
22035,Jose Delgado,M,11th,Bailey High School,76,88
22036,Michael Foley,M,9th,Bailey High School,75,89
22037,Christian Gibbs,M,12th,Bailey High School,88,73
22038,Lawrence Mitchell,M,10th,Bailey High School,75,71
22039,Wesley Wagner,M,11th,Bailey High School,66,77
22040,Raymond Nguyen,M,11th,Bailey High School,75,87
22041,Robert Wise,M,10th,Bailey High School,97,95
22042,Michael Maxwell,M,10th,Bailey High School,85,64
22043,Alejandro Porter,M,11th,Bailey High School,77,90
22044,Laura Barnes,F,10th,Bailey High School,95,83
22045,Daniel Hall,M,12th,Bailey High School,87,68
22046,Jeremy Singh,M,10th,Bailey High School,84,85
22047,Justin Miller,M,11th,Bailey High School,91,85
22048,Anthony Wade,M,9th,Bailey High School,82,55
22049,Eric Chavez,M,11th,Bailey High School,84,87
22050,Robert Perez,M,9th,Bailey High School,73,71
22051,Charles Owen,M,12th,Bailey High School,96,75
22052,Wendy Finley,F,9th,Bailey High School,77,82
22053,Christopher Williams,M,11th,Bailey High School,88,91
22054,Derek Allen,M,12th,Bailey High School,89,71
22055,David Scott,M,12th,Bailey High School,80,61
22056,Morgan Gonzalez,F,12th,Bailey High School,96,70
22057,Charles Ritter,M,11th,Bailey High School,88,90
22058,Sabrina Rasmussen,F,9th,Bailey High School,79,80
22059,Jason Hunter,M,10th,Bailey High School,74,81
22060,Billy Franco PhD,M,9th,Bailey High School,92,93
22061,Matthew Cannon,M,11th,Bailey High School,94,79
22062,Hannah Barnett,F,11th,Bailey High School,84,63
22063,Jeremiah Rogers,M,10th,Bailey High School,63,64
22064,Donald Vang,M,12th,Bailey High School,86,71
22065,Jason Fleming,M,9th,Bailey High School,96,70
22066,Kelly Oconnor,F,11th,Bailey High School,72,95
22067,Anna Berg,F,11th,Bailey High School,78,73
22068,Pamela Townsend,F,11th,Bailey High School,92,64
22069,Maxwell Leonard,M,9th,Bailey High School,65,97
22070,John Ortiz,M,11th,Bailey High School,93,85
22071,Jonathan Cooper,M,9th,Bailey High School,80,64
22072,Cassandra Coleman,F,10th,Bailey High School,80,75
22073,David Rowe,M,10th,Bailey High School,85,64
22074,Jason Molina,M,12th,Bailey High School,71,62
22075,Randy Blake,M,9th,Bailey High School,90,90
22076,Matthew Mills,M,9th,Bailey High School,73,69
22077,Vincent Mccoy,M,11th,Bailey High School,96,96
22078,Tracy Espinoza,M,9th,Bailey High School,71,86
22079,Brandy Keller,F,9th,Bailey High School,69,80
22080,Anita Scott,F,9th,Bailey High School,64,85
22081,Gabrielle Garrett,F,11th,Bailey High School,66,81
22082,Denise Terrell,F,10th,Bailey High School,70,63
22083,Amber Clark,F,11th,Bailey High School,73,65
22084,Ruth Vargas,F,11th,Bailey High School,66,74
22085,Curtis Moore,M,10th,Bailey High School,87,96
22086,Diana Bradley,F,9th,Bailey High School,99,97
22087,John Gonzalez,M,9th,Bailey High School,99,93
22088,Allen Baxter,M,10th,Bailey High School,78,59
22089,Jason Duke,M,11th,Bailey High School,74,85
22090,Steven Palmer,M,10th,Bailey High School,93,78
22091,Jason Perry,M,10th,Bailey High School,77,73
22092,Jimmy Padilla,M,11th,Bailey High School,74,94
22093,Randy Garrett,M,11th,Bailey High School,76,55
22094,Beth Martin,F,12th,Bailey High School,80,92
22095,Angela Simpson,F,9th,Bailey High School,87,89
22096,Hannah Hicks,F,9th,Bailey High School,63,58
22097,Cody Wilcox,M,9th,Bailey High School,64,84
22098,Albert Romero,M,12th,Bailey High School,90,79
22099,Andrew Boyd,M,10th,Bailey High School,75,59
22100,Shane Davis,M,9th,Bailey High School,79,65
22101,Jacqueline Chandler,F,10th,Bailey High School,95,91
22102,Sandra Perez,F,12th,Bailey High School,71,85
22103,Thomas Walls,M,9th,Bailey High School,82,77
22104,Sarah Williams,F,11th,Bailey High School,78,84
22105,Alexander Chang PhD,M,9th,Bailey High School,82,57
22106,Justin Richard,M,12th,Bailey High School,99,89
22107,Cassandra Franklin,F,11th,Bailey High School,64,68
22108,Francisco Shelton,M,10th,Bailey High School,63,81
22109,Robert Hendricks,M,9th,Bailey High School,70,99
22110,Travis Walker,M,11th,Bailey High School,77,79
22111,Donna Jones,F,10th,Bailey High School,81,68
22112,Robert Beck,M,12th,Bailey High School,99,97
22113,Kimberly Jones,F,9th,Bailey High School,91,68
22114,Jordan Gomez,F,10th,Bailey High School,75,93
22115,James Lopez,M,10th,Bailey High School,91,68
22116,Matthew Boyd,M,10th,Bailey High School,94,77
22117,Michael Clark,M,12th,Bailey High School,79,55
22118,Michele Moore,F,9th,Bailey High School,84,71
22119,Laura Miller,F,9th,Bailey High School,63,86
22120,Kristen Aguirre,F,10th,Bailey High School,73,84
22121,Kristy Miller,F,10th,Bailey High School,95,77
22122,Evan Brown,M,10th,Bailey High School,64,59
22123,Sara Bradford,F,11th,Bailey High School,68,92
22124,Mike Taylor,M,10th,Bailey High School,64,96
22125,Christine Benson,F,10th,Bailey High School,79,92
22126,Jennifer Gonzalez,F,9th,Bailey High School,98,71
22127,Vanessa Garcia,F,9th,Bailey High School,94,78
22128,Dana Barry,F,11th,Bailey High School,70,99
22129,Gerald Kim,M,9th,Bailey High School,72,88
22130,Wendy Shepard,F,9th,Bailey High School,71,70
22131,Erin Garrett,F,10th,Bailey High School,65,86
22132,Ernest Lewis,M,12th,Bailey High School,85,88
22133,Amanda Nielsen,F,11th,Bailey High School,75,69
22134,Terry Bender,M,10th,Bailey High School,93,61
22135,Anna Cooper,F,10th,Bailey High School,65,79
22136,Harold Peterson,M,9th,Bailey High School,96,61
22137,Eddie Williams,M,9th,Bailey High School,90,89
22138,Jessica Ellis,F,12th,Bailey High School,94,97
22139,Joseph Montgomery,M,11th,Bailey High School,82,83
22140,Marc Palmer,M,10th,Bailey High School,74,77
22141,Sarah Rodriguez,F,11th,Bailey High School,75,65
22142,Shawn Obrien,M,9th,Bailey High School,89,82
22143,Robert Haney,M,9th,Bailey High School,78,78
22144,Kathryn Gonzales,F,9th,Bailey High School,91,83
22145,Amy Rice,F,9th,Bailey High School,63,91
22146,Hannah Bruce,F,9th,Bailey High School,72,80
22147,Charlotte Lopez,F,12th,Bailey High School,86,57
22148,Michele Terry,F,9th,Bailey High School,75,98
22149,Krystal Freeman,F,10th,Bailey High School,98,79
22150,Todd Mckee,M,10th,Bailey High School,90,65
22151,James Bowman,M,10th,Bailey High School,98,78
22152,Jennifer Johnson,F,9th,Bailey High School,87,89
22153,Lucas Coleman,M,11th,Bailey High School,77,64
22154,Andrew Scott,M,11th,Bailey High School,70,61
22155,Kristy Snyder,F,12th,Bailey High School,80,96
22156,Warren Gray,M,11th,Bailey High School,64,76
22157,Edward Allen,M,11th,Bailey High School,87,82
22158,Robert Hess,M,10th,Bailey High School,81,98
22159,Tanner Francis,M,10th,Bailey High School,71,90
22160,David Wright,M,9th,Bailey High School,87,85
22161,Sarah Robbins,F,11th,Bailey High School,89,57
22162,Bryan Kim,M,10th,Bailey High School,90,68
22163,Jeffery Banks,M,10th,Bailey High School,64,84
22164,Carlos Smith,M,9th,Bailey High School,87,89
22165,Glenn Bates,M,11th,Bailey High School,64,60
22166,Jennifer Pratt,F,10th,Bailey High School,90,72
22167,Ernest Wong,M,9th,Bailey High School,71,60
22168,Timothy Moss,M,12th,Bailey High School,95,81
22169,Emily Cline,F,10th,Bailey High School,81,87
22170,Anna Allen,F,12th,Bailey High School,88,61
22171,Derrick Chen,M,12th,Bailey High School,89,93
22172,Lindsay Armstrong,F,11th,Bailey High School,64,87
22173,Christian King,M,11th,Bailey High School,78,72
22174,Ashley Daugherty,F,12th,Bailey High School,72,56
22175,Robert Gonzalez,M,11th,Bailey High School,67,55
22176,Patrick Blair,M,12th,Bailey High School,81,56
22177,William Potts,M,9th,Bailey High School,70,68
22178,Andrew Rice,M,10th,Bailey High School,87,61
22179,Mark Jefferson,M,9th,Bailey High School,74,97
22180,Lawrence Rogers,M,10th,Bailey High School,77,80
22181,Alexis Chang,F,10th,Bailey High School,79,97
22182,Michael Alvarez,M,11th,Bailey High School,79,79
22183,Mrs. Cynthia Lopez,F,12th,Bailey High School,65,70
22184,Mitchell Robinson,M,11th,Bailey High School,82,76
22185,Nicole Rollins,F,9th,Bailey High School,97,58
22186,Kristin Schroeder,F,11th,Bailey High School,75,77
22187,Cathy Jenkins,F,11th,Bailey High School,72,59
22188,Jodi Wilson,F,11th,Bailey High School,84,60
22189,Haley Bishop,F,12th,Bailey High School,76,65
22190,Laura Thompson,F,10th,Bailey High School,96,92
22191,John Quinn,M,9th,Bailey High School,79,86
22192,Amanda Hughes,F,12th,Bailey High School,90,99
22193,Andrew Reid,M,9th,Bailey High School,78,56
22194,Kristen King,F,9th,Bailey High School,88,87
22195,Matthew Wilson,M,9th,Bailey High School,64,72
22196,Donna Brewer,F,12th,Bailey High School,99,94
22197,Arthur Lee,M,9th,Bailey High School,84,78
22198,Lori Williams,F,9th,Bailey High School,84,56
22199,Monica Wyatt,F,12th,Bailey High School,92,90
22200,Jessica Richard,F,11th,Bailey High School,99,56
22201,Daniel Garcia,M,9th,Bailey High School,77,69
22202,Alexis Collins,M,12th,Bailey High School,78,62
22203,Stephanie Schwartz ,F,9th,Bailey High School,94,81
22204,Loretta Perez,F,9th,Bailey High School,93,80
22205,Ronald Douglas,M,11th,Bailey High School,86,93
22206,Michael Pennington,M,10th,Bailey High School,64,95
22207,Lori Weaver,F,12th,Bailey High School,64,71
22208,Maria Marquez,F,10th,Bailey High School,94,94
22209,Randall Banks,M,9th,Bailey High School,92,68
22210,Matthew Harris,M,10th,Bailey High School,84,61
22211,Alicia Martin,F,10th,Bailey High School,86,84
22212,Daniel Porter,M,12th,Bailey High School,98,94
22213,Anna Austin,F,10th,Bailey High School,92,90
22214,Adrian Davis,M,9th,Bailey High School,86,82
22215,William Fisher,M,11th,Bailey High School,72,60
22216,Jamie Webb,F,12th,Bailey High School,85,76
22217,Catherine Curtis,F,12th,Bailey High School,99,60
22218,Chelsey Jones,F,11th,Bailey High School,96,63
22219,Emily Curtis,F,11th,Bailey High School,81,79
22220,Lisa Smith,F,12th,Bailey High School,80,86
22221,Nichole Caldwell,F,10th,Bailey High School,93,66
22222,Joshua Russell,M,12th,Bailey High School,66,55
22223,Erica Carr,F,11th,Bailey High School,80,71
22224,Debra Smith,F,9th,Bailey High School,98,75
22225,David Gutierrez,M,10th,Bailey High School,88,86
22226,Johnny Beard,M,10th,Bailey High School,93,63
22227,Bryce Garcia,M,12th,Bailey High School,72,83
22228,Melissa Manning,F,10th,Bailey High School,85,91
22229,Rachel Owen,F,11th,Bailey High School,82,91
22230,Linda Garcia,F,10th,Bailey High School,77,83
22231,Mary Lawson,F,9th,Bailey High School,79,59
22232,Whitney Estes,F,9th,Bailey High School,94,76
22233,Morgan Allen,F,9th,Bailey High School,95,79
22234,Joseph Butler,M,12th,Bailey High School,76,61
22235,Nicole Stevens,F,12th,Bailey High School,77,84
22236,Taylor Woods,F,12th,Bailey High School,98,93
22237,Patricia Lucas,F,11th,Bailey High School,98,86
22238,Kara Serrano,F,11th,Bailey High School,85,68
22239,Steven Hanson,M,9th,Bailey High School,75,79
22240,Austin Kelly,M,9th,Bailey High School,82,85
22241,Craig Zimmerman,M,12th,Bailey High School,85,85
22242,Christine Andrade,F,12th,Bailey High School,83,63
22243,Grace Harrison,F,9th,Bailey High School,63,63
22244,Jose Schmitt,M,9th,Bailey High School,88,63
22245,Natasha Davies,F,9th,Bailey High School,76,62
22246,Dillon Smith,M,10th,Bailey High School,86,93
22247,Samantha Robles,F,12th,Bailey High School,82,68
22248,Rebecca Miranda,F,12th,Bailey High School,97,79
22249,Christina Gay,F,12th,Bailey High School,73,88
22250,Lawrence Zhang,M,9th,Bailey High School,84,59
22251,Thomas Green,M,11th,Bailey High School,84,88
22252,Glen Montoya,M,10th,Bailey High School,95,76
22253,Christopher Wood,M,12th,Bailey High School,95,90
22254,Michael Boyd,M,9th,Bailey High School,87,58
22255,Mark Collins,M,11th,Bailey High School,77,64
22256,Clayton Ramirez,M,10th,Bailey High School,78,87
22257,Emma Garcia,F,11th,Bailey High School,93,98
22258,Jerry Rowe,M,12th,Bailey High School,86,67
22259,Barbara Anderson,F,9th,Bailey High School,93,89
22260,Shannon Blair,F,9th,Bailey High School,86,61
22261,Carolyn Hawkins,F,9th,Bailey High School,71,61
22262,Matthew Gardner,M,11th,Bailey High School,63,69
22263,Charles Morris,M,9th,Bailey High School,84,82
22264,Derrick Carroll,M,9th,Bailey High School,88,85
22265,Carrie Tran,F,10th,Bailey High School,76,65
22266,Kevin Tanner,M,12th,Bailey High School,83,68
22267,Cynthia Martinez,F,9th,Bailey High School,67,60
22268,Brandon Lopez,M,11th,Bailey High School,95,71
22269,Michael Smith,M,12th,Bailey High School,80,69
22270,Ronnie Bryan,M,10th,Bailey High School,74,87
22271,James Mitchell,M,11th,Bailey High School,67,64
22272,Jesus Boone,M,9th,Bailey High School,80,67
22273,Rebecca Johnson,F,9th,Bailey High School,90,85
22274,Larry Baker,M,10th,Bailey High School,88,99
22275,Tara Campbell,F,10th,Bailey High School,79,82
22276,Anthony Deleon,M,10th,Bailey High School,68,60
22277,Craig Rodriguez,M,11th,Bailey High School,81,95
22278,Kevin Green,M,10th,Bailey High School,81,58
22279,Scott Munoz,M,10th,Bailey High School,84,57
22280,Andrew Allison,M,9th,Bailey High School,66,74
22281,Madeline Monroe,F,9th,Bailey High School,66,60
22282,Cristina Hobbs,F,9th,Bailey High School,88,89
22283,Hailey Jackson,F,11th,Bailey High School,93,57
22284,Lindsey Navarro,F,9th,Bailey High School,82,68
22285,Daniel Kelly,M,12th,Bailey High School,83,85
22286,Richard Cohen,M,12th,Bailey High School,75,73
22287,Michael Nielsen,M,9th,Bailey High School,97,85
22288,Russell Perez,M,10th,Bailey High School,64,86
22289,Jason Brown,M,9th,Bailey High School,68,60
22290,Kevin Castillo,M,11th,Bailey High School,76,57
22291,Elizabeth Bauer,F,11th,Bailey High School,88,71
22292,Michelle Villanueva,F,11th,Bailey High School,98,66
22293,Breanna Moore,F,9th,Bailey High School,64,77
22294,Donald Martinez,M,9th,Bailey High School,64,70
22295,Lauren Fowler,F,12th,Bailey High School,64,55
22296,Terrance Hardy,M,12th,Bailey High School,94,98
22297,Abigail Espinoza,F,9th,Bailey High School,67,96
22298,Adam Griffin,M,9th,Bailey High School,96,74
22299,Derek Hunter,M,10th,Bailey High School,80,98
22300,Alexandra Fox,F,11th,Bailey High School,94,68
22301,Karla Mcneil,F,9th,Bailey High School,99,75
22302,Kevin Ford,M,11th,Bailey High School,63,97
22303,Eric Singh,M,12th,Bailey High School,82,58
22304,Heather Wilson,F,11th,Bailey High School,97,79
22305,Sarah West,F,12th,Bailey High School,98,57
22306,Rebecca Knapp,F,9th,Bailey High School,83,88
22307,Mandy Moody,F,12th,Bailey High School,70,64
22308,John Jackson,M,10th,Bailey High School,88,92
22309,Mark Burke,M,10th,Bailey High School,74,91
22310,Eric Sampson,M,12th,Bailey High School,75,74
22311,Andrew Smith,M,12th,Bailey High School,73,91
22312,Alicia Johnson,F,9th,Bailey High School,97,92
22313,Gabriel Arroyo,M,9th,Bailey High School,85,79
22314,Edward Edwards,M,9th,Bailey High School,68,98
22315,Alicia Lee,F,11th,Bailey High School,82,91
22316,Xavier Mitchell,M,10th,Bailey High School,92,71
22317,Stephen Vargas,M,12th,Bailey High School,90,67
22318,Timothy Finley,M,10th,Bailey High School,94,98
22319,George Barnett,M,12th,Bailey High School,77,96
22320,Daniel Johnson,M,9th,Bailey High School,69,78
22321,Kevin Long,M,9th,Bailey High School,84,83
22322,Corey Pierce,M,10th,Bailey High School,83,75
22323,Devin Sharp PhD,M,9th,Bailey High School,93,70
22324,Kenneth Arias,M,9th,Bailey High School,66,63
22325,Amanda Mosley,F,10th,Bailey High School,97,77
22326,Troy Barry,M,12th,Bailey High School,68,57
22327,Alexandra Bowman,F,11th,Bailey High School,70,74
22328,Sheri Sloan,F,10th,Bailey High School,71,97
22329,Caleb Burns,M,11th,Bailey High School,80,57
22330,Daniel Martin,M,11th,Bailey High School,64,84
22331,Shannon Tate,F,9th,Bailey High School,83,70
22332,Krystal Marshall,F,9th,Bailey High School,83,79
22333,Karen Bell,F,11th,Bailey High School,69,63
22334,Alexander Mccullough,M,9th,Bailey High School,79,70
22335,Melinda Barajas,F,11th,Bailey High School,88,66
22336,Richard Smith,M,9th,Bailey High School,79,82
22337,Lindsey Davis,F,10th,Bailey High School,99,71
22338,Sydney Daniels,F,12th,Bailey High School,87,63
22339,Ryan Krueger,M,11th,Bailey High School,87,56
22340,Michael Curry,M,10th,Bailey High School,87,87
22341,Michael Buchanan,M,12th,Bailey High School,92,79
22342,Paul Padilla,M,12th,Bailey High School,96,94
22343,Meghan Tapia,F,11th,Bailey High School,80,79
22344,Meagan Baker,F,9th,Bailey High School,97,61
22345,Sarah Roman,F,10th,Bailey High School,98,73
22346,Victor Walker,M,10th,Bailey High School,99,97
22347,David Fuller,M,9th,Bailey High School,72,80
22348,Chad Smith,M,9th,Bailey High School,74,68
22349,Jennifer Jackson,F,10th,Bailey High School,66,61
22350,Richard Reyes,M,9th,Bailey High School,71,96
22351,Susan Shah,F,10th,Bailey High School,90,87
22352,Madison Wagner,F,9th,Bailey High School,99,71
22353,Mary Townsend,F,10th,Bailey High School,65,96
22354,Jeffery Wilson,M,12th,Bailey High School,64,80
22355,William Bowen,M,9th,Bailey High School,94,70
22356,Dawn Jackson,F,11th,Bailey High School,81,57
22357,Nicole Merritt,F,12th,Bailey High School,86,77
22358,Michael Mitchell,M,10th,Bailey High School,77,96
22359,Michelle Mitchell,F,11th,Bailey High School,67,66
22360,Malik Jones,M,12th,Bailey High School,82,86
22361,Anthony Alvarado,M,9th,Bailey High School,80,98
22362,Carrie Davis,F,11th,Bailey High School,96,58
22363,Katrina Ross,F,10th,Bailey High School,69,91
22364,Matthew Smith,M,10th,Bailey High School,93,59
22365,Michael Hill,M,11th,Bailey High School,88,57
22366,Sarah Roberts,F,12th,Bailey High School,85,81
22367,Cheryl Sellers,F,10th,Bailey High School,76,60
22368,Michelle Adams,F,10th,Bailey High School,65,75
22369,Brittney Hammond ,F,9th,Bailey High School,73,85
22370,Jessica Parker,F,10th,Bailey High School,90,76
22371,Erin Stevens,F,11th,Bailey High School,94,92
22372,Susan Roman,F,12th,Bailey High School,70,70
22373,Brandon Brown,M,9th,Bailey High School,96,95
22374,Chelsea Sullivan PhD,F,12th,Bailey High School,77,75
22375,Laura Hudson,F,11th,Bailey High School,82,94
22376,Heather Moran,F,10th,Bailey High School,77,68
22377,Rebecca Little,F,10th,Bailey High School,68,89
22378,Leslie Holmes,F,11th,Bailey High School,88,83
22379,Kathleen Phillips,F,11th,Bailey High School,63,99
22380,Carolyn Cox,F,12th,Bailey High School,68,97
22381,April Zimmerman,F,11th,Bailey High School,81,94
22382,Kristopher Wright,M,9th,Bailey High School,98,90
22383,Mark Warren,M,9th,Bailey High School,66,92
22384,Lauren Cardenas,F,10th,Bailey High School,95,67
22385,Elizabeth Frazier,F,9th,Bailey High School,88,70
22386,Christy Burton,F,10th,Bailey High School,80,69
22387,Jessica Love ,F,10th,Bailey High School,97,56
22388,Mark Bailey,M,9th,Bailey High School,81,63
22389,Christopher Montgomery,M,9th,Bailey High School,83,72
22390,Michelle Cline,F,12th,Bailey High School,99,63
22391,Jeremy Ayers,M,11th,Bailey High School,95,70
22392,Elizabeth Waller,F,9th,Bailey High School,74,78
22393,Brandon Chang,M,11th,Bailey High School,95,58
22394,Louis Woods,M,9th,Bailey High School,74,81
22395,Vanessa English,F,12th,Bailey High School,63,86
22396,Brandy Mitchell,F,9th,Bailey High School,90,78
22397,Roger King,M,9th,Bailey High School,91,67
22398,Barbara Hayes,F,10th,Bailey High School,66,62
22399,William Arroyo,M,12th,Bailey High School,93,99
22400,Leah Page ,F,11th,Bailey High School,93,89
22401,Phillip Guerra,M,10th,Bailey High School,90,75
22402,Kimberly Baker,F,10th,Bailey High School,75,94
22403,Tara Douglas,F,9th,Bailey High School,99,84
22404,William Miller,M,10th,Bailey High School,74,60
22405,Melissa Owens,F,9th,Bailey High School,75,66
22406,Daniel Roberts,M,11th,Bailey High School,83,89
22407,Raven Cantrell,F,10th,Bailey High School,73,89
22408,Jerry Kelley,M,11th,Bailey High School,68,73
22409,Mary Meza,F,11th,Bailey High School,91,67
22410,Adrian Stevens,M,11th,Bailey High School,80,95
22411,Lisa Duarte,F,11th,Bailey High School,98,80
22412,David Gonzalez,M,9th,Bailey High School,71,71
22413,Nathaniel Alexander,M,11th,Bailey High School,82,93
22414,Jacob Payne,M,11th,Bailey High School,68,94
22415,Christopher Guerrero,M,11th,Bailey High School,67,69
22416,Jessica Garcia,F,10th,Bailey High School,84,69
22417,Deanna Osborne,F,11th,Bailey High School,90,67
22418,Keith Mcdonald,M,12th,Bailey High School,68,81
22419,Todd Williams,M,9th,Bailey High School,83,73
22420,Christine Robertson,F,12th,Bailey High School,76,77
22421,Tammie Garrett,F,12th,Bailey High School,92,86
22422,Sandra Gregory,F,10th,Bailey High School,81,84
22423,David Ferguson,M,11th,Bailey High School,83,82
22424,Robin Cox,F,10th,Bailey High School,83,91
22425,Nathaniel Oconnell,M,9th,Bailey High School,95,74
22426,Mary Alvarez,F,10th,Bailey High School,80,81
22427,Travis Green,M,9th,Bailey High School,98,74
22428,Kim Parker,F,10th,Bailey High School,86,99
22429,Luke Fry,M,9th,Bailey High School,90,62
22430,Vicki Berry,F,11th,Bailey High School,75,91
22431,Carol Velazquez,F,11th,Bailey High School,80,78
22432,Jennifer Sanders,F,12th,Bailey High School,83,86
22433,Crystal Chavez,F,10th,Bailey High School,73,62
22434,Jennifer Thompson,F,11th,Bailey High School,91,95
22435,Danielle Banks,F,11th,Bailey High School,75,95
22436,Douglas Woods,M,9th,Bailey High School,96,74
22437,Zachary Green,M,12th,Bailey High School,68,58
22438,Tracy Ford,F,10th,Bailey High School,97,64
22439,Elizabeth Becker,F,10th,Bailey High School,91,72
22440,Christopher Silva,M,9th,Bailey High School,72,63
22441,Jacob Terry,M,9th,Bailey High School,94,77
22442,Hannah Warren,F,11th,Bailey High School,64,71
22443,Mindy Kennedy,F,11th,Bailey High School,68,62
22444,Sarah Fuller,F,12th,Bailey High School,72,79
22445,Kathy Pennington,F,11th,Bailey High School,98,65
22446,Terry Snyder,F,11th,Bailey High School,92,99
22447,Kristina Lewis,F,10th,Bailey High School,65,60
22448,Mason Walker,M,11th,Bailey High School,64,59
22449,Hannah Rose ,F,12th,Bailey High School,79,68
22450,Nancy Harrison,F,9th,Bailey High School,66,96
22451,Michael Sullivan,M,9th,Bailey High School,82,73
22452,Norma Mcfarland,F,9th,Bailey High School,85,72
22453,Robert Hill,M,12th,Bailey High School,95,86
22454,James Love,M,11th,Bailey High School,68,83
22455,Denise Peterson,F,11th,Bailey High School,80,72
22456,Kimberly Levine,F,10th,Bailey High School,93,88
22457,Joseph Lopez,M,10th,Bailey High School,63,67
22458,Tracey Wilson,F,12th,Bailey High School,72,85
22459,William Holmes,M,11th,Bailey High School,81,95
22460,Michael Gordon,M,12th,Bailey High School,89,99
22461,Laurie Dougherty,F,9th,Bailey High School,85,84
22462,Anna Townsend,F,11th,Bailey High School,95,58
22463,Adrian Garcia,M,12th,Bailey High School,90,63
22464,Dwayne Mathis Jr.,M,10th,Bailey High School,70,99
22465,Sarah Johnson,F,10th,Bailey High School,96,58
22466,Robin Mitchell,F,10th,Bailey High School,75,95
22467,Joshua Taylor,M,9th,Bailey High School,66,93
22468,Candace Palmer,F,10th,Bailey High School,95,91
22469,Thomas Garcia,M,11th,Bailey High School,82,75
22470,Alyssa Hernandez,F,12th,Bailey High School,80,83
22471,Maria Norman,F,12th,Bailey High School,99,72
22472,Andrew Campbell,M,9th,Bailey High School,74,90
22473,Heather Bell,F,9th,Bailey High School,90,95
22474,Jason Hall,M,12th,Bailey High School,99,97
22475,Bradley Martinez,M,9th,Bailey High School,96,95
22476,Alexa Keller,F,11th,Bailey High School,79,63
22477,David Bell,M,10th,Bailey High School,74,87
22478,Amy Lee,F,9th,Bailey High School,91,94
22479,Janet Watts,F,11th,Bailey High School,88,74
22480,Theresa Kelley,F,12th,Bailey High School,97,82
22481,David Good,M,9th,Bailey High School,96,97
22482,Aaron Nelson,M,9th,Bailey High School,83,98
22483,Cheryl Gay PhD,F,11th,Bailey High School,66,83
22484,Sandra Berry,F,12th,Bailey High School,84,91
22485,John Dunn,M,12th,Bailey High School,70,98
22486,Robert Tyler,M,9th,Bailey High School,87,81
22487,Kimberly Giles,F,12th,Bailey High School,95,84
22488,Matthew Owens,M,11th,Bailey High School,85,85
22489,Jaclyn Williams,F,9th,Bailey High School,67,85
22490,John Bauer,M,10th,Bailey High School,78,60
22491,Michael Anderson,M,10th,Bailey High School,87,66
22492,Tara Forbes,F,12th,Bailey High School,68,75
22493,Jacqueline Garcia,F,10th,Bailey High School,88,79
22494,Joe Koch,M,9th,Bailey High School,95,65
22495,Derek Lopez,M,9th,Bailey High School,87,86
22496,Angela Bryant,F,9th,Bailey High School,95,71
22497,Malik Roy,M,11th,Bailey High School,68,94
22498,Meghan Williams,F,11th,Bailey High School,74,86
22499,Walter Maxwell,M,9th,Bailey High School,79,65
22500,Dennis Klein,M,9th,Bailey High School,86,77
22501,Sean Lee,M,11th,Bailey High School,69,96
22502,Gabriella Moody,F,11th,Bailey High School,79,69
22503,Nancy Nelson,F,9th,Bailey High School,97,79
22504,Patrick Morgan ,M,10th,Bailey High School,65,68
22505,Jason Drake,M,9th,Bailey High School,95,67
22506,Stacy Lopez,F,11th,Bailey High School,98,70
22507,Mary Acevedo,F,9th,Bailey High School,65,68
22508,Dakota Adams,M,9th,Bailey High School,98,83
22509,Peter Greene,M,11th,Bailey High School,90,75
22510,Daryl Gregory,M,9th,Bailey High School,75,72
22511,Ashley Rivera,F,11th,Bailey High School,80,70
22512,Jennifer Scott,F,10th,Bailey High School,65,70
22513,Paul Rivera,M,11th,Bailey High School,66,69
22514,Sean Wells,M,10th,Bailey High School,66,96
22515,Joshua Cox,M,12th,Bailey High School,89,78
22516,Ryan Williams,M,11th,Bailey High School,93,68
22517,Kathleen Love,F,9th,Bailey High School,87,86
22518,James Chavez,M,9th,Bailey High School,77,78
22519,Emily Norris,F,11th,Bailey High School,83,79
22520,Dawn Lewis,F,9th,Bailey High School,82,70
22521,Courtney Barton,F,10th,Bailey High School,87,95
22522,Barbara Blackwell,F,11th,Bailey High School,82,64
22523,Casey Thomas,F,10th,Bailey High School,95,57
22524,Haley Morris,F,11th,Bailey High School,74,69
22525,Eric Thompson,M,9th,Bailey High School,72,67
22526,Brittany Edwards,F,9th,Bailey High School,74,85
22527,Charles Bailey,M,9th,Bailey High School,94,87
22528,James Jones,M,11th,Bailey High School,89,85
22529,Catherine Jones,F,12th,Bailey High School,80,90
22530,Gina Sims,F,9th,Bailey High School,87,76
22531,John Mcdaniel,M,9th,Bailey High School,68,93
22532,Deborah Gallegos,F,11th,Bailey High School,85,86
22533,Heather Scott,F,9th,Bailey High School,79,97
22534,Christine Garcia,F,9th,Bailey High School,99,83
22535,Samantha Contreras,F,11th,Bailey High School,86,82
22536,Tracy Lowery,F,9th,Bailey High School,72,69
22537,Taylor Fowler,M,11th,Bailey High School,95,78
22538,Terry Whitehead,M,10th,Bailey High School,86,68
22539,Michael Fischer,M,11th,Bailey High School,79,59
22540,Julie Warren,F,12th,Bailey High School,88,76
22541,Jay Roberts,M,9th,Bailey High School,81,82
22542,Brent Smith,M,11th,Bailey High School,92,62
22543,Kimberly Carrillo,F,10th,Bailey High School,81,55
22544,Brandon Ortiz,M,9th,Bailey High School,94,96
22545,Richard Davis,M,11th,Bailey High School,75,94
22546,Elizabeth Ellison,F,9th,Bailey High School,73,96
22547,William Reyes,M,12th,Bailey High School,77,96
22548,Nicholas Harper,M,11th,Bailey High School,99,97
22549,Patricia Wood,F,9th,Bailey High School,91,58
22550,Olivia Reyes,F,10th,Bailey High School,97,67
22551,Karen Moreno,F,11th,Bailey High School,69,58
22552,Sean Richardson,M,11th,Bailey High School,79,61
22553,Melanie Eaton,F,11th,Bailey High School,66,59
22554,Maria Ramirez,F,11th,Bailey High School,96,89
22555,April Lowe,F,11th,Bailey High School,75,85
22556,Daniel Cobb,M,11th,Bailey High School,64,91
22557,Jeremy Rivera ,M,11th,Bailey High School,80,68
22558,David King,M,10th,Bailey High School,80,56
22559,Troy Morgan,M,9th,Bailey High School,76,83
22560,Adriana Wall,F,9th,Bailey High School,85,74
22561,Desiree Carter,F,10th,Bailey High School,84,63
22562,Emily Henderson,F,10th,Bailey High School,93,68
22563,Terri Manning,F,10th,Bailey High School,79,57
22564,Megan Kirk,F,12th,Bailey High School,98,61
22565,Amber Fitzgerald,F,11th,Bailey High School,66,94
22566,Jonathan Collins,M,11th,Bailey High School,65,95
22567,Tina Middleton,F,11th,Bailey High School,93,71
22568,Jessica Faulkner,F,12th,Bailey High School,84,68
22569,Kenneth Pratt,M,10th,Bailey High School,73,84
22570,Eric Lewis,M,9th,Bailey High School,81,88
22571,Dennis Simon,M,10th,Bailey High School,86,77
22572,Laura Gates,F,11th,Bailey High School,98,92
22573,Robert Duke,M,9th,Bailey High School,66,63
22574,Jacob Miller,M,11th,Bailey High School,67,91
22575,William Blackburn,M,10th,Bailey High School,79,90
22576,Megan Potts,F,10th,Bailey High School,76,67
22577,Jessica Bradley,F,10th,Bailey High School,95,78
22578,Carol Torres,F,9th,Bailey High School,86,64
22579,Deanna Hughes,F,10th,Bailey High School,95,91
22580,Teresa Livingston,F,12th,Bailey High School,88,62
22581,Cynthia Olson,F,11th,Bailey High School,90,76
22582,Tammy Suarez,F,12th,Bailey High School,99,76
22583,Gabriel Barber,M,10th,Bailey High School,71,98
22584,Robert Hooper,M,9th,Bailey High School,96,62
22585,Mandy Hensley,F,9th,Bailey High School,68,96
22586,Tina Mayer,F,12th,Bailey High School,75,74
22587,Marcus Smith,M,10th,Bailey High School,80,81
22588,Danielle Park,F,12th,Bailey High School,88,87
22589,Kayla Petersen,F,9th,Bailey High School,64,64
22590,Reginald Molina,M,9th,Bailey High School,75,95
22591,Natasha Williams,F,12th,Bailey High School,68,61
22592,Kathryn Miller,F,11th,Bailey High School,78,59
22593,Allison Meyers,F,12th,Bailey High School,87,87
22594,Tasha Gray,F,9th,Bailey High School,80,96
22595,Dawn Christensen,F,9th,Bailey High School,70,90
22596,Katherine Booth,F,12th,Bailey High School,89,67
22597,Marcus Wilson,M,9th,Bailey High School,77,69
22598,Jason Rodriguez,M,9th,Bailey High School,94,78
22599,Rick Shannon,M,12th,Bailey High School,65,64
22600,Jeffrey Rubio,M,11th,Bailey High School,80,85
22601,Kimberly Fisher,F,9th,Bailey High School,88,92
22602,Joseph Bradford,M,12th,Bailey High School,89,74
22603,Crystal Shah,F,10th,Bailey High School,63,91
22604,Heather Stephenson,F,11th,Bailey High School,72,99
22605,Michael Johnson,M,9th,Bailey High School,84,84
22606,Patricia Villanueva,F,9th,Bailey High School,72,93
22607,David Torres,M,9th,Bailey High School,75,84
22608,Perry Perez,M,11th,Bailey High School,76,96
22609,Brandon Baker,M,11th,Bailey High School,66,69
22610,Heather Robinson,F,9th,Bailey High School,85,98
22611,Amy Allen,F,10th,Bailey High School,88,84
22612,Kathryn Bernard,F,9th,Bailey High School,98,69
22613,Troy Griffith,M,11th,Bailey High School,83,91
22614,David Watson,M,11th,Bailey High School,68,90
22615,Debbie Turner,F,9th,Bailey High School,89,79
22616,Kayla Burton,F,9th,Bailey High School,98,80
22617,Heather Allen,F,11th,Bailey High School,75,79
22618,Jessica Arroyo,F,10th,Bailey High School,99,94
22619,Dillon Harding,M,10th,Bailey High School,83,61
22620,Amanda Bates,F,9th,Bailey High School,67,61
22621,Brittany Boyd,F,11th,Bailey High School,89,58
22622,David Ibarra,M,11th,Bailey High School,75,78
22623,Thomas Crawford,M,11th,Bailey High School,73,78
22624,Kathleen Knox,F,9th,Bailey High School,77,87
22625,Joshua Lewis,M,10th,Bailey High School,68,78
22626,Tiffany Tate,F,10th,Bailey High School,92,91
22627,Eric Gonzalez,M,11th,Bailey High School,80,66
22628,Erika Peck,F,11th,Bailey High School,95,86
22629,Gary Harrison,M,11th,Bailey High School,71,95
22630,Joshua Andrews,M,11th,Bailey High School,68,81
22631,Austin Lang,M,12th,Bailey High School,74,70
22632,David Blackburn,M,10th,Bailey High School,84,91
22633,Jessica White,F,10th,Bailey High School,73,85
22634,Jose Lawrence,M,10th,Bailey High School,90,57
22635,Dawn Johnson,F,11th,Bailey High School,63,99
22636,Colton Collins II,M,9th,Bailey High School,65,68
22637,Brandon Oliver,M,11th,Bailey High School,66,66
22638,Deborah Carroll,F,10th,Bailey High School,71,80
22639,David Lambert,M,12th,Bailey High School,66,75
22640,Howard Leon,M,10th,Bailey High School,79,59
22641,Robert Fernandez,M,10th,Bailey High School,65,65
22642,Sarah Hahn,F,12th,Bailey High School,69,83
22643,Jamie Mason,F,9th,Bailey High School,89,69
22644,Dwayne Smith,M,9th,Bailey High School,72,62
22645,Cynthia Castillo,F,9th,Bailey High School,99,62
22646,David Schroeder,M,10th,Bailey High School,83,73
22647,Brandon Williams,M,9th,Bailey High School,82,69
22648,David Moran,M,10th,Bailey High School,85,87
22649,Mary Moran,F,10th,Bailey High School,83,97
22650,Crystal Maldonado,F,9th,Bailey High School,99,95
22651,Haley Green,F,9th,Bailey High School,80,79
22652,Heather Gordon,F,12th,Bailey High School,91,63
22653,Adam Huffman,M,12th,Bailey High School,63,62
22654,Timothy Weaver,M,11th,Bailey High School,98,64
22655,Teresa Hernandez,F,12th,Bailey High School,99,63
22656,Mary Howe,F,11th,Bailey High School,79,83
22657,Randall Davis,M,11th,Bailey High School,71,75
22658,Lauren Christian,F,12th,Bailey High School,89,83
22659,Cynthia Gregory,F,12th,Bailey High School,80,83
22660,Kimberly Porter,F,9th,Bailey High School,98,94
22661,Elizabeth Carrillo,F,9th,Bailey High School,74,78
22662,Shawn Brown,M,12th,Bailey High School,88,91
22663,James Howell,M,9th,Bailey High School,89,88
22664,Caleb Ellis,M,11th,Bailey High School,95,60
22665,Joel Sanchez,M,10th,Bailey High School,95,94
22666,Amanda Shelton,F,10th,Bailey High School,92,75
22667,Lisa Knight,F,10th,Bailey High School,98,93
22668,Erika Ramos,F,12th,Bailey High School,96,84
22669,Charles Baldwin,M,12th,Bailey High School,73,76
22670,Anthony Welch,M,9th,Bailey High School,98,85
22671,John Thomas,M,12th,Bailey High School,77,72
22672,William Estrada,M,10th,Bailey High School,85,60
22673,Eric Frank,M,12th,Bailey High School,94,93
22674,Eric Perez,M,10th,Bailey High School,65,63
22675,Steven Torres,M,10th,Bailey High School,75,56
22676,Michael Williams,M,12th,Bailey High School,79,87
22677,David Simmons,M,10th,Bailey High School,69,60
22678,Tracy Smith,F,12th,Bailey High School,94,58
22679,Andrew Mejia,M,12th,Bailey High School,81,74
22680,Kenneth Vasquez,M,12th,Bailey High School,83,57
22681,Scott Gomez,M,11th,Bailey High School,91,60
22682,Jeffery Smith,M,10th,Bailey High School,69,66
22683,Tammie Rogers,F,9th,Bailey High School,79,82
22684,Steven Le,M,9th,Bailey High School,81,72
22685,Amanda Johnson,F,12th,Bailey High School,96,99
22686,Laurie Oliver,F,10th,Bailey High School,73,87
22687,Theresa Martinez,F,11th,Bailey High School,83,60
22688,Kenneth Morrison,M,11th,Bailey High School,70,68
22689,Sharon Padilla,F,9th,Bailey High School,72,71
22690,Jennifer Arroyo,F,10th,Bailey High School,78,76
22691,Bryan Smith,M,12th,Bailey High School,93,77
22692,Jonathan Gardner,M,9th,Bailey High School,64,68
22693,Alexander Dalton,M,11th,Bailey High School,67,78
22694,Jonathan Olson,M,12th,Bailey High School,74,83
22695,Julie Davis,F,9th,Bailey High School,97,77
22696,Sara Rose,F,11th,Bailey High School,75,72
22697,Oscar Kaiser,M,12th,Bailey High School,99,59
22698,Nathaniel Smith,M,11th,Bailey High School,66,81
22699,Kimberly Castro,F,12th,Bailey High School,63,74
22700,Patricia Smith,F,10th,Bailey High School,94,98
22701,Ashley House,F,10th,Bailey High School,78,92
22702,Stacie Holland,F,9th,Bailey High School,83,61
22703,Diana Garrett,F,9th,Bailey High School,79,61
22704,Jesse Tucker,M,10th,Bailey High School,76,73
22705,Jessica Schmidt,F,9th,Bailey High School,97,89
22706,Melissa Zimmerman,F,11th,Bailey High School,93,56
22707,Jason Richards,M,11th,Bailey High School,70,87
22708,Mary Jones,F,10th,Bailey High School,94,92
22709,Kimberly Compton,F,10th,Bailey High School,83,64
22710,Jason Knight,M,11th,Bailey High School,68,94
22711,Mallory Graves,F,9th,Bailey High School,90,61
22712,Kerry Henderson,M,9th,Bailey High School,80,70
22713,Brandon Vaughn,M,9th,Bailey High School,87,97
22714,Donna Holmes,F,11th,Bailey High School,90,61
22715,Adam Herman,M,12th,Bailey High School,79,78
22716,Susan Williams,F,10th,Bailey High School,75,86
22717,Michelle Wilson,F,10th,Bailey High School,81,89
22718,Anita Wilson,F,9th,Bailey High School,72,79
22719,Nancy Smith,F,9th,Bailey High School,75,72
22720,Nicholas Braun,M,12th,Bailey High School,78,69
22721,Chris Palmer III,M,10th,Bailey High School,95,73
22722,Ashley Lopez,F,9th,Bailey High School,92,58
22723,Sara Garcia,F,12th,Bailey High School,65,99
22724,Laurie Wheeler,F,12th,Bailey High School,95,75
22725,Michael Johnson,M,12th,Bailey High School,94,82
22726,Sharon Mcconnell,F,10th,Bailey High School,80,64
22727,Adam Clarke,M,10th,Bailey High School,71,86
22728,Kathryn Jimenez,F,12th,Bailey High School,74,63
22729,Keith Houston,M,11th,Bailey High School,95,57
22730,Yolanda Lee,F,12th,Bailey High School,73,77
22731,Jacqueline Peterson,F,12th,Bailey High School,72,66
22732,Wendy Heath,F,11th,Bailey High School,76,68
22733,Eric Contreras,M,12th,Bailey High School,78,63
22734,Michael Park,M,9th,Bailey High School,69,83
22735,Mason Hernandez ,M,9th,Bailey High School,71,82
22736,Cindy Powell,F,9th,Bailey High School,97,92
22737,Roberta Edwards,F,11th,Bailey High School,90,80
22738,Edward Jones,M,10th,Bailey High School,97,56
22739,Kristina Paul,F,12th,Bailey High School,75,93
22740,Kayla Scott,F,9th,Bailey High School,80,78
22741,Kimberly Johnston,F,9th,Bailey High School,83,62
22742,Mary Suarez,F,12th,Bailey High School,77,56
22743,Amanda Jordan,F,10th,Bailey High School,69,89
22744,Jennifer Mendoza,F,12th,Bailey High School,80,71
22745,Sarah Davis,F,11th,Bailey High School,65,80
22746,Ann Flores,F,9th,Bailey High School,79,75
22747,William Reyes,M,10th,Bailey High School,79,63
22748,Joshua Swanson,M,11th,Bailey High School,63,61
22749,Brittney Adams,F,9th,Bailey High School,83,73
22750,Tanya Brown,F,12th,Bailey High School,94,57
22751,Theresa Barber,F,10th,Bailey High School,72,96
22752,Ryan Aguilar,M,10th,Bailey High School,85,96
22753,Diana Cummings,F,11th,Bailey High School,70,86
22754,James Esparza,M,12th,Bailey High School,96,67
22755,Jacob Roberts,M,11th,Bailey High School,90,58
22756,Jane Lang,F,11th,Bailey High School,98,56
22757,Briana Contreras,F,10th,Bailey High School,85,99
22758,Brenda Evans,F,12th,Bailey High School,76,97
22759,Brett Sweeney,M,12th,Bailey High School,69,86
22760,Patricia Miller,F,9th,Bailey High School,91,79
22761,Terry Sanchez,M,12th,Bailey High School,93,59
22762,Angela Gray,F,10th,Bailey High School,99,71
22763,Richard Medina,M,10th,Bailey High School,73,80
22764,Carlos Butler,M,10th,Bailey High School,83,85
22765,Beth Morse,F,10th,Bailey High School,68,79
22766,Jonathan Galloway,M,9th,Bailey High School,86,70
22767,Margaret Jackson,F,11th,Bailey High School,76,86
22768,Veronica Parker,F,12th,Bailey High School,91,81
22769,Veronica Griffith,F,9th,Bailey High School,84,88
22770,Teresa Kramer,F,12th,Bailey High School,80,82
22771,Heather Wheeler,F,11th,Bailey High School,93,75
22772,Amy Miller,F,10th,Bailey High School,86,72
22773,Jennifer Howard,F,11th,Bailey High School,88,80
22774,Michelle Ramos,F,9th,Bailey High School,63,99
22775,Jasmin Garcia,F,11th,Bailey High School,88,57
22776,Daniel White,M,12th,Bailey High School,99,63
22777,Kim Moore,F,12th,Bailey High School,69,78
22778,Alejandro Thompson,M,11th,Bailey High School,73,75
22779,Katherine Horn,F,12th,Bailey High School,75,67
22780,Andrew Porter,M,11th,Bailey High School,69,72
22781,Stephanie Taylor,F,12th,Bailey High School,81,90
22782,Joe Nunez,M,9th,Bailey High School,75,86
22783,Brett Gardner,M,10th,Bailey High School,96,93
22784,Brian Wagner,M,12th,Bailey High School,71,98
22785,Kelly Mills,M,10th,Bailey High School,87,59
22786,Kathy Bush,F,9th,Bailey High School,92,57
22787,Kristina Clayton,F,12th,Bailey High School,74,99
22788,Erica Williams,F,11th,Bailey High School,71,89
22789,Emily Hess,F,9th,Bailey High School,82,77
22790,Chase Horton,M,9th,Bailey High School,64,68
22791,Joshua Jones,M,12th,Bailey High School,80,69
22792,Lynn Fitzgerald,F,10th,Bailey High School,86,79
22793,Amy Schaefer,F,12th,Bailey High School,89,68
22794,Randy Mccarthy,M,11th,Bailey High School,64,90
22795,Tonya Hawkins,F,10th,Bailey High School,68,81
22796,Brittany Carr,F,9th,Bailey High School,81,91
22797,John Boyd,M,10th,Bailey High School,72,90
22798,Charles Gonzalez,M,9th,Bailey High School,65,92
22799,Thomas Alvarez,M,9th,Bailey High School,96,68
22800,Kaitlin Barton,F,10th,Bailey High School,70,60
22801,Karen Duke,F,10th,Bailey High School,95,55
22802,Susan Graham,F,12th,Bailey High School,93,94
22803,Brittany Peterson,F,12th,Bailey High School,78,96
22804,Richard Edwards,M,10th,Bailey High School,81,76
22805,Robert Reid,M,10th,Bailey High School,68,95
22806,Jackie Adams,F,12th,Bailey High School,64,88
22807,Savannah Crane,F,11th,Bailey High School,85,78
22808,Jason Ortiz,M,9th,Bailey High School,98,55
22809,Mary Harris,F,10th,Bailey High School,77,73
22810,Anthony Anderson,M,12th,Bailey High School,99,73
22811,Richard Vang,M,12th,Bailey High School,63,58
22812,Jared Thomas,M,11th,Bailey High School,72,98
22813,Jennifer Henderson,F,11th,Bailey High School,89,65
22814,Dillon Meyers,M,11th,Bailey High School,79,67
22815,Paula Cole,F,12th,Bailey High School,74,71
22816,Thomas Smith,M,10th,Bailey High School,64,73
22817,Rhonda Ferguson,F,9th,Bailey High School,92,81
22818,Brenda Dixon,F,9th,Bailey High School,84,82
22819,Danny Cummings,M,11th,Bailey High School,89,72
22820,Steven Fischer,M,12th,Bailey High School,87,73
22821,Kenneth Brooks,M,9th,Bailey High School,93,93
22822,Tyler Smith,M,9th,Bailey High School,75,88
22823,Brian Li,M,10th,Bailey High School,92,85
22824,Rebecca Harris,F,10th,Bailey High School,87,82
22825,Renee Spence,F,11th,Bailey High School,96,59
22826,Benjamin Silva,M,10th,Bailey High School,77,63
22827,Alison Anderson,F,9th,Bailey High School,87,68
22828,Bethany Harvey,F,9th,Bailey High School,69,59
22829,Rodney Miller,M,12th,Bailey High School,94,69
22830,Nicholas Costa,M,9th,Bailey High School,81,86
22831,Samuel Blair,M,10th,Bailey High School,87,82
22832,Kimberly Bennett,F,11th,Bailey High School,85,63
22833,Ronald Baker,M,12th,Bailey High School,97,88
22834,Brittany Gates,F,11th,Bailey High School,85,60
22835,Katherine Steele,F,11th,Bailey High School,71,81
22836,Caleb Hernandez,M,12th,Bailey High School,66,62
22837,Ryan Allen,M,9th,Bailey High School,98,63
22838,Robert Miller,M,11th,Bailey High School,99,57
22839,Rodney Thompson,M,10th,Bailey High School,79,88
22840,Sarah Rivera,F,11th,Bailey High School,95,68
22841,Lauren Miller,F,10th,Bailey High School,96,86
22842,Jaclyn Ayala,F,12th,Bailey High School,74,93
22843,Jennifer Tapia,F,12th,Bailey High School,79,56
22844,Gabriel Ashley,M,9th,Bailey High School,95,88
22845,Sarah Cooper,F,10th,Bailey High School,91,62
22846,Nicholas Garcia,M,11th,Bailey High School,90,79
22847,Daniel Rodriguez,M,11th,Holden High School,86,92
22848,Bryan Perkins,M,9th,Holden High School,91,81
22849,Scott Holder,M,9th,Holden High School,98,93
22850,Troy Jackson,M,11th,Holden High School,80,90
22851,William Gomez,M,9th,Holden High School,76,85
22852,Lance Lindsey,M,9th,Holden High School,91,99
22853,Alice Hernandez,F,11th,Holden High School,86,69
22854,Nicole Baldwin,F,11th,Holden High School,89,98
22855,Shelly Robertson,F,9th,Holden High School,96,79
22856,Anthony Jackson,M,9th,Holden High School,89,89
22857,Darren Gross,M,11th,Holden High School,97,86
22858,Stephanie Jennings,F,10th,Holden High School,85,84
22859,Shawn Nguyen,M,12th,Holden High School,94,95
22860,John Espinoza,M,10th,Holden High School,93,80
22861,Lisa Rodriguez,F,11th,Holden High School,81,97
22862,Nicholas Ward,M,11th,Holden High School,91,97
22863,Alexander Bailey,M,9th,Holden High School,75,69
22864,Debra Garcia,F,12th,Holden High School,87,69
22865,Karen Roberts,F,11th,Holden High School,90,94
22866,Tara Williams,F,9th,Holden High School,93,80
22867,Charles Hernandez,M,10th,Holden High School,91,81
22868,Ashley Anderson,F,12th,Holden High School,94,75
22869,Jonathan Jones,M,11th,Holden High School,91,70
22870,Nicole Smith,F,9th,Holden High School,70,78
22871,Megan Carr,F,11th,Holden High School,88,74
22872,Jonathan Lopez,M,10th,Holden High School,84,78
22873,Craig Barnes,M,12th,Holden High School,75,80
22874,Monica Harrington,F,10th,Holden High School,93,82
22875,Grant Thomas,M,11th,Holden High School,72,80
22876,Timothy Smith,M,10th,Holden High School,81,78
22877,Trevor Woods,M,9th,Holden High School,97,74
22878,Jacob Fuentes,M,10th,Holden High School,73,96
22879,Terry Rodriguez,M,12th,Holden High School,74,89
22880,Robert King,M,10th,Holden High School,88,76
22881,Kristina Johnson,F,11th,Holden High School,85,96
22882,Rebecca Mooney,F,11th,Holden High School,99,97
22883,Kristina Walker,F,10th,Holden High School,69,78
22884,Jackson Wong,M,12th,Holden High School,87,89
22885,Rachel Riley,F,9th,Holden High School,82,86
22886,Stephanie Gonzalez,F,9th,Holden High School,90,81
22887,Brenda Joseph,F,10th,Holden High School,70,90
22888,Keith Martinez,M,10th,Holden High School,69,85
22889,Robert Walker,M,10th,Holden High School,88,73
22890,Amy Beck,F,10th,Holden High School,85,87
22891,Kimberly Wood,F,11th,Holden High School,84,97
22892,Robert Smith,M,10th,Holden High School,94,83
22893,Shelby Jones,F,12th,Holden High School,99,82
22894,Yvonne Chapman,F,9th,Holden High School,91,91
22895,Paul Thompson,M,11th,Holden High School,79,77
22896,Marcus Martinez,M,11th,Holden High School,94,80
22897,Lucas Jones,M,9th,Holden High School,80,81
22898,Jose Baker,M,10th,Holden High School,71,98
22899,Katherine Brown,F,11th,Holden High School,77,99
22900,Stephanie Goodman,F,12th,Holden High School,83,98
22901,Megan Morgan,F,9th,Holden High School,91,73
22902,Chad Bell,M,10th,Holden High School,81,87
22903,Anthony Phillips,M,12th,Holden High School,96,81
22904,Kimberly Stevens,F,11th,Holden High School,98,85
22905,Kimberly Hernandez,F,12th,Holden High School,82,88
22906,Michael Munoz,M,11th,Holden High School,70,71
22907,Kathleen Mckay,F,11th,Holden High School,83,84
22908,Kelly Rhodes,F,12th,Holden High School,86,99
22909,Sabrina Hays,F,10th,Holden High School,75,93
22910,Michael Evans,M,9th,Holden High School,92,80
22911,Ronald Moore,M,9th,Holden High School,99,78
22912,Laura Pratt,F,9th,Holden High School,85,73
22913,Kevin Rogers,M,9th,Holden High School,69,75
22914,Lisa Anderson,F,11th,Holden High School,82,78
22915,Jeffery Guzman,M,10th,Holden High School,93,73
22916,Anthony Evans,M,9th,Holden High School,98,78
22917,Matthew Montgomery,M,10th,Holden High School,99,84
22918,Bradley Jones ,M,11th,Holden High School,79,98
22919,Andrew Tyler,M,9th,Holden High School,87,82
22920,Laura Hess,F,12th,Holden High School,91,77
22921,Karen Watson,F,10th,Holden High School,71,78
22922,Melissa Jones,F,11th,Holden High School,94,73
22923,Benjamin Wong,M,12th,Holden High School,74,72
22924,Tonya Hodges,F,11th,Holden High School,77,69
22925,Anthony Oconnor,M,12th,Holden High School,75,84
22926,Amanda Stewart,F,11th,Holden High School,82,84
22927,Richard Smith,M,9th,Holden High School,97,97
22928,Pamela Moore,F,11th,Holden High School,85,87
22929,Randy Pace,M,9th,Holden High School,71,91
22930,Lindsey Morton,F,11th,Holden High School,97,97
22931,Travis Thompson,M,9th,Holden High School,93,96
22932,Jennifer Lambert,F,9th,Holden High School,76,79
22933,Nathan Garza,M,10th,Holden High School,72,68
22934,Denise Rojas,F,12th,Holden High School,76,83
22935,Deborah Hicks,F,10th,Holden High School,93,73
22936,Nancy Barnett,F,10th,Holden High School,71,83
22937,Christopher Phillips,M,12th,Holden High School,80,82
22938,Joseph Nguyen,M,9th,Holden High School,95,93
22939,Connor Clark,M,9th,Holden High School,81,86
22940,Andres Webb,M,12th,Holden High School,92,83
22941,Samantha Jones,F,12th,Holden High School,73,72
22942,Edward Yang,M,12th,Holden High School,97,77
22943,Joshua Shaw,M,12th,Holden High School,90,71
22944,Robert Jones,M,11th,Holden High School,72,99
22945,Elizabeth Cummings,F,12th,Holden High School,92,85
22946,Matthew Lane,M,9th,Holden High School,94,83
22947,Jessica Bautista,F,12th,Holden High School,73,79
22948,Dan White,M,10th,Holden High School,78,72
22949,Brianna Brown,F,9th,Holden High School,96,79
22950,Kelly Farmer,F,11th,Holden High School,84,74
22951,Michael Wilson,M,9th,Holden High School,71,73
22952,Shirley Hunt,F,12th,Holden High School,94,77
22953,George Frazier,M,11th,Holden High School,81,98
22954,Jessica Hanna,F,10th,Holden High School,87,73
22955,Yolanda Grant,F,9th,Holden High School,69,98
22956,Allen Vazquez,M,12th,Holden High School,92,85
22957,Elizabeth Chavez,F,11th,Holden High School,93,92
22958,Joe Everett,M,12th,Holden High School,72,81
22959,Michael Glass,M,10th,Holden High School,85,94
22960,James Hunter,M,9th,Holden High School,76,98
22961,Sandra Donaldson,F,12th,Holden High School,96,93
22962,Steven Reed,M,12th,Holden High School,87,68
22963,Nancy Scott,F,10th,Holden High School,70,85
22964,Jennifer Thomas ,F,9th,Holden High School,89,77
22965,Lisa Valdez,F,10th,Holden High School,83,73
22966,Adam Rivera,M,10th,Holden High School,97,68
22967,Debra Walker,F,12th,Holden High School,73,77
22968,Maria Hernandez,F,9th,Holden High School,83,98
22969,Douglas Page,M,9th,Holden High School,91,78
22970,Ashley Myers,F,11th,Holden High School,99,74
22971,Andrea Hernandez,F,10th,Holden High School,91,98
22972,Alexis Pruitt,F,10th,Holden High School,82,92
22973,Michael Williams,M,9th,Holden High School,95,83
22974,Christopher Jackson,M,12th,Holden High School,75,73
22975,Alyssa York,F,10th,Holden High School,79,94
22976,Mary Garcia,F,9th,Holden High School,78,89
22977,Laurie Nelson,F,11th,Holden High School,96,87
22978,Annette Luna,F,9th,Holden High School,71,81
22979,Paul Pratt,M,11th,Holden High School,80,72
22980,Molly Stewart,F,12th,Holden High School,96,74
22981,Amy Johnson,F,9th,Holden High School,79,87
22982,Michelle Hughes,F,11th,Holden High School,75,92
22983,John Schroeder,M,10th,Holden High School,88,85
22984,Jonathan Gonzalez,M,10th,Holden High School,70,73
22985,Jennifer Johnson,F,11th,Holden High School,95,82
22986,Charles Turner,M,11th,Holden High School,70,69
22987,Sabrina Cisneros,F,12th,Holden High School,88,95
22988,Sarah Jordan,F,11th,Holden High School,82,87
22989,Katherine Adams,F,10th,Holden High School,73,94
22990,Scott Rodriguez,M,9th,Holden High School,99,91
22991,Ashley Brown,F,9th,Holden High School,98,93
22992,Richard Ferguson,M,12th,Holden High School,71,95
22993,Tyler Anderson,M,9th,Holden High School,69,83
22994,Michelle Gonzales,F,12th,Holden High School,75,86
22995,Lisa Reynolds,F,11th,Holden High School,76,68
22996,Frederick Lara,M,9th,Holden High School,83,69
22997,Sonya Rogers,F,9th,Holden High School,86,80
22998,Kathleen Anderson,F,10th,Holden High School,83,80
22999,Shane Robertson,M,9th,Holden High School,86,98
23000,Megan Cooper,F,10th,Holden High School,80,69
23001,Timothy Hammond,M,11th,Holden High School,95,98
23002,Nicholas Brown,M,9th,Holden High School,69,89
23003,Tammy Hays,F,11th,Holden High School,80,88
23004,Elizabeth Friedman,F,12th,Holden High School,93,83
23005,Bryan Aguilar,M,12th,Holden High School,92,99
23006,Scott Burton,M,12th,Holden High School,80,83
23007,Raven Rhodes,F,11th,Holden High School,92,77
23008,Dustin Barrett,M,9th,Holden High School,77,85
23009,Maria Fox,F,12th,Holden High School,71,86
23010,Catherine Maxwell,F,12th,Holden High School,81,70
23011,Tami Larson,F,11th,Holden High School,95,88
23012,Susan Murphy,F,9th,Holden High School,92,84
23013,Jennifer Mendoza,F,12th,Holden High School,93,92
23014,Samantha Leach,F,11th,Holden High School,71,68
23015,Sandra Compton,F,11th,Holden High School,69,87
23016,Amanda Goodwin,F,11th,Holden High School,78,84
23017,Valerie Walker,F,11th,Holden High School,72,85
23018,Erin Jensen,F,11th,Holden High School,69,77
23019,Angelica Murray,F,9th,Holden High School,95,88
23020,Amber Webster,F,10th,Holden High School,89,72
23021,William Long,M,11th,Holden High School,87,95
23022,Randall Rodriguez,M,10th,Holden High School,90,86
23023,Nicholas Hall,M,10th,Holden High School,93,76
23024,Douglas Anderson,M,12th,Holden High School,92,71
23025,Elizabeth Baker,F,11th,Holden High School,70,96
23026,Diana Shannon,F,10th,Holden High School,92,75
23027,Diana Dominguez,F,9th,Holden High School,94,73
23028,Lisa Kelley,F,9th,Holden High School,71,77
23029,Ashley Perkins,F,11th,Holden High School,96,78
23030,Sean Coleman PhD,M,9th,Holden High School,79,99
23031,Eddie Roberts,M,10th,Holden High School,81,87
23032,Richard Parker,M,12th,Holden High School,80,93
23033,Michael Perry,M,11th,Holden High School,84,83
23034,Zoe Hawkins,F,11th,Holden High School,97,75
23035,James Proctor,M,9th,Holden High School,79,68
23036,Adrian Cohen,M,10th,Holden High School,70,75
23037,Philip Crawford,M,9th,Holden High School,69,72
23038,Edward Kennedy,M,9th,Holden High School,88,94
23039,Bobby Reed,M,12th,Holden High School,98,83
23040,Jasmine White,F,10th,Holden High School,96,82
23041,Laura Williams,F,9th,Holden High School,71,68
23042,Danielle Mcmillan,F,10th,Holden High School,78,96
23043,Brooke Smith,F,12th,Holden High School,85,96
23044,Robert Lynch,M,11th,Holden High School,84,68
23045,Jacqueline Lee,F,12th,Holden High School,94,72
23046,Stephanie Larsen,F,12th,Holden High School,97,98
23047,Bradley Nguyen,M,11th,Holden High School,85,69
23048,Amy Davis,F,9th,Holden High School,72,75
23049,Teresa Shannon,F,10th,Holden High School,87,84
23050,Diana Sandoval,F,9th,Holden High School,87,77
23051,Sheila Walton ,F,12th,Holden High School,84,85
23052,Ian Sanchez ,M,12th,Holden High School,96,70
23053,Jennifer Cunningham,F,9th,Holden High School,89,96
23054,Gina Waller,F,9th,Holden High School,87,93
23055,Gregory Rodriguez,M,10th,Holden High School,89,90
23056,Heather Long,F,11th,Holden High School,91,90
23057,Curtis Wilson,M,10th,Holden High School,72,94
23058,Jessica Gonzalez,F,9th,Holden High School,80,89
23059,Peter Allen,M,10th,Holden High School,73,89
23060,Regina Hansen,F,12th,Holden High School,71,68
23061,Jamie Mitchell,F,9th,Holden High School,70,78
23062,Robert Mckinney,M,9th,Holden High School,88,97
23063,Rachel Huang,F,10th,Holden High School,81,82
23064,Alison Knight,F,11th,Holden High School,82,98
23065,John Hall,M,9th,Holden High School,81,70
23066,Kristina Thomas,F,9th,Holden High School,86,75
23067,Melissa Watson,F,11th,Holden High School,73,80
23068,Brooke Roberts,F,10th,Holden High School,86,93
23069,Tracy Arroyo,F,12th,Holden High School,81,98
23070,Alyssa Holland,F,9th,Holden High School,80,99
23071,Joshua Alvarado,M,10th,Holden High School,99,84
23072,Abigail Cunningham,F,11th,Holden High School,92,94
23073,Jennifer Miller,F,11th,Holden High School,99,93
23074,Brian Williams,M,12th,Holden High School,99,85
23075,Matthew Silva,M,11th,Holden High School,97,79
23076,Michael Wilson,M,10th,Holden High School,80,81
23077,Tara Tran,F,10th,Holden High School,70,80
23078,Travis Hopkins,M,12th,Holden High School,98,93
23079,Michael Mitchell,M,12th,Holden High School,74,96
23080,Anthony Miller,M,9th,Holden High School,76,87
23081,Anthony Davis,M,9th,Holden High School,87,71
23082,Melissa Macdonald,F,9th,Holden High School,95,80
23083,Nichole Ross,F,12th,Holden High School,85,79
23084,Johnny Johnson,M,12th,Holden High School,90,70
23085,Laura Franco ,F,11th,Holden High School,85,68
23086,Holly Cortez,F,9th,Holden High School,84,95
23087,John Martin,M,10th,Holden High School,98,68
23088,Seth Durham,M,10th,Holden High School,91,72
23089,Robert Cowan,M,11th,Holden High School,95,93
23090,Joseph Forbes,M,12th,Holden High School,73,71
23091,Laura Booker,F,11th,Holden High School,69,97
23092,Linda Bryan,F,11th,Holden High School,70,81
23093,Anthony Anderson,M,9th,Holden High School,75,71
23094,Kelly Williams ,F,10th,Holden High School,74,73
23095,Michael Smith,M,11th,Holden High School,85,84
23096,Benjamin Carlson,M,10th,Holden High School,80,77
23097,Megan Rodriguez,F,9th,Holden High School,91,74
23098,Jacqueline Stark,F,9th,Holden High School,75,87
23099,Jennifer White,F,11th,Holden High School,91,93
23100,Debra Bates,F,11th,Holden High School,88,91
23101,Allison Reese,F,10th,Holden High School,85,71
23102,Robert Wilkinson,M,10th,Holden High School,76,85
23103,Dennis Wood,M,12th,Holden High School,97,83
23104,Brianna Williams,F,10th,Holden High School,96,99
23105,Richard Nash,M,10th,Holden High School,80,86
23106,Jacob Taylor,M,11th,Holden High School,84,73
23107,Lori Moore,F,9th,Holden High School,82,68
23108,Jesse Mcpherson,M,12th,Holden High School,69,98
23109,Wesley Velez,M,12th,Holden High School,81,85
23110,Victoria Perez,F,9th,Holden High School,73,94
23111,Brad Hodge,M,9th,Holden High School,75,81
23112,Dennis Ortiz,M,12th,Holden High School,93,69
23113,Linda Choi,F,10th,Holden High School,93,96
23114,Lisa Wheeler,F,10th,Holden High School,69,68
23115,Christopher Rodriguez,M,9th,Holden High School,71,99
23116,Parker Simon,M,10th,Holden High School,77,84
23117,Juan Bradley,M,12th,Holden High School,75,70
23118,Eileen Reed,F,10th,Holden High School,97,93
23119,Robert Hamilton,M,11th,Holden High School,80,92
23120,Vanessa Manning,F,12th,Holden High School,75,83
23121,Catherine Herrera,F,12th,Holden High School,94,82
23122,Alexander Johnson,M,12th,Holden High School,93,75
23123,Denise Campbell,F,10th,Holden High School,84,82
23124,Laura Ritter,F,11th,Holden High School,86,80
23125,Drew Vaughan,M,9th,Holden High School,96,82
23126,Regina Holder,F,9th,Holden High School,79,94
23127,Susan Adams,F,10th,Holden High School,84,69
23128,Stephanie Woodward,F,10th,Holden High School,86,79
23129,Rachel Hall,F,11th,Holden High School,83,71
23130,David Shaw,M,12th,Holden High School,79,76
23131,Natalie Bonilla,F,10th,Holden High School,80,83
23132,Austin Mendez,M,10th,Holden High School,71,85
23133,Victoria Wilson,F,10th,Holden High School,87,75
23134,Daniel Moreno,M,10th,Holden High School,82,91
23135,Patrick Hall,M,10th,Holden High School,75,89
23136,Vincent Smith,M,9th,Holden High School,69,90
23137,Joshua Munoz,M,9th,Holden High School,92,69
23138,Kelly Gordon,F,10th,Holden High School,84,74
23139,Cheryl Pruitt,F,12th,Holden High School,76,89
23140,William Campbell,M,9th,Holden High School,82,95
23141,Frances Lopez,F,11th,Holden High School,99,69
23142,Linda Price,F,10th,Holden High School,99,96
23143,Mason Adams ,M,9th,Holden High School,83,77
23144,Lisa Gonzalez,F,11th,Holden High School,99,71
23145,Michelle Ramirez,F,12th,Holden High School,98,73
23146,Jason Davis,M,12th,Holden High School,71,87
23147,Beverly Ramos,F,11th,Holden High School,72,88
23148,Evan Serrano,M,9th,Holden High School,72,83
23149,Jesse Jordan,M,10th,Holden High School,84,83
23150,Ashley White,F,10th,Holden High School,89,69
23151,Jacob Bennett,M,11th,Holden High School,69,92
23152,Richard Martin,M,11th,Holden High School,92,82
23153,Patrick Landry,M,11th,Holden High School,88,96
23154,Michelle Carrillo,F,11th,Holden High School,77,85
23155,Alicia Gill,F,12th,Holden High School,74,74
23156,Robert Cooper,M,12th,Holden High School,89,95
23157,John Williams,M,9th,Holden High School,86,75
23158,John Murphy,M,11th,Holden High School,72,83
23159,Daniel Flores,M,10th,Holden High School,91,95
23160,Nathan Russell,M,10th,Holden High School,89,77
23161,Lisa Gonzalez,F,9th,Holden High School,92,89
23162,Krystal Huff,F,10th,Holden High School,80,97
23163,James Kent,M,11th,Holden High School,94,93
23164,Michael Anderson,M,11th,Holden High School,79,98
23165,Melissa Harris,F,9th,Holden High School,72,90
23166,Robert Harvey,M,10th,Holden High School,81,97
23167,Brittany Martinez,F,12th,Holden High School,75,79
23168,Andrew Crawford,M,12th,Holden High School,70,94
23169,Sean Williams,M,10th,Holden High School,77,71
23170,Eric Lewis,M,9th,Holden High School,81,92
23171,Sheryl Hines,F,10th,Holden High School,88,88
23172,Kevin Dudley,M,9th,Holden High School,97,93
23173,Jason Allen,M,10th,Holden High School,88,77
23174,Mark Foster,M,12th,Holden High School,77,72
23175,Brent Lambert,M,9th,Holden High School,73,96
23176,Amy Miller,F,9th,Holden High School,69,69
23177,Monique Thomas,F,9th,Holden High School,84,86
23178,Victoria Burgess,F,9th,Holden High School,90,90
23179,Christine Bailey,F,10th,Holden High School,93,80
23180,Holly Robertson,F,9th,Holden High School,86,69
23181,Melanie Sutton,F,9th,Holden High School,83,93
23182,Megan Harvey,F,9th,Holden High School,72,80
23183,Michael Foster,M,10th,Holden High School,85,93
23184,Julian Ruiz,M,10th,Holden High School,93,94
23185,Gary Anderson ,M,9th,Holden High School,82,73
23186,Kelsey Murray,F,12th,Holden High School,87,92
23187,Michael Wagner,M,11th,Holden High School,87,97
23188,Juan Smith,M,10th,Holden High School,94,86
23189,Joshua Love,M,9th,Holden High School,98,70
23190,David House,M,10th,Holden High School,91,76
23191,Robert Brown,M,12th,Holden High School,83,88
23192,Veronica Clark,F,12th,Holden High School,80,90
23193,Ronald Reed,M,11th,Holden High School,98,91
23194,Christine Cole,F,11th,Holden High School,73,78
23195,David Evans,M,12th,Holden High School,95,79
23196,Melissa Vasquez,F,11th,Holden High School,90,76
23197,Darren Burke,M,9th,Holden High School,83,94
23198,Dean Johnson,M,12th,Holden High School,76,84
23199,Donna Rich,F,9th,Holden High School,81,85
23200,Tyler Randall Jr.,M,9th,Holden High School,98,71
23201,Shannon Woodard,F,10th,Holden High School,76,81
23202,Donald Hoffman,M,9th,Holden High School,89,88
23203,Sabrina Levy,F,11th,Holden High School,86,70
23204,Stephanie Leblanc,F,10th,Holden High School,91,76
23205,Rebecca Phelps,F,9th,Holden High School,75,82
23206,Thomas Bennett,M,11th,Holden High School,72,81
23207,Sally Moore,F,9th,Holden High School,74,75
23208,Elizabeth Coleman,F,9th,Holden High School,92,82
23209,Maria Hunt,F,9th,Holden High School,94,99
23210,Carrie Deleon,F,12th,Holden High School,85,71
23211,Lisa Keller,F,9th,Holden High School,70,77
23212,Anthony Nguyen,M,9th,Holden High School,85,68
23213,Jimmy Guerrero,M,9th,Holden High School,72,76
23214,Wesley Bruce,M,9th,Holden High School,89,68
23215,Renee Payne,F,10th,Holden High School,71,80
23216,Johnny Brown,M,11th,Holden High School,90,86
23217,Troy Oneill,M,9th,Holden High School,98,92
23218,Steven Buck,M,9th,Holden High School,72,92
23219,Cynthia Medina,F,10th,Holden High School,94,75
23220,Robert Jones,M,11th,Holden High School,81,89
23221,Mary Johnson,F,11th,Holden High School,77,74
23222,Robin Fowler,F,9th,Holden High School,98,80
23223,Maria Hamilton,F,10th,Holden High School,85,93
23224,Joshua Santiago ,M,10th,Holden High School,78,81
23225,Raymond Campbell,M,12th,Holden High School,98,94
23226,John Tate,M,11th,Holden High School,88,78
23227,Garrett Figueroa,M,10th,Holden High School,90,83
23228,Hailey Massey,F,10th,Holden High School,98,85
23229,Dawn Stephens,F,9th,Holden High School,87,78
23230,Marvin Smith,M,11th,Holden High School,70,83
23231,Jason Jones,M,9th,Holden High School,95,99
23232,Gregory Cooper,M,10th,Holden High School,72,94
23233,Andrew Vazquez,M,9th,Holden High School,73,94
23234,Kathryn Collier,F,9th,Holden High School,72,83
23235,Ashley Solis,F,10th,Holden High School,73,98
23236,Noah Bryan,M,11th,Holden High School,77,73
23237,Ryan Cantrell,M,10th,Holden High School,75,89
23238,Susan Cooper,F,12th,Holden High School,94,96
23239,Terri Hill,F,10th,Holden High School,96,75
23240,Timothy Andrade,M,11th,Holden High School,91,89
23241,Donna Richardson,F,11th,Holden High School,76,93
23242,Danielle George,F,11th,Holden High School,72,97
23243,Donald Nichols,M,10th,Holden High School,88,96
23244,David Krause,M,11th,Holden High School,78,99
23245,Christopher Cox,M,9th,Holden High School,82,88
23246,Ruth Myers,F,11th,Holden High School,81,95
23247,Jennifer Weber,F,12th,Holden High School,73,79
23248,Nathan Graham,M,10th,Holden High School,91,95
23249,Michael Boyer,M,10th,Holden High School,69,82
23250,Cassandra Rodriguez,F,11th,Holden High School,71,99
23251,Angela Richardson,F,10th,Holden High School,93,74
23252,Erica Harris,F,11th,Holden High School,75,95
23253,Elizabeth Golden,F,9th,Holden High School,74,96
23254,Tim Nash,M,10th,Holden High School,73,99
23255,Jennifer Cantrell,F,10th,Holden High School,74,69
23256,Rachel Hodge,F,10th,Holden High School,76,89
23257,Denise Nguyen,F,9th,Holden High School,90,69
23258,Robert Harris,M,12th,Holden High School,92,92
23259,Samuel Shelton,M,10th,Holden High School,72,89
23260,Michael Brown,M,10th,Holden High School,81,86
23261,Lisa Evans,F,10th,Holden High School,86,89
23262,Paula Robles,F,9th,Holden High School,70,85
23263,Bailey Velazquez,F,11th,Holden High School,72,85
23264,Dean Stewart,M,10th,Holden High School,88,99
23265,James Williams,M,9th,Holden High School,95,77
23266,Alexander Thomas,M,9th,Holden High School,80,72
23267,Chris Mcbride,M,9th,Holden High School,92,95
23268,Mikayla Ortiz,F,12th,Holden High School,85,73
23269,Sharon Douglas,F,9th,Holden High School,78,93
23270,Lauren Little,F,9th,Holden High School,94,95
23271,Christine Kaufman,F,9th,Holden High School,83,95
23272,Christina Smith,F,11th,Holden High School,94,84
23273,Joyce Martin,F,10th,Holden High School,77,92
23274,Alec Davis,M,9th,Pena High School,91,75
23275,Michael Meyer,M,10th,Pena High School,94,76
23276,Donald Gutierrez,M,11th,Pena High School,98,91
23277,Travis Chavez,M,11th,Pena High School,78,71
23278,Sheena Ball,F,12th,Pena High School,87,92
23279,Jenna Weaver,F,9th,Pena High School,76,84
23280,Richard Alexander,M,11th,Pena High School,73,97
23281,Chris Underwood,M,12th,Pena High School,69,72
23282,Jacqueline Hebert,F,12th,Pena High School,69,88
23283,Cheyenne Garcia,F,11th,Pena High School,86,86
23284,Lance Davis,M,12th,Pena High School,69,77
23285,Joshua Johnston,M,9th,Pena High School,94,93
23286,Laura Hamilton,F,10th,Pena High School,87,88
23287,Kayla Medina,F,11th,Pena High School,75,99
23288,Justin Taylor,M,9th,Pena High School,69,92
23289,Jacqueline Thornton,F,10th,Pena High School,94,83
23290,Eric Wright,M,11th,Pena High School,69,94
23291,Evan Beard,M,11th,Pena High School,98,88
23292,Derrick Green,M,11th,Pena High School,69,82
23293,Laurie Moore ,F,12th,Pena High School,96,95
23294,Pamela Riley,F,9th,Pena High School,77,88
23295,Jennifer Jackson,F,10th,Pena High School,92,96
23296,Jason Thompson,M,9th,Pena High School,94,92
23297,Brent Villegas,M,9th,Pena High School,97,77
23298,Breanna Howell,F,10th,Pena High School,71,97
23299,Shaun Jennings,M,10th,Pena High School,89,93
23300,Margaret Barnes,F,9th,Pena High School,72,75
23301,Caitlin Perkins,F,9th,Pena High School,94,98
23302,Jeffery Brown,M,11th,Pena High School,84,75
23303,Gary Henderson,M,11th,Pena High School,79,84
23304,Clayton Travis,M,11th,Pena High School,79,78
23305,Christina Shepherd,F,12th,Pena High School,90,78
23306,Christina White,F,9th,Pena High School,70,71
23307,John Harris,M,12th,Pena High School,94,94
23308,Susan Walsh,F,9th,Pena High School,73,83
23309,Joshua Bautista,M,12th,Pena High School,73,71
23310,Maria Moody,F,11th,Pena High School,87,84
23311,Jake Castillo,M,10th,Pena High School,82,91
23312,Meghan Walker,F,10th,Pena High School,99,92
23313,Heidi Washington,F,10th,Pena High School,76,94
23314,Jeremy Petty,M,10th,Pena High School,79,97
23315,Jacob Nguyen,M,9th,Pena High School,97,93
23316,David Hunter,M,12th,Pena High School,92,97
23317,Kyle Jones,M,10th,Pena High School,88,86
23318,Kristin Smith ,F,12th,Pena High School,79,84
23319,Amy Wise,F,12th,Pena High School,99,89
23320,Greg Woodard,M,10th,Pena High School,97,91
23321,Michael Robertson,M,10th,Pena High School,74,69
23322,Dana Duncan,F,11th,Pena High School,73,86
23323,James Martin,M,10th,Pena High School,72,72
23324,Barbara Norman,F,12th,Pena High School,88,73
23325,Christine Wilson,F,10th,Pena High School,90,98
23326,Craig Morales,M,10th,Pena High School,97,97
23327,Lisa Nguyen,F,12th,Pena High School,99,96
23328,Todd Parker,M,9th,Pena High School,77,95
23329,Megan Dixon,F,11th,Pena High School,83,81
23330,Sean Mcdonald,M,10th,Pena High School,86,86
23331,Alexander Allen,M,9th,Pena High School,91,80
23332,Richard Newton,M,10th,Pena High School,80,68
23333,Robert Baxter,M,11th,Pena High School,71,92
23334,David Fisher,M,9th,Pena High School,76,75
23335,Mrs. Denise Vasquez,F,9th,Pena High School,72,85
23336,David Patrick,M,11th,Pena High School,77,84
23337,Lisa Brown,F,11th,Pena High School,92,83
23338,Gregory Smith,M,12th,Pena High School,91,75
23339,Angela White,F,9th,Pena High School,88,94
23340,Kelsey Baker,F,9th,Pena High School,75,95
23341,Alexandra Green,F,11th,Pena High School,90,95
23342,Evan Cochran,M,11th,Pena High School,87,82
23343,Natalie Martin,F,12th,Pena High School,84,85
23344,Brooke Vargas,F,12th,Pena High School,81,92
23345,Marie Webb,F,12th,Pena High School,87,91
23346,Douglas Holmes,M,9th,Pena High School,84,79
23347,Jeffrey Payne,M,11th,Pena High School,82,76
23348,Jeffrey Ruiz,M,9th,Pena High School,89,91
23349,Bridget Ryan,F,9th,Pena High School,79,85
23350,Daniel Campbell,M,12th,Pena High School,75,94
23351,David Blankenship,M,10th,Pena High School,88,74
23352,Samantha Garcia,F,10th,Pena High School,75,83
23353,Anne Stark,F,12th,Pena High School,88,94
23354,Joseph Morgan IV,M,9th,Pena High School,71,97
23355,Tyrone Davis,M,9th,Pena High School,86,83
23356,Donald Watson,M,9th,Pena High School,98,88
23357,George Reed,M,12th,Pena High School,86,95
23358,Peter Sanchez,M,10th,Pena High School,84,86
23359,Katie Estes,F,12th,Pena High School,86,98
23360,Linda Curtis,F,12th,Pena High School,81,91
23361,Zachary Pruitt,M,9th,Pena High School,97,69
23362,Donna Ewing,F,11th,Pena High School,95,90
23363,John Nguyen,M,9th,Pena High School,71,98
23364,Amy Martinez,F,9th,Pena High School,76,77
23365,Cassandra Newman,F,10th,Pena High School,94,79
23366,Jeffrey Benson,M,12th,Pena High School,75,89
23367,Richard Hansen,M,11th,Pena High School,91,88
23368,Daniel Nelson,M,11th,Pena High School,94,95
23369,Jonathan Mcguire,M,9th,Pena High School,73,87
23370,Carlos Adkins Jr.,M,11th,Pena High School,80,72
23371,Patricia Flores,F,11th,Pena High School,93,98
23372,Samantha Rubio,F,11th,Pena High School,69,84
23373,Kim Hughes,F,12th,Pena High School,75,89
23374,Ethan Flynn,M,11th,Pena High School,79,99
23375,Sarah Curry,F,10th,Pena High School,82,98
23376,Michele Herring,F,9th,Pena High School,74,68
23377,Matthew Jones,M,10th,Pena High School,86,84
23378,Jonathan Fry,M,12th,Pena High School,81,73
23379,Jeremy Walker,M,9th,Pena High School,97,69
23380,Melinda Reyes,F,10th,Pena High School,71,92
23381,Joshua Garcia,M,11th,Pena High School,82,86
23382,Samantha Erickson,F,9th,Pena High School,93,69
23383,Donald Brown,M,12th,Pena High School,72,92
23384,Denise Frank,F,10th,Pena High School,88,98
23385,Michael Craig ,M,9th,Pena High School,93,92
23386,Hannah Brown,F,10th,Pena High School,89,78
23387,Tina Parker,F,9th,Pena High School,80,68
23388,Melissa Sutton,F,9th,Pena High School,88,91
23389,Billy Harvey,M,9th,Pena High School,79,78
23390,Megan Mcdonald,F,12th,Pena High School,70,73
23391,Holly Shaffer,F,11th,Pena High School,91,94
23392,Krystal Page,F,9th,Pena High School,84,79
23393,Melanie Roberts,F,11th,Pena High School,82,79
23394,Sharon Thomas,F,10th,Pena High School,96,94
23395,Alicia Jones,F,12th,Pena High School,76,86
23396,Rachel Lee,F,12th,Pena High School,96,82
23397,Gina Le,F,10th,Pena High School,80,80
23398,Alexa Henderson,F,11th,Pena High School,85,94
23399,Robin Garcia,F,9th,Pena High School,89,95
23400,Kimberly Wheeler,F,11th,Pena High School,73,84
23401,David Yoder,M,10th,Pena High School,72,87
23402,Jessica Clark,F,12th,Pena High School,95,82
23403,Angela Rasmussen,F,10th,Pena High School,75,75
23404,Dawn Hampton,F,11th,Pena High School,89,81
23405,Natalie Jones,F,10th,Pena High School,79,89
23406,Robert Tucker,M,11th,Pena High School,82,96
23407,Michael Kane,M,12th,Pena High School,96,77
23408,Mark Fields,M,9th,Pena High School,84,68
23409,Jennifer Harper,F,10th,Pena High School,90,91
23410,Andrew Keith,M,12th,Pena High School,77,88
23411,Christopher Lucas,M,9th,Pena High School,98,71
23412,Amanda Floyd,F,12th,Pena High School,97,91
23413,Jennifer Thomas,F,9th,Pena High School,96,81
23414,Christie Mann,F,11th,Pena High School,76,77
23415,Michele Morgan,F,11th,Pena High School,82,68
23416,Alexander Davis,M,9th,Pena High School,71,91
23417,Melissa Bullock,F,10th,Pena High School,89,95
23418,Beverly Smith,F,12th,Pena High School,71,99
23419,Brent Schwartz,M,12th,Pena High School,85,74
23420,Leslie Willis,F,10th,Pena High School,85,94
23421,Brooke Noble,F,11th,Pena High School,95,92
23422,Mikayla Butler,F,9th,Pena High School,89,93
23423,Herbert Torres,M,10th,Pena High School,88,82
23424,Susan Hicks,F,9th,Pena High School,72,94
23425,Tommy Baird,M,12th,Pena High School,78,76
23426,Mrs. Melissa Vasquez,F,11th,Pena High School,74,93
23427,Holly Smith,F,9th,Pena High School,69,92
23428,Susan Scott,F,9th,Pena High School,83,70
23429,Kathryn Schwartz,F,12th,Pena High School,88,70
23430,James Shelton,M,11th,Pena High School,99,90
23431,Mark Ramirez,M,11th,Pena High School,86,89
23432,Patrick Stanton,M,11th,Pena High School,91,69
23433,William Meyer,M,9th,Pena High School,85,78
23434,Johnathan West,M,9th,Pena High School,84,71
23435,Cheryl Wallace,F,11th,Pena High School,74,70
23436,Matthew Leach,M,9th,Pena High School,71,99
23437,Jennifer Perez,F,11th,Pena High School,89,72
23438,Christina Smith,F,11th,Pena High School,88,91
23439,Vincent Stokes,M,11th,Pena High School,91,87
23440,Lucas Pearson,M,9th,Pena High School,75,81
23441,Angie Stone,F,9th,Pena High School,75,68
23442,Dana Berry,F,10th,Pena High School,98,69
23443,Angela Davis,F,10th,Pena High School,85,96
23444,Andre Adams,M,11th,Pena High School,98,88
23445,Lori Bishop,F,11th,Pena High School,96,74
23446,Brian Ellis,M,12th,Pena High School,78,80
23447,Sandra Ware,F,12th,Pena High School,78,89
23448,Kristi Mathis,F,10th,Pena High School,82,72
23449,Theresa Esparza,F,9th,Pena High School,80,88
23450,Richard Patterson,M,10th,Pena High School,90,96
23451,Michael Conrad,M,12th,Pena High School,97,71
23452,Steven Evans,M,11th,Pena High School,90,98
23453,Marissa Pruitt,F,11th,Pena High School,74,70
23454,Craig Gregory,M,10th,Pena High School,84,76
23455,Travis Allison,M,10th,Pena High School,92,95
23456,Caitlin Vasquez,F,10th,Pena High School,90,99
23457,Rachel Guzman,F,11th,Pena High School,99,80
23458,Adam Anderson,M,11th,Pena High School,83,71
23459,Terry Johnson,M,11th,Pena High School,88,94
23460,Kendra Spencer,F,12th,Pena High School,95,89
23461,April Hines,F,10th,Pena High School,91,70
23462,Brian Banks,M,11th,Pena High School,81,99
23463,Dana Reynolds,F,11th,Pena High School,80,84
23464,William Cochran,M,11th,Pena High School,97,94
23465,Wendy Brown,F,11th,Pena High School,88,99
23466,Cindy Wells,F,11th,Pena High School,81,82
23467,Megan Smith,F,10th,Pena High School,83,81
23468,Ashley Stephens,F,12th,Pena High School,94,91
23469,Michael Koch,M,9th,Pena High School,92,70
23470,Cynthia Matthews,F,11th,Pena High School,87,85
23471,Jennifer Smith,F,11th,Pena High School,79,76
23472,Lauren Martinez,F,9th,Pena High School,83,84
23473,Nicole Ferguson,F,11th,Pena High School,71,69
23474,Jacqueline Gonzalez,F,11th,Pena High School,83,97
23475,Jennifer Harris,F,11th,Pena High School,82,91
23476,Nicole Pope,F,9th,Pena High School,76,93
23477,Amanda Johnson,F,9th,Pena High School,76,79
23478,Chelsea Gray,F,10th,Pena High School,73,99
23479,Elizabeth Cruz,F,11th,Pena High School,69,73
23480,Jon Reeves,M,11th,Pena High School,94,77
23481,Jessica Davis,F,11th,Pena High School,74,74
23482,Joseph Miller,M,10th,Pena High School,72,81
23483,Donald Guzman,M,10th,Pena High School,84,90
23484,Shannon Crosby,F,12th,Pena High School,84,88
23485,John Brady,M,12th,Pena High School,75,81
23486,Lori Fields,F,12th,Pena High School,85,76
23487,James Fisher,M,11th,Pena High School,88,90
23488,Kristen Shepherd,F,9th,Pena High School,79,97
23489,Kelly Owen,F,11th,Pena High School,77,85
23490,David Jenkins,M,12th,Pena High School,86,77
23491,Jonathan Walter,M,11th,Pena High School,87,77
23492,Tiffany Payne,F,9th,Pena High School,87,97
23493,Christopher Matthews,M,9th,Pena High School,70,92
23494,Samantha Marshall,F,10th,Pena High School,70,68
23495,Adriana Blankenship,F,12th,Pena High School,70,68
23496,John Fox,M,11th,Pena High School,97,88
23497,Becky Shepherd,F,10th,Pena High School,80,83
23498,Charles Sullivan,M,11th,Pena High School,87,70
23499,Rodney Brooks,M,9th,Pena High School,90,76
23500,Debbie Hall,F,10th,Pena High School,87,74
23501,Jenna Cruz,F,11th,Pena High School,85,68
23502,Joshua Leonard,M,9th,Pena High School,74,92
23503,Mike Garrison,M,10th,Pena High School,90,95
23504,James Carpenter,M,12th,Pena High School,73,81
23505,Ronald Wagner,M,9th,Pena High School,78,77
23506,Russell Reed,M,10th,Pena High School,88,96
23507,Barbara Eaton,F,10th,Pena High School,89,74
23508,Jerry Murphy,M,9th,Pena High School,82,93
23509,Michael Price,M,12th,Pena High School,96,70
23510,Pam Gonzalez,F,11th,Pena High School,78,89
23511,Amanda Campbell,F,11th,Pena High School,99,82
23512,Becky Powell,F,11th,Pena High School,83,72
23513,Louis Hodge,M,10th,Pena High School,92,91
23514,Cheryl Gibbs,F,9th,Pena High School,89,74
23515,Nicole Nash,F,12th,Pena High School,77,84
23516,Sheila Lara,F,9th,Pena High School,91,81
23517,Joseph Good,M,11th,Pena High School,86,75
23518,Elizabeth Harris,F,9th,Pena High School,77,84
23519,Jacob Bryan,M,12th,Pena High School,76,73
23520,Caleb Mendez,M,11th,Pena High School,94,90
23521,Vincent Mendez,M,9th,Pena High School,76,68
23522,Taylor Nielsen,M,11th,Pena High School,80,89
23523,Justin Williams,M,11th,Pena High School,73,93
23524,Micheal Roy,M,12th,Pena High School,86,74
23525,Timothy Smith,M,11th,Pena High School,77,77
23526,Cheryl Clark,F,11th,Pena High School,97,88
23527,Joshua Burns,M,12th,Pena High School,99,98
23528,Bailey Ryan,F,10th,Pena High School,74,88
23529,Frank Franco,M,9th,Pena High School,84,99
23530,Janice Jackson,F,12th,Pena High School,70,70
23531,Donald Walker,M,12th,Pena High School,89,79
23532,David Moran,M,9th,Pena High School,94,74
23533,Deborah Rivera,F,9th,Pena High School,82,78
23534,Elizabeth Meza,F,12th,Pena High School,90,94
23535,Paul Brown,M,9th,Pena High School,80,68
23536,Matthew Rangel,M,12th,Pena High School,86,94
23537,Jessica Wilson,F,10th,Pena High School,75,92
23538,Monica Rodgers,F,10th,Pena High School,74,85
23539,Matthew Cooper ,M,10th,Pena High School,72,69
23540,Kelly Petersen,M,9th,Pena High School,93,71
23541,Marc Potts,M,9th,Pena High School,97,70
23542,Antonio Page,M,9th,Pena High School,78,77
23543,Thomas Foster,M,9th,Pena High School,87,85
23544,Jason Clements,M,11th,Pena High School,99,70
23545,Katie Barron,F,12th,Pena High School,95,85
23546,Bruce Fitzgerald,M,10th,Pena High School,69,70
23547,Kendra Boyer,F,10th,Pena High School,93,85
23548,Tina Ballard,F,9th,Pena High School,84,72
23549,Jennifer Bailey,F,9th,Pena High School,72,78
23550,Mark Livingston Jr.,M,10th,Pena High School,73,87
23551,Debra Thomas,F,12th,Pena High School,85,71
23552,Michael May,M,11th,Pena High School,94,73
23553,Emily Norman,F,12th,Pena High School,78,91
23554,David Lee,M,10th,Pena High School,71,73
23555,Gary Johnson,M,11th,Pena High School,89,83
23556,Marcus Stokes,M,10th,Pena High School,88,83
23557,William Hunt,M,9th,Pena High School,95,90
23558,Elizabeth White,F,10th,Pena High School,95,74
23559,Cassidy Mccann,F,11th,Pena High School,92,93
23560,Brian Sullivan,M,12th,Pena High School,89,71
23561,Brian Perez,M,11th,Pena High School,98,74
23562,Christopher Cole,M,11th,Pena High School,91,93
23563,Tiffany Smith,F,10th,Pena High School,82,72
23564,Karen Allen,F,10th,Pena High School,94,93
23565,David Taylor,M,11th,Pena High School,69,80
23566,David Valenzuela,M,9th,Pena High School,72,68
23567,Breanna Mcguire,F,11th,Pena High School,99,81
23568,Randy Blankenship,M,11th,Pena High School,74,78
23569,Jennifer Jackson,F,12th,Pena High School,69,88
23570,Alyssa Mitchell,F,9th,Pena High School,88,82
23571,Michael Duarte,M,10th,Pena High School,99,79
23572,Monique Long,F,9th,Pena High School,70,82
23573,Christine Sanders,F,10th,Pena High School,79,72
23574,Mary Henry,F,12th,Pena High School,81,78
23575,Russell Bennett,M,9th,Pena High School,93,91
23576,Jessica Peterson,F,10th,Pena High School,85,97
23577,Kelli Wood,F,12th,Pena High School,97,87
23578,Nathan Morrison,M,10th,Pena High School,79,71
23579,Gerald Fuller,M,9th,Pena High School,95,88
23580,Kimberly Chang,F,9th,Pena High School,69,92
23581,Heather Jones,F,9th,Pena High School,78,88
23582,Sandra Ramos,F,9th,Pena High School,82,71
23583,Justin Kirby,M,9th,Pena High School,74,73
23584,Andrea Gray,F,11th,Pena High School,73,75
23585,Ryan Cruz,M,10th,Pena High School,99,87
23586,Nichole Ellis,F,9th,Pena High School,99,71
23587,Kathleen Smith,F,10th,Pena High School,73,73
23588,Destiny Huff,F,9th,Pena High School,82,78
23589,Rhonda Gonzalez,F,12th,Pena High School,69,71
23590,Lisa West,F,10th,Pena High School,85,92
23591,Paula Mann,F,10th,Pena High School,74,75
23592,Michael Martin ,M,11th,Pena High School,99,86
23593,Nicole Flores,F,10th,Pena High School,95,74
23594,Nicole Nunez,F,12th,Pena High School,79,98
23595,Traci Green,F,11th,Pena High School,78,87
23596,Kristina Garcia,F,10th,Pena High School,90,76
23597,Caleb Mitchell,M,12th,Pena High School,77,76
23598,Ricky Riley,M,12th,Pena High School,80,72
23599,Christina Hale,F,9th,Pena High School,74,90
23600,Leslie Becker,F,10th,Pena High School,81,90
23601,Kari Anderson ,F,11th,Pena High School,94,99
23602,Adam Arnold,M,11th,Pena High School,84,95
23603,Cynthia Kaufman,F,11th,Pena High School,72,74
23604,Mark Barnes,M,9th,Pena High School,96,74
23605,Mallory Lawson,F,9th,Pena High School,92,99
23606,Emily Castaneda,F,12th,Pena High School,70,93
23607,Joshua Patterson,M,11th,Pena High School,69,98
23608,Samuel Blair,M,9th,Pena High School,87,74
23609,Larry Thomas,M,10th,Pena High School,69,92
23610,Kimberly Nguyen,F,10th,Pena High School,69,89
23611,Sarah Jackson,F,12th,Pena High School,84,69
23612,Stephen Ramos,M,10th,Pena High School,79,88
23613,Pamela Hernandez,F,11th,Pena High School,88,80
23614,Joseph Harris,M,11th,Pena High School,78,90
23615,Ivan Gaines,M,11th,Pena High School,95,81
23616,Jamie Davenport,F,12th,Pena High School,95,92
23617,Jason Mendoza,M,9th,Pena High School,92,99
23618,Christopher Moss,M,10th,Pena High School,92,82
23619,Michelle Robinson,F,9th,Pena High School,71,98
23620,Stephen Taylor,M,10th,Pena High School,98,96
23621,Michelle Hill,F,9th,Pena High School,85,75
23622,Christopher Davis,M,10th,Pena High School,75,73
23623,Kim Boyer,F,10th,Pena High School,90,71
23624,Jason Carter,M,12th,Pena High School,99,80
23625,Eduardo Jones,M,10th,Pena High School,91,82
23626,Cindy Powell,F,11th,Pena High School,93,88
23627,Ashlee Gardner,F,11th,Pena High School,76,94
23628,Donna Wilson,F,10th,Pena High School,81,95
23629,Laura Moss,F,10th,Pena High School,94,79
23630,Nicholas Hayes,M,10th,Pena High School,93,98
23631,Daniel Carlson,M,10th,Pena High School,99,70
23632,Cynthia Gray,F,10th,Pena High School,71,73
23633,Kyle Boyd,M,9th,Pena High School,71,91
23634,Andrew Hamilton,M,9th,Pena High School,79,68
23635,Cindy Booth,F,9th,Pena High School,93,85
23636,Sandra Brown,F,9th,Pena High School,93,87
23637,Amy Nichols,F,12th,Pena High School,91,94
23638,Mark Glover,M,11th,Pena High School,75,79
23639,Judy Roberts,F,11th,Pena High School,83,90
23640,Jeffrey Pierce,M,10th,Pena High School,77,72
23641,Joseph Stevens,M,10th,Pena High School,69,97
23642,Paula Brown,F,11th,Pena High School,76,70
23643,Ashley Bush,F,11th,Pena High School,88,79
23644,Amanda Bush,F,12th,Pena High School,85,90
23645,John Johnson,M,11th,Pena High School,79,98
23646,Taylor Walton,F,12th,Pena High School,96,86
23647,Kevin Knight,M,12th,Pena High School,71,94
23648,Cory Raymond,M,9th,Pena High School,87,90
23649,Wendy Newman,F,10th,Pena High School,87,85
23650,Brian Mckay,M,11th,Pena High School,75,92
23651,Joshua Johnson,M,12th,Pena High School,72,69
23652,Adam Eaton,M,11th,Pena High School,83,80
23653,James White,M,12th,Pena High School,81,87
23654,Sandra Thomas,F,10th,Pena High School,95,98
23655,James Hunter,M,11th,Pena High School,94,77
23656,Michael Ward,M,11th,Pena High School,95,72
23657,Autumn Dennis,F,11th,Pena High School,82,95
23658,Joy Perez,F,9th,Pena High School,82,98
23659,Brian Diaz,M,12th,Pena High School,75,99
23660,Jason Smith,M,10th,Pena High School,92,86
23661,Elaine Smith,F,11th,Pena High School,95,73
23662,Angela Murillo,F,10th,Pena High School,87,80
23663,Elizabeth Johnson,F,10th,Pena High School,85,94
23664,Kenneth Kane,M,10th,Pena High School,91,76
23665,Diana Morgan,F,9th,Pena High School,75,95
23666,Erik Hanna,M,9th,Pena High School,91,85
23667,Shannon Bell,F,11th,Pena High School,91,95
23668,Patrick Walker,M,9th,Pena High School,97,86
23669,Anthony Gill,M,9th,Pena High School,97,80
23670,Charles Smith,M,10th,Pena High School,93,76
23671,Mrs. Kaitlin Oconnor ,F,11th,Pena High School,87,74
23672,Patricia Bowman,F,9th,Pena High School,76,96
23673,Cameron Pratt,M,11th,Pena High School,78,84
23674,Jackson Jones,M,9th,Pena High School,84,92
23675,Heather Gutierrez,F,11th,Pena High School,87,99
23676,Scott Brown,M,10th,Pena High School,90,82
23677,Ashley James,F,12th,Pena High School,93,92
23678,Jimmy Simpson,M,10th,Pena High School,69,82
23679,Aaron Webb,M,11th,Pena High School,85,83
23680,Alison Torres,F,12th,Pena High School,81,96
23681,Eric Lewis,M,12th,Pena High School,94,97
23682,James Shannon,M,10th,Pena High School,72,78
23683,Sierra Hodge,F,9th,Pena High School,85,92
23684,John Mayer,M,10th,Pena High School,94,82
23685,Brent Thomas,M,12th,Pena High School,79,96
23686,Dale Shaw,M,9th,Pena High School,72,68
23687,Gregory Gutierrez,M,9th,Pena High School,96,92
23688,Jacob Phillips,M,9th,Pena High School,85,80
23689,Karen Jones,F,9th,Pena High School,74,79
23690,Lori Stewart,F,10th,Pena High School,94,99
23691,Donald Ellis,M,9th,Pena High School,73,76
23692,Larry Campbell,M,11th,Pena High School,70,98
23693,Angela Holden,F,9th,Pena High School,93,96
23694,Alex Mcgee,M,10th,Pena High School,76,93
23695,Tracy Meza,F,11th,Pena High School,77,72
23696,Raymond Hill,M,10th,Pena High School,75,84
23697,Jennifer Chan,F,9th,Pena High School,77,95
23698,Jennifer Joyce,F,12th,Pena High School,72,99
23699,Anna Russell,F,12th,Pena High School,83,91
23700,Crystal Miller ,F,10th,Pena High School,86,85
23701,Sonya Morales,F,9th,Pena High School,90,94
23702,Nathaniel Wells,M,10th,Pena High School,82,77
23703,Kevin Jenkins,M,11th,Pena High School,76,74
23704,Hunter Camacho,M,12th,Pena High School,71,83
23705,Jennifer Lee,F,9th,Pena High School,96,95
23706,Alyssa Cowan,F,10th,Pena High School,92,74
23707,Stephanie Moore,F,10th,Pena High School,79,77
23708,Angela Jones,F,12th,Pena High School,84,86
23709,Gloria Torres,F,11th,Pena High School,71,75
23710,Jennifer Scott,F,12th,Pena High School,69,80
23711,Terri Miles,F,12th,Pena High School,73,78
23712,Alexander Thompson,M,12th,Pena High School,87,81
23713,Samuel Nunez,M,12th,Pena High School,77,82
23714,Richard Myers,M,12th,Pena High School,86,89
23715,Joseph Park,M,10th,Pena High School,77,89
23716,Stephanie Nelson,F,10th,Pena High School,78,98
23717,Brian Gomez,M,9th,Pena High School,88,77
23718,Patty Nichols,F,10th,Pena High School,78,99
23719,Barbara Bryant,F,10th,Pena High School,91,81
23720,Julie Olsen,F,11th,Pena High School,84,83
23721,Rebecca Kline,F,11th,Pena High School,81,75
23722,Robert Garrison,M,11th,Pena High School,69,98
23723,Steven Bell,M,9th,Pena High School,76,81
23724,Molly Lewis,F,12th,Pena High School,85,81
23725,Stacy Hall,F,12th,Pena High School,71,72
23726,Jeffrey Wells,M,12th,Pena High School,77,85
23727,Joe Vance,M,12th,Pena High School,69,86
23728,Cody Brandt,M,11th,Pena High School,70,98
23729,Amy Miller,F,9th,Pena High School,80,72
23730,Benjamin Curtis,M,12th,Pena High School,69,75
23731,Gina Nguyen,F,9th,Pena High School,96,73
23732,Megan Harrison,F,10th,Pena High School,96,98
23733,Michael Bailey,M,9th,Pena High School,81,92
23734,April Rice,F,9th,Pena High School,88,83
23735,Daisy Lee,F,10th,Pena High School,88,90
23736,Ronnie Martinez,M,9th,Pena High School,84,74
23737,Christopher Dougherty,M,12th,Pena High School,94,80
23738,Norma Delacruz,F,9th,Pena High School,94,86
23739,Christopher Lopez,M,9th,Pena High School,75,98
23740,Charlotte Olson,F,12th,Pena High School,99,95
23741,Bryan Lopez,M,10th,Pena High School,83,78
23742,Dustin Gonzalez,M,11th,Pena High School,74,77
23743,Willie Dominguez,M,10th,Pena High School,94,73
23744,Stephen Williams,M,9th,Pena High School,97,83
23745,Jill Hunter,F,11th,Pena High School,92,83
23746,Cynthia Rice,F,11th,Pena High School,90,72
23747,Gina Mcgee,F,9th,Pena High School,96,96
23748,Daniel Simmons,M,10th,Pena High School,95,98
23749,Tammy Jones,F,10th,Pena High School,82,79
23750,Dana Rodriguez,F,10th,Pena High School,71,79
23751,Joseph Walters,M,11th,Pena High School,93,93
23752,Mrs. Margaret Watson,F,10th,Pena High School,77,93
23753,Sherri Conley,F,10th,Pena High School,70,69
23754,John Martin,M,9th,Pena High School,69,95
23755,Brian Oconnell,M,12th,Pena High School,92,73
23756,John Wright,M,9th,Pena High School,87,97
23757,Tina Alvarado,F,9th,Pena High School,92,74
23758,Carl Harrison,M,11th,Pena High School,74,87
23759,Ashley Meyer,F,11th,Pena High School,70,96
23760,Janet Flores,F,12th,Pena High School,79,78
23761,Richard Price ,M,9th,Pena High School,79,81
23762,Chad Stanton,M,11th,Pena High School,99,83
23763,Margaret Calhoun,F,9th,Pena High School,74,75
23764,Michael Martinez,M,11th,Pena High School,75,90
23765,William Hebert,M,9th,Pena High School,94,68
23766,Deborah Flores,F,9th,Pena High School,93,79
23767,Abigail Miller,F,12th,Pena High School,77,84
23768,Alan Duncan,M,11th,Pena High School,75,82
23769,Jacob Wright,M,12th,Pena High School,84,95
23770,Tony Miller,M,10th,Pena High School,81,75
23771,Michael Dodson,M,9th,Pena High School,83,75
23772,Natalie Gonzalez,F,9th,Pena High School,77,92
23773,Dale York,M,10th,Pena High School,92,93
23774,Kelly Keller,F,10th,Pena High School,92,81
23775,Ryan Woodward,M,11th,Pena High School,98,71
23776,Tanya Wells,F,10th,Pena High School,84,96
23777,Christopher Carrillo,M,10th,Pena High School,85,88
23778,Jennifer Powell ,F,9th,Pena High School,95,94
23779,Crystal Villarreal,F,9th,Pena High School,70,78
23780,Jesse Johnson,M,12th,Pena High School,96,68
23781,Kelly Dickerson,F,12th,Pena High School,73,72
23782,Nicholas Ibarra,M,9th,Pena High School,76,74
23783,Nicolas Roberts,M,9th,Pena High School,88,94
23784,Diana Wilson,F,11th,Pena High School,73,75
23785,Dale Quinn,M,11th,Pena High School,78,88
23786,Kayla Brown,F,10th,Pena High School,72,85
23787,Krystal Powell,F,12th,Pena High School,91,68
23788,Peter Lewis,M,9th,Pena High School,80,81
23789,Amy Adams,F,9th,Pena High School,84,96
23790,Debra Bishop,F,10th,Pena High School,87,73
23791,William Larson,M,10th,Pena High School,80,89
23792,Charles Williams,M,11th,Pena High School,75,93
23793,Karen Cooley,F,10th,Pena High School,72,70
23794,Bill Miller,M,12th,Pena High School,76,86
23795,Christopher Rodriguez,M,9th,Pena High School,92,75
23796,David Johnson,M,11th,Pena High School,72,75
23797,Amanda Sweeney,F,11th,Pena High School,93,79
23798,Tyler Kim,M,9th,Pena High School,76,73
23799,Sheri Davis ,F,12th,Pena High School,69,96
23800,Kristy Johnson,F,11th,Pena High School,86,84
23801,Cole Taylor,M,9th,Pena High School,92,98
23802,Ronald Ramirez,M,11th,Pena High School,88,86
23803,Erika Torres,F,9th,Pena High School,80,84
23804,Erica Smith,F,10th,Pena High School,87,73
23805,Richard Fox,M,10th,Pena High School,93,73
23806,Cody Russell,M,11th,Pena High School,97,93
23807,Mary Jackson,F,11th,Pena High School,90,78
23808,Jessica Rose,F,10th,Pena High School,90,88
23809,Michael Martin,M,9th,Pena High School,82,76
23810,Nancy Kelley,F,11th,Pena High School,88,70
23811,Terri Smith,F,9th,Pena High School,74,81
23812,Kristopher Guerrero,M,9th,Pena High School,81,97
23813,Brendan Alvarado,M,10th,Pena High School,88,75
23814,Mary Scott,F,9th,Pena High School,76,80
23815,Kayla Reyes,F,10th,Pena High School,69,72
23816,Nichole Beck,F,10th,Pena High School,69,92
23817,Lisa Tate,F,11th,Pena High School,87,98
23818,Angela Moore,F,11th,Pena High School,91,87
23819,Michael Patel,M,9th,Pena High School,96,80
23820,Rachel Spears,F,11th,Pena High School,88,97
23821,Micheal Anderson,M,9th,Pena High School,76,98
23822,Julie Hernandez,F,12th,Pena High School,84,90
23823,William Rodriguez,M,11th,Pena High School,85,74
23824,Katherine Norris,F,9th,Pena High School,71,98
23825,James Potts,M,9th,Pena High School,82,84
23826,Traci Blanchard ,F,12th,Pena High School,95,95
23827,Karen Barker,F,12th,Pena High School,94,92
23828,Caroline Andrews,F,12th,Pena High School,70,94
23829,Jessica Holloway,F,12th,Pena High School,87,94
23830,Randy Soto,M,10th,Pena High School,90,75
23831,Christine Harris,F,11th,Pena High School,81,99
23832,Katrina Payne,F,11th,Pena High School,85,73
23833,John Joyce,M,10th,Pena High School,81,90
23834,Barbara Keith,F,11th,Pena High School,73,89
23835,Christopher Jimenez,M,9th,Pena High School,90,77
23836,Thomas Spence,M,9th,Pena High School,75,87
23837,Jasmine Lynn,F,10th,Pena High School,99,86
23838,Linda Dickson,F,11th,Pena High School,95,97
23839,Kyle Robinson,M,10th,Pena High School,70,88
23840,Timothy Vazquez,M,11th,Pena High School,69,98
23841,Regina Davis,F,9th,Pena High School,97,94
23842,Lauren Perry,F,10th,Pena High School,76,84
23843,Christine Jones,F,12th,Pena High School,94,74
23844,Travis Wyatt,M,10th,Pena High School,89,72
23845,Curtis Stewart,M,11th,Pena High School,81,98
23846,Virginia Turner,F,10th,Pena High School,76,90
23847,Brett Kim,M,10th,Pena High School,90,78
23848,Kimberly Juarez,F,10th,Pena High School,70,79
23849,Danielle Baker,F,11th,Pena High School,86,78
23850,Pamela Rubio,F,10th,Pena High School,79,77
23851,Douglas Barker,M,12th,Pena High School,83,89
23852,Logan Bennett,M,9th,Pena High School,96,79
23853,Audrey Crawford,F,11th,Pena High School,92,95
23854,Heather Lynch,F,11th,Pena High School,70,94
23855,Debra Murphy,F,11th,Pena High School,81,74
23856,Anne Hernandez,F,9th,Pena High School,82,81
23857,Jason Carter,M,11th,Pena High School,99,96
23858,Sylvia Gaines,F,9th,Pena High School,87,90
23859,Carolyn Graham,F,9th,Pena High School,88,95
23860,Scott Cortez,M,12th,Pena High School,97,75
23861,Corey Coleman,M,11th,Pena High School,98,72
23862,James Richardson,M,11th,Pena High School,76,72
23863,Wayne Fowler,M,9th,Pena High School,80,72
23864,Joseph Hicks,M,11th,Pena High School,98,79
23865,Anita Jones,F,11th,Pena High School,74,96
23866,Darren Marshall,M,10th,Pena High School,81,94
23867,Mrs. Nancy Blair,F,9th,Pena High School,87,95
23868,Sylvia Ross,F,11th,Pena High School,91,99
23869,Ethan Le,M,11th,Pena High School,91,90
23870,Kristin Williams,F,12th,Pena High School,78,87
23871,Nicholas Crosby,M,12th,Pena High School,98,79
23872,Christina Parker,F,9th,Pena High School,97,93
23873,Patricia Cochran,F,9th,Pena High School,98,91
23874,Stephen Stephens,M,9th,Pena High School,99,85
23875,Michael Hopkins,M,9th,Pena High School,80,73
23876,Dorothy Patel,F,12th,Pena High School,91,82
23877,Jamie Newman,M,9th,Pena High School,91,74
23878,Nicole Allen,F,11th,Pena High School,92,68
23879,Valerie Vazquez,F,10th,Pena High School,98,72
23880,Molly Padilla,F,9th,Pena High School,82,74
23881,Kyle Zimmerman,M,9th,Pena High School,82,93
23882,William Martin,M,10th,Pena High School,95,76
23883,Charles Cunningham,M,10th,Pena High School,93,92
23884,Taylor Ford,F,11th,Pena High School,90,86
23885,Jamie King,F,10th,Pena High School,75,82
23886,Catherine Coleman,F,12th,Pena High School,93,88
23887,Jason Lewis,M,10th,Pena High School,90,85
23888,Charles Hanson,M,9th,Pena High School,83,71
23889,Jacqueline Glenn,F,12th,Pena High School,85,75
23890,Jessica Brown,F,10th,Pena High School,75,70
23891,Kevin Aguirre,M,11th,Pena High School,97,77
23892,Lisa Farley,F,11th,Pena High School,70,74
23893,Cody Carson,M,10th,Pena High School,98,77
23894,Michael Nguyen,M,11th,Pena High School,92,87
23895,Catherine Sanchez,F,9th,Pena High School,98,89
23896,Rhonda Vaughn,F,11th,Pena High School,84,84
23897,Alexandria Maxwell,F,12th,Pena High School,97,99
23898,Jackson Smith,M,10th,Pena High School,94,80
23899,Hannah Mccall,F,11th,Pena High School,95,70
23900,Brian Washington,M,11th,Pena High School,96,97
23901,Clinton Bell,M,11th,Pena High School,93,89
23902,Jillian Gonzales,F,9th,Pena High School,73,70
23903,Karen Lopez,F,9th,Pena High School,77,93
23904,Shelley Scott,F,12th,Pena High School,93,73
23905,Jacob Perez,M,9th,Pena High School,73,90
23906,Joseph Edwards,M,11th,Pena High School,98,91
23907,Morgan Wallace,F,10th,Pena High School,91,77
23908,Aaron Carpenter ,M,12th,Pena High School,86,73
23909,Timothy Clark,M,9th,Pena High School,88,84
23910,Nancy Castro,F,10th,Pena High School,71,72
23911,Natalie Phillips,F,10th,Pena High School,82,85
23912,Julie Schmidt,F,11th,Pena High School,92,93
23913,Erica Henderson,F,12th,Pena High School,85,72
23914,Anthony Peters,M,11th,Pena High School,97,69
23915,Pamela Wilson,F,12th,Pena High School,92,99
23916,Courtney Davis,F,10th,Pena High School,78,82
23917,Robert Davis,M,10th,Pena High School,99,96
23918,Kiara Daniels,F,9th,Pena High School,87,96
23919,Robin Fox,F,9th,Pena High School,95,75
23920,Desiree Young,F,10th,Pena High School,99,93
23921,Alexandra Hebert,F,11th,Pena High School,92,96
23922,Matthew Oconnor,M,10th,Pena High School,91,68
23923,Ana Ramirez,F,11th,Pena High School,69,88
23924,Sharon Stephens,F,9th,Pena High School,87,72
23925,Samuel Scott,M,11th,Pena High School,88,86
23926,Joseph Griffin,M,9th,Pena High School,88,85
23927,Andrea Li,F,10th,Pena High School,69,86
23928,Matthew Buckley,M,9th,Pena High School,83,93
23929,Jordan Mendoza,M,10th,Pena High School,70,95
23930,Emily Mills,F,12th,Pena High School,93,88
23931,Candace Stevens,F,9th,Pena High School,81,89
23932,Kristen Callahan,F,10th,Pena High School,73,90
23933,Elizabeth Johnson,F,10th,Pena High School,75,76
23934,James Vazquez,M,9th,Pena High School,81,72
23935,Michael Mosley,M,10th,Pena High School,79,86
23936,Kathryn Moore,F,10th,Pena High School,83,96
23937,Nicolas Jones,M,11th,Pena High School,72,92
23938,Lindsay Watkins,F,9th,Pena High School,94,84
23939,Michael Adams,M,12th,Pena High School,82,84
23940,Justin Mcintyre,M,11th,Pena High School,85,94
23941,Tony Garner,M,9th,Pena High School,78,70
23942,Michael Robles,M,11th,Pena High School,80,98
23943,Amy King,F,12th,Pena High School,88,91
23944,Michael Clark,M,10th,Pena High School,70,81
23945,Nancy Mitchell,F,9th,Pena High School,86,98
23946,Wanda Perkins,F,9th,Pena High School,91,93
23947,Jessica Smith,F,11th,Pena High School,73,78
23948,Deborah Fox,F,11th,Pena High School,93,88
23949,Crystal Jones,F,9th,Pena High School,77,75
23950,Jason Hendrix,M,9th,Pena High School,99,88
23951,Melissa Coleman,F,11th,Pena High School,78,99
23952,Jennifer Russell,F,10th,Pena High School,74,84
23953,Andrew David,M,9th,Pena High School,78,97
23954,Benjamin Cox,M,10th,Pena High School,71,95
23955,Mary Anderson,F,11th,Pena High School,70,87
23956,Sarah Chen,F,11th,Pena High School,77,98
23957,Gregory Ruiz,M,11th,Pena High School,82,85
23958,Jeffrey Dalton,M,12th,Pena High School,96,82
23959,Robert Ramos,M,9th,Pena High School,95,86
23960,Mary Cervantes,F,10th,Pena High School,83,73
23961,Joshua Ramirez,M,10th,Pena High School,79,99
23962,Katelyn Scott,F,12th,Pena High School,97,98
23963,Aaron Smith,M,9th,Pena High School,99,70
23964,Tina Luna,F,12th,Pena High School,70,72
23965,Danielle Roberson,F,11th,Pena High School,94,87
23966,Kenneth Cherry,M,12th,Pena High School,81,80
23967,Linda Carter,F,10th,Pena High School,86,68
23968,Monica Wilson,F,11th,Pena High School,87,78
23969,Mckenzie Jones,F,11th,Pena High School,84,98
23970,Steven Stewart,M,10th,Pena High School,90,99
23971,Ashley Yates,F,9th,Pena High School,75,88
23972,Joshua Solis,M,11th,Pena High School,99,87
23973,Jason Alvarez,M,10th,Pena High School,95,88
23974,Karen Ibarra,F,10th,Pena High School,87,75
23975,Jordan Jackson,F,10th,Pena High School,84,80
23976,Shawn Reese,M,12th,Pena High School,72,91
23977,Kristin Holland,F,12th,Pena High School,70,71
23978,Dustin Lewis,M,10th,Pena High School,92,89
23979,Dan Mcguire,M,11th,Pena High School,77,72
23980,Kaitlin Garcia,F,9th,Pena High School,78,88
23981,Christopher Spencer,M,12th,Pena High School,96,94
23982,Joshua Warren,M,10th,Pena High School,74,84
23983,Donna Scott,F,11th,Pena High School,98,82
23984,Elizabeth Parker,F,9th,Pena High School,97,98
23985,Jose Nichols,M,10th,Pena High School,70,68
23986,James Shaw,M,9th,Pena High School,97,93
23987,Willie Thomas,M,10th,Pena High School,95,99
23988,Jeremy Gillespie,M,12th,Pena High School,84,98
23989,Alexis Clayton,F,10th,Pena High School,82,69
23990,Katelyn Evans,F,9th,Pena High School,94,93
23991,Steven Reese,M,12th,Pena High School,98,86
23992,David Harrell,M,9th,Pena High School,90,88
23993,Sean Hurst,M,12th,Pena High School,99,72
23994,Anna Scott,F,12th,Pena High School,85,69
23995,Amy Smith,F,11th,Pena High School,71,92
23996,Nathan Moses,M,10th,Pena High School,70,75
23997,Jill Thompson,F,10th,Pena High School,98,88
23998,Kimberly Smith,F,12th,Pena High School,80,79
23999,Raymond King,M,11th,Pena High School,82,86
24000,Jeremy Harris,M,9th,Pena High School,89,86
24001,Mario Bennett,M,10th,Pena High School,97,97
24002,Stacie Holland,F,9th,Pena High School,87,85
24003,Chad Hamilton,M,9th,Pena High School,90,90
24004,Elizabeth Ramirez,F,9th,Pena High School,84,77
24005,Regina Perkins,F,11th,Pena High School,91,86
24006,Victoria Walsh,F,9th,Pena High School,97,77
24007,Joseph Thompson,M,12th,Pena High School,81,70
24008,Vanessa Carr,F,10th,Pena High School,94,79
24009,Kimberly Knight ,F,11th,Pena High School,99,81
24010,Amanda Sanchez,F,9th,Pena High School,69,70
24011,Terry Poole,M,9th,Pena High School,80,85
24012,Tiffany Higgins,F,9th,Pena High School,88,87
24013,Alicia Lee,F,9th,Pena High School,80,82
24014,Kelly Gonzalez,F,11th,Pena High School,75,83
24015,Michael Robinson,M,10th,Pena High School,73,82
24016,Janet Hart,F,9th,Pena High School,84,88
24017,Kristin Wilson,F,10th,Pena High School,77,87
24018,Tony Peterson,M,11th,Pena High School,92,97
24019,Caroline Barnes,F,9th,Pena High School,99,71
24020,Carl Donovan,M,11th,Pena High School,94,85
24021,Amy Stone,F,11th,Pena High School,71,90
24022,Amanda Jackson,F,10th,Pena High School,80,90
24023,Emily Garcia,F,9th,Pena High School,75,76
24024,Justin Williams,M,12th,Pena High School,85,84
24025,Danielle Mcdaniel,F,9th,Pena High School,77,86
24026,Allison Lewis,F,10th,Pena High School,99,72
24027,Lawrence Li,M,10th,Pena High School,87,69
24028,Mia Newman,F,12th,Pena High School,79,94
24029,Brian Barber,M,10th,Pena High School,77,92
24030,Rebecca Lyons,F,12th,Pena High School,97,85
24031,Kenneth Carson,M,9th,Pena High School,72,68
24032,Adrian Mitchell,M,10th,Pena High School,76,84
24033,Michelle Martin,F,11th,Pena High School,82,99
24034,Anthony Fox,M,9th,Pena High School,91,92
24035,Ryan Bradshaw,M,9th,Pena High School,71,97
24036,Katherine Cardenas,F,11th,Pena High School,88,69
24037,Kimberly Parker,F,9th,Pena High School,84,94
24038,Julie Robinson,F,11th,Pena High School,99,99
24039,Heather Bates,F,12th,Pena High School,74,75
24040,Christopher Johnson,M,9th,Pena High School,74,88
24041,Joshua Acevedo,M,10th,Pena High School,71,98
24042,Hannah Le,F,10th,Pena High School,85,75
24043,Kayla Lee,F,9th,Pena High School,91,86
24044,Karen Reed,F,10th,Pena High School,98,95
24045,Jamie Edwards,F,9th,Pena High School,82,88
24046,Ann Atkinson,F,11th,Pena High School,79,94
24047,Jordan Jones,F,12th,Pena High School,81,93
24048,Mary Todd,F,11th,Pena High School,86,75
24049,David Peterson,M,9th,Pena High School,76,78
24050,Tammy Price,F,11th,Pena High School,77,76
24051,Denise Rhodes,F,9th,Pena High School,78,91
24052,Randall Peterson,M,11th,Pena High School,81,75
24053,Melissa Nelson,F,9th,Pena High School,84,86
24054,Stephanie Brown,F,10th,Pena High School,96,73
24055,Roger Lewis,M,11th,Pena High School,69,71
24056,Alex Byrd,M,9th,Pena High School,78,97
24057,Kimberly Fernandez,F,9th,Pena High School,91,75
24058,Phillip Bridges,M,9th,Pena High School,90,76
24059,Michael Black,M,10th,Pena High School,93,73
24060,Tracy Smith,F,9th,Pena High School,87,71
24061,Diamond Stewart,F,9th,Pena High School,96,68
24062,James Perez,M,10th,Pena High School,80,73
24063,Rachel Newton,F,9th,Pena High School,85,71
24064,James King,M,12th,Pena High School,69,86
24065,Joshua Short,M,12th,Pena High School,96,73
24066,Laura Patterson,F,10th,Pena High School,74,90
24067,Aaron Melton,M,11th,Pena High School,69,73
24068,Austin Barnes,M,11th,Pena High School,72,74
24069,Katie Burns,F,11th,Pena High School,69,93
24070,Courtney Richardson,F,10th,Pena High School,77,69
24071,Catherine Murray,F,9th,Pena High School,71,70
24072,Scott Butler,M,12th,Pena High School,76,96
24073,Mrs. Brittany Ford ,F,12th,Pena High School,93,99
24074,Kevin Stewart,M,9th,Pena High School,88,91
24075,Lisa Smith,F,9th,Pena High School,90,88
24076,Kristy Simmons,F,11th,Pena High School,97,73
24077,Ann Owen,F,10th,Pena High School,95,90
24078,Richard Johnson,M,11th,Pena High School,85,90
24079,Deanna Fritz,F,9th,Pena High School,92,69
24080,Jonathan Wood,M,10th,Pena High School,82,88
24081,James Harris,M,11th,Pena High School,74,91
24082,Bonnie Patrick,F,12th,Pena High School,70,94
24083,Melissa Mcknight,F,9th,Pena High School,90,77
24084,Michael Roberts,M,10th,Pena High School,99,88
24085,Steven Brown,M,9th,Pena High School,73,85
24086,Robert Pitts,M,10th,Pena High School,97,80
24087,Jennifer Wallace,F,9th,Pena High School,77,87
24088,Andrew Edwards,M,12th,Pena High School,97,98
24089,Paul Rivers,M,12th,Pena High School,76,74
24090,Melissa Richardson,F,11th,Pena High School,78,75
24091,William Day,M,12th,Pena High School,95,99
24092,Kevin Davis,M,12th,Pena High School,93,84
24093,Jermaine Scott,M,10th,Pena High School,88,69
24094,Thomas Hernandez,M,12th,Pena High School,99,88
24095,Miguel Davis,M,9th,Pena High School,75,93
24096,Amber Villegas,F,12th,Pena High School,94,82
24097,Brandon Kelly,M,12th,Pena High School,76,97
24098,Christine Bryant,F,11th,Pena High School,83,93
24099,Brenda Griffin,F,10th,Pena High School,70,85
24100,Daniel Gonzalez,M,9th,Pena High School,80,88
24101,Donald Allen,M,10th,Pena High School,76,90
24102,Suzanne Dixon,F,9th,Pena High School,74,68
24103,Paul Turner,M,9th,Pena High School,93,73
24104,Miranda Gomez,F,10th,Pena High School,85,87
24105,Benjamin Singh ,M,9th,Pena High School,80,84
24106,Ashley Day,F,9th,Pena High School,75,88
24107,Christopher Williams,M,10th,Pena High School,83,71
24108,Monica Williams,F,12th,Pena High School,91,69
24109,Aaron Chang,M,11th,Pena High School,75,72
24110,April Owen,F,9th,Pena High School,84,90
24111,Dean Schroeder,M,11th,Pena High School,96,70
24112,Christopher Moss,M,11th,Pena High School,78,96
24113,Heather Beltran,F,11th,Pena High School,95,74
24114,William Green,M,12th,Pena High School,92,73
24115,Kathy Roy,F,9th,Pena High School,78,81
24116,Jay Weaver,M,9th,Pena High School,85,75
24117,Maria Nelson,F,12th,Pena High School,87,89
24118,Vincent Edwards,M,9th,Pena High School,75,79
24119,Brad Robertson,M,10th,Pena High School,82,96
24120,Sydney Thompson,F,10th,Pena High School,83,96
24121,Shannon Barrera,M,9th,Pena High School,78,72
24122,Hannah Mcclain,F,9th,Pena High School,91,90
24123,Jennifer Anderson,F,11th,Pena High School,81,71
24124,Anna Smith,F,10th,Pena High School,79,75
24125,Angel Sanders,M,9th,Pena High School,70,68
24126,Matthew Gibbs,M,10th,Pena High School,73,73
24127,Caroline Deleon,F,9th,Pena High School,94,80
24128,Amber Owens,F,10th,Pena High School,93,97
24129,Kathryn Cunningham,F,11th,Pena High School,75,69
24130,Rebekah Green,F,11th,Pena High School,85,73
24131,Marisa Bates,F,9th,Pena High School,89,86
24132,Ellen Mcmahon,F,11th,Pena High School,97,88
24133,David Burgess,M,10th,Pena High School,70,80
24134,Angela Boone,F,11th,Pena High School,99,68
24135,Andrew Jackson,M,12th,Pena High School,98,83
24136,Denise Morgan,F,11th,Pena High School,98,84
24137,Renee Carlson,F,10th,Pena High School,88,73
24138,Douglas Long,M,11th,Pena High School,86,76
24139,Nathan Abbott,M,12th,Pena High School,96,95
24140,Susan Duarte,F,11th,Pena High School,75,72
24141,Kimberly Vargas,F,9th,Pena High School,84,76
24142,Kevin Torres,M,10th,Pena High School,69,89
24143,Robert Yates,M,10th,Pena High School,85,82
24144,Jordan Jones,F,10th,Pena High School,95,68
24145,Robert Wilson,M,12th,Pena High School,75,85
24146,Taylor Hanson,F,12th,Pena High School,97,68
24147,Stacey Lewis,F,9th,Pena High School,99,91
24148,Travis Murray,M,10th,Pena High School,98,79
24149,Mindy Price,F,11th,Pena High School,91,98
24150,Jorge Stevens,M,9th,Pena High School,80,93
24151,Steven Chung,M,9th,Pena High School,84,93
24152,David Coleman,M,9th,Pena High School,77,76
24153,Stacey Glover,F,10th,Pena High School,79,72
24154,Virginia Davis,F,10th,Pena High School,73,89
24155,Alec Ward,M,10th,Pena High School,90,86
24156,Maria Gilbert,F,11th,Pena High School,81,74
24157,Justin Cardenas,M,10th,Pena High School,69,79
24158,Joseph Hobbs,M,12th,Pena High School,99,91
24159,Michael Williams III,M,9th,Pena High School,91,79
24160,Sara Strong,F,11th,Pena High School,79,94
24161,Jill Moran,F,12th,Pena High School,79,83
24162,Brooke Fry,F,11th,Pena High School,95,83
24163,Cody Price,M,12th,Pena High School,98,92
24164,Sandra Martin,F,12th,Pena High School,74,81
24165,Julie Brown,F,10th,Pena High School,86,73
24166,Tim Wilson,M,10th,Pena High School,75,70
24167,Amanda Graham,F,10th,Pena High School,92,75
24168,Jason Kidd,M,9th,Pena High School,85,89
24169,Christopher Jimenez,M,10th,Pena High School,94,75
24170,Stuart James,M,11th,Pena High School,83,76
24171,Charles Gilbert,M,11th,Pena High School,98,87
24172,Jennifer Lopez,F,11th,Pena High School,97,79
24173,Debra Pollard,F,9th,Pena High School,88,99
24174,Erin Rosales,F,10th,Pena High School,70,90
24175,John Scott,M,9th,Pena High School,74,80
24176,James Monroe,M,12th,Pena High School,81,71
24177,Ryan Clark,M,9th,Pena High School,88,97
24178,Richard Reyes,M,9th,Pena High School,70,69
24179,Jennifer Mcdaniel,F,11th,Pena High School,80,92
24180,Glenn Bauer,M,12th,Pena High School,99,68
24181,Robert Lambert,M,11th,Pena High School,72,92
24182,Natalie Jackson,F,11th,Pena High School,90,88
24183,Andrew Walker,M,10th,Pena High School,79,77
24184,Jennifer Gonzales,F,10th,Pena High School,78,87
24185,Jimmy Gonzalez,M,11th,Pena High School,95,85
24186,Charlene Rosario,F,9th,Pena High School,72,83
24187,Elizabeth Reid,F,10th,Pena High School,81,92
24188,Judy Barton,F,9th,Pena High School,81,73
24189,Angela Anderson,F,9th,Pena High School,81,87
24190,Gregory Estes,M,9th,Pena High School,99,86
24191,Paige Jones,F,12th,Pena High School,76,90
24192,Dakota Davis,M,11th,Pena High School,99,94
24193,Crystal Sanford,F,9th,Pena High School,74,72
24194,Mark Alvarez,M,10th,Pena High School,75,73
24195,Steven Edwards,M,11th,Pena High School,70,81
24196,Chase Webb,M,10th,Pena High School,95,70
24197,Stacey Santos,F,10th,Pena High School,81,72
24198,Jose Aguilar,M,11th,Pena High School,89,83
24199,Michael Brewer,M,10th,Pena High School,89,84
24200,Katherine Marsh,F,12th,Pena High School,85,76
24201,Jeffrey Arnold,M,9th,Pena High School,70,90
24202,Alicia Luna,F,9th,Pena High School,84,88
24203,Julie Ferguson,F,10th,Pena High School,77,81
24204,Anthony Williams,M,9th,Pena High School,79,90
24205,Sherri Davenport,F,9th,Pena High School,79,93
24206,Bobby Gilbert,M,12th,Pena High School,99,99
24207,David Snyder,M,11th,Pena High School,79,70
24208,Mrs. Wendy Gomez ,F,11th,Pena High School,81,94
24209,Kenneth Ware,M,10th,Pena High School,74,81
24210,Kara Stuart ,F,11th,Pena High School,69,79
24211,Julie Tran,F,9th,Pena High School,86,72
24212,Ryan Dougherty,M,10th,Pena High School,90,92
24213,Catherine Davis,F,11th,Pena High School,79,99
24214,Joshua Holloway,M,10th,Pena High School,88,80
24215,Albert Pennington,M,9th,Pena High School,96,95
24216,Maria Oconnor,F,10th,Pena High School,98,90
24217,Megan Park,F,12th,Pena High School,84,78
24218,Charlotte Jones,F,11th,Pena High School,79,71
24219,Sandra Smith,F,12th,Pena High School,92,79
24220,Grace Riggs,F,9th,Pena High School,70,84
24221,Amy Wang,F,11th,Pena High School,75,81
24222,Abigail Lucas,F,10th,Pena High School,74,84
24223,Victoria Lewis,F,12th,Pena High School,77,77
24224,Karina Simmons,F,12th,Pena High School,78,77
24225,Kiara Brown,F,10th,Pena High School,70,73
24226,Thomas Reid,M,11th,Pena High School,88,97
24227,Sue Ewing,F,11th,Pena High School,78,82
24228,George Molina,M,11th,Pena High School,99,80
24229,Catherine Brennan,F,9th,Pena High School,92,74
24230,Mark Gonzalez,M,10th,Pena High School,70,90
24231,Crystal Pennington,F,12th,Pena High School,84,76
24232,Christina Jones,F,10th,Pena High School,69,84
24233,John Kennedy,M,9th,Pena High School,79,82
24234,Amanda Mendoza,F,11th,Pena High School,79,69
24235,Nathaniel Hodge,M,12th,Pena High School,99,96
24236,Aaron Johnson,M,10th,Wright High School,89,72
24237,Kimberly Hamilton,F,10th,Wright High School,84,93
24238,Ashley Johns,F,10th,Wright High School,88,88
24239,Stephanie Donovan,F,10th,Wright High School,75,84
24240,Cynthia Guzman,F,11th,Wright High School,93,82
24241,Mario Daniel,M,10th,Wright High School,85,86
24242,Debbie Perry,F,11th,Wright High School,81,72
24243,Anthony Weiss,M,10th,Wright High School,95,74
24244,Amy Hanna,F,11th,Wright High School,95,78
24245,Eric Espinoza,M,9th,Wright High School,86,74
24246,Melanie Thomas,F,10th,Wright High School,80,96
24247,Shannon Barajas,F,10th,Wright High School,75,92
24248,Randy Wright,M,10th,Wright High School,72,89
24249,Allison Mcpherson,F,11th,Wright High School,93,82
24250,Christopher Newton,M,9th,Wright High School,82,76
24251,Andrea Singh,F,10th,Wright High School,90,77
24252,Jeffrey Dyer,M,12th,Wright High School,87,72
24253,Phillip Martinez,M,10th,Wright High School,97,91
24254,Brandon Cantrell,M,10th,Wright High School,84,90
24255,Theresa Wilson,F,10th,Wright High School,72,83
24256,Sierra Martinez,F,9th,Wright High School,86,86
24257,Travis Hall,M,10th,Wright High School,87,96
24258,Megan Huber,F,12th,Wright High School,99,90
24259,Brian Kemp,M,11th,Wright High School,85,79
24260,Aaron Warner,M,10th,Wright High School,72,99
24261,Judy King,F,9th,Wright High School,78,99
24262,Christopher Beck,M,10th,Wright High School,71,98
24263,Zachary Cox,M,12th,Wright High School,99,82
24264,Thomas Lopez,M,12th,Wright High School,94,91
24265,Nicholas Ayala,M,10th,Wright High School,82,81
24266,Brandi Solomon,F,12th,Wright High School,95,85
24267,Robert Cook,M,10th,Wright High School,81,73
24268,Holly Lee,F,10th,Wright High School,89,87
24269,Ryan Hays,M,10th,Wright High School,73,89
24270,Michael Hood,M,10th,Wright High School,72,78
24271,Cindy Young,F,12th,Wright High School,84,77
24272,Jordan Perez,M,10th,Wright High School,75,75
24273,Kevin Doyle,M,11th,Wright High School,77,83
24274,Amanda Thomas,F,10th,Wright High School,89,93
24275,Richard Rodriguez,M,10th,Wright High School,84,97
24276,Jennifer Wiggins,F,10th,Wright High School,75,98
24277,Jon Mitchell,M,10th,Wright High School,77,88
24278,Jonathan Wilson,M,9th,Wright High School,77,86
24279,Karen Cooper,F,12th,Wright High School,87,83
24280,Keith Wright,M,12th,Wright High School,87,79
24281,Shelly Schneider,F,11th,Wright High School,97,92
24282,Jonathan Chapman,M,9th,Wright High School,74,82
24283,Alex Morrison,M,10th,Wright High School,82,75
24284,Jason Walker,M,9th,Wright High School,96,85
24285,Jack Clark,M,11th,Wright High School,73,78
24286,Cameron Newman,M,12th,Wright High School,81,88
24287,Julian Ingram,M,12th,Wright High School,84,84
24288,Caitlin Blevins,F,11th,Wright High School,84,99
24289,Joshua Brown,M,12th,Wright High School,86,79
24290,Marie Jennings,F,10th,Wright High School,91,74
24291,Kayla Torres ,F,11th,Wright High School,80,87
24292,Kevin Kidd,M,10th,Wright High School,82,85
24293,Deanna Livingston,F,10th,Wright High School,80,99
24294,Warren Kent,M,10th,Wright High School,95,73
24295,Derrick Armstrong,M,9th,Wright High School,87,86
24296,Gabriel Fisher,M,10th,Wright High School,99,98
24297,Danielle Dickerson,F,12th,Wright High School,91,97
24298,Jennifer Daniels,F,10th,Wright High School,71,79
24299,Justin Moore,M,9th,Wright High School,97,72
24300,David Miller,M,12th,Wright High School,69,78
24301,Susan Patterson,F,12th,Wright High School,82,81
24302,David Lopez,M,12th,Wright High School,85,82
24303,Rebecca Stanley,F,11th,Wright High School,91,68
24304,Autumn Hobbs,F,12th,Wright High School,78,73
24305,Julie Ferguson,F,11th,Wright High School,78,97
24306,Patricia Diaz,F,9th,Wright High School,83,79
24307,John Kelly,M,12th,Wright High School,70,78
24308,Jared Miller,M,12th,Wright High School,76,83
24309,Joshua Allen,M,9th,Wright High School,94,90
24310,Devin Smith,M,11th,Wright High School,69,88
24311,Briana Kelley,F,12th,Wright High School,74,95
24312,Antonio Hale,M,9th,Wright High School,88,81
24313,Laura Phillips,F,12th,Wright High School,86,81
24314,Aaron Thompson,M,10th,Wright High School,96,91
24315,Heather House,F,12th,Wright High School,97,77
24316,William Wallace,M,12th,Wright High School,86,70
24317,Joseph Mcdaniel,M,9th,Wright High School,73,73
24318,Brandon Wright,M,9th,Wright High School,97,90
24319,Carrie Wells,F,11th,Wright High School,77,99
24320,Ryan Johnson,M,11th,Wright High School,86,85
24321,Rodney Johnson,M,12th,Wright High School,84,81
24322,Julie Rice,F,12th,Wright High School,71,83
24323,Sarah Maxwell,F,9th,Wright High School,74,89
24324,Susan Jones,F,11th,Wright High School,71,81
24325,Brian Hensley,M,9th,Wright High School,89,74
24326,Edward Davidson,M,11th,Wright High School,71,95
24327,Timothy Ho,M,9th,Wright High School,75,95
24328,Melinda Martinez,F,9th,Wright High School,84,75
24329,Samuel Vasquez,M,10th,Wright High School,97,77
24330,Stephanie Cuevas,F,11th,Wright High School,92,94
24331,Danny Blevins,M,11th,Wright High School,81,90
24332,Zachary Jones,M,12th,Wright High School,89,91
24333,Anthony Nguyen,M,9th,Wright High School,94,79
24334,Brian Cherry,M,12th,Wright High School,86,94
24335,James Wilkerson,M,11th,Wright High School,82,77
24336,Craig Hurst,M,9th,Wright High School,87,86
24337,Cheyenne Salas,F,11th,Wright High School,88,96
24338,Mary Ellis,F,10th,Wright High School,70,71
24339,Shawn Lee,M,9th,Wright High School,83,68
24340,Carrie Vargas,F,12th,Wright High School,96,95
24341,Traci Wheeler,F,9th,Wright High School,69,98
24342,Tiffany Bell,F,10th,Wright High School,69,92
24343,Terry Martinez,M,10th,Wright High School,75,91
24344,Miranda Taylor,F,11th,Wright High School,91,77
24345,John Collins,M,11th,Wright High School,92,91
24346,Joseph Simpson,M,10th,Wright High School,78,84
24347,Logan Kennedy,M,11th,Wright High School,81,71
24348,Kevin Thomas,M,12th,Wright High School,81,82
24349,Margaret Collins,F,11th,Wright High School,80,97
24350,Alexander Holloway,M,12th,Wright High School,82,81
24351,Christy Wilson,F,12th,Wright High School,75,90
24352,Adrian Richardson,M,11th,Wright High School,98,71
24353,Jody Jimenez,F,10th,Wright High School,87,87
24354,Julia Marks,F,11th,Wright High School,87,99
24355,Sean Jarvis,M,9th,Wright High School,74,88
24356,Jonathan Carter,M,11th,Wright High School,72,85
24357,Craig Parks,M,11th,Wright High School,80,75
24358,Michael Clark,M,10th,Wright High School,92,80
24359,Dakota Taylor,M,11th,Wright High School,81,77
24360,Sarah Bailey,F,9th,Wright High School,92,70
24361,James Pitts,M,9th,Wright High School,94,72
24362,Sabrina Hicks,F,11th,Wright High School,99,82
24363,Omar Noble,M,12th,Wright High School,79,72
24364,Marilyn Nicholson,F,10th,Wright High School,70,93
24365,Kevin Foster,M,10th,Wright High School,71,90
24366,Kayla Edwards,F,11th,Wright High School,77,91
24367,Bobby Hart ,M,12th,Wright High School,79,80
24368,Andrea Higgins,F,9th,Wright High School,73,98
24369,Elizabeth Richardson,F,9th,Wright High School,92,79
24370,Lisa Watson,F,10th,Wright High School,92,94
24371,Victoria Williams,F,10th,Wright High School,72,76
24372,Amanda Reed,F,9th,Wright High School,79,73
24373,David Hart,M,10th,Wright High School,79,87
24374,Matthew Ramos,M,9th,Wright High School,69,82
24375,Jacqueline Bush,F,10th,Wright High School,98,98
24376,Jennifer Mccann,F,12th,Wright High School,79,72
24377,Sarah Jackson,F,11th,Wright High School,77,99
24378,Dana Burgess,F,12th,Wright High School,93,73
24379,Kristina Gray,F,10th,Wright High School,87,82
24380,Kevin Martinez,M,9th,Wright High School,83,77
24381,James Ford,M,11th,Wright High School,81,83
24382,Angela Conner,F,12th,Wright High School,84,83
24383,Rachel Smith,F,9th,Wright High School,77,98
24384,Desiree Turner,F,9th,Wright High School,87,82
24385,David Walker,M,9th,Wright High School,94,70
24386,Tiffany Rodgers,F,11th,Wright High School,81,72
24387,Mary Mitchell,F,9th,Wright High School,85,75
24388,Richard Gray,M,12th,Wright High School,93,95
24389,Michelle Mora,F,10th,Wright High School,81,82
24390,Susan Martinez,F,12th,Wright High School,80,69
24391,Dawn Diaz,F,10th,Wright High School,83,87
24392,Tanya Hernandez,F,10th,Wright High School,84,68
24393,Jimmy Conley,M,10th,Wright High School,94,68
24394,Thomas Gonzalez,M,11th,Wright High School,95,98
24395,Katrina Griffith,F,11th,Wright High School,74,82
24396,James Moran,M,9th,Wright High School,88,88
24397,Alexandria Buchanan,F,9th,Wright High School,83,90
24398,Sarah Browning,F,9th,Wright High School,97,99
24399,Audrey Sexton,F,12th,Wright High School,91,93
24400,Tiffany Bradley,F,9th,Wright High School,98,95
24401,Kimberly Holmes,F,10th,Wright High School,84,93
24402,Heather White,F,11th,Wright High School,80,83
24403,Cody Diaz,M,10th,Wright High School,77,82
24404,Tricia Johnson,F,9th,Wright High School,91,80
24405,Mark Russell ,M,12th,Wright High School,79,89
24406,Colleen Brooks,F,12th,Wright High School,85,95
24407,Jeremy Vargas,M,9th,Wright High School,81,84
24408,Bianca Singh,F,11th,Wright High School,87,72
24409,Kelly Sexton,F,11th,Wright High School,87,95
24410,Bobby Diaz,M,9th,Wright High School,72,98
24411,John Duncan ,M,9th,Wright High School,88,72
24412,Diamond Bernard,F,10th,Wright High School,81,92
24413,Jeremy Martinez,M,12th,Wright High School,87,96
24414,James Hickman,M,9th,Wright High School,79,76
24415,Rodney Hayes,M,10th,Wright High School,85,69
24416,Pamela Lee,F,11th,Wright High School,69,68
24417,Anthony Hughes,M,9th,Wright High School,98,88
24418,Taylor Evans,F,11th,Wright High School,70,84
24419,Brandon Washington,M,9th,Wright High School,69,70
24420,Michael Nguyen,M,11th,Wright High School,90,96
24421,Ryan Bush,M,10th,Wright High School,92,83
24422,Mary Brewer,F,11th,Wright High School,97,81
24423,Justin Watkins,M,10th,Wright High School,90,78
24424,Robert Hart,M,10th,Wright High School,83,95
24425,Richard Hicks,M,12th,Wright High School,76,68
24426,Erica Hoffman,F,9th,Wright High School,69,96
24427,Ariel Price,F,9th,Wright High School,87,90
24428,Michele Gates,F,9th,Wright High School,91,73
24429,Amy Brewer,F,12th,Wright High School,96,93
24430,Alan Robbins,M,12th,Wright High School,95,78
24431,Shawn Deleon,M,10th,Wright High School,78,94
24432,Sarah Perry,F,11th,Wright High School,89,81
24433,Christopher Walker,M,9th,Wright High School,95,73
24434,Alyssa Wright,F,9th,Wright High School,87,88
24435,Maria Yoder,F,12th,Wright High School,90,73
24436,Denise Wallace,F,10th,Wright High School,96,82
24437,Sarah Bryant,F,10th,Wright High School,90,90
24438,Mark Howard,M,10th,Wright High School,77,87
24439,Jamie Reeves,F,11th,Wright High School,98,71
24440,Eddie Williamson,M,11th,Wright High School,73,77
24441,Christopher Foster,M,9th,Wright High School,83,85
24442,Anthony Barr,M,9th,Wright High School,75,80
24443,Amber Johnson,F,9th,Wright High School,88,77
24444,Thomas Bell,M,9th,Wright High School,77,69
24445,Nicole Murphy,F,9th,Wright High School,72,99
24446,Randall Patterson,M,10th,Wright High School,77,94
24447,Devin Stephens,M,10th,Wright High School,72,71
24448,Gabriel Torres,M,9th,Wright High School,71,71
24449,Thomas Burton,M,9th,Wright High School,84,88
24450,Taylor Cox,F,11th,Wright High School,87,88
24451,Rachel Mann,F,11th,Wright High School,96,68
24452,James Frye,M,12th,Wright High School,70,91
24453,Natasha Powell,F,10th,Wright High School,73,80
24454,Jeffrey Mendoza,M,9th,Wright High School,85,73
24455,Nicole Donovan,F,9th,Wright High School,78,93
24456,Tim Schneider,M,12th,Wright High School,97,75
24457,Jennifer Myers,F,9th,Wright High School,85,92
24458,Patrick Fitzgerald,M,9th,Wright High School,87,94
24459,Rachel Gonzalez ,F,10th,Wright High School,79,84
24460,Natalie Oneal,F,11th,Wright High School,98,86
24461,Jacob Zhang,M,10th,Wright High School,76,74
24462,Lee Cole,M,10th,Wright High School,75,69
24463,Karl Smith,M,11th,Wright High School,99,74
24464,Timothy Peters,M,9th,Wright High School,87,78
24465,Teresa Morris,F,12th,Wright High School,95,69
24466,Stephanie Jackson,F,9th,Wright High School,72,96
24467,Bradley Moore,M,12th,Wright High School,80,82
24468,Ashley Hughes,F,10th,Wright High School,94,92
24469,Mark Wood,M,9th,Wright High School,96,70
24470,Brandon Vega,M,9th,Wright High School,87,83
24471,Tara Taylor,F,9th,Wright High School,98,70
24472,Leonard Ramirez,M,10th,Wright High School,92,98
24473,Mrs. Katherine Jones,F,11th,Wright High School,78,96
24474,Alexis Phillips,F,12th,Wright High School,99,72
24475,Christopher Fisher,M,12th,Wright High School,96,94
24476,Gina Green,F,9th,Wright High School,87,96
24477,Courtney Griffith,F,10th,Wright High School,97,84
24478,Jonathan Williams,M,10th,Wright High School,94,76
24479,Joseph Hamilton,M,9th,Wright High School,77,70
24480,Randy Russell,M,12th,Wright High School,84,87
24481,Brian Harrington ,M,12th,Wright High School,74,78
24482,Richard Austin,M,9th,Wright High School,87,74
24483,John Mcdonald,M,9th,Wright High School,95,99
24484,Morgan Flores,F,9th,Wright High School,83,81
24485,Vanessa Johnson,F,9th,Wright High School,94,71
24486,Melissa Yates,F,11th,Wright High School,95,70
24487,Martha Rivera,F,10th,Wright High School,86,91
24488,Audrey Nelson,F,11th,Wright High School,90,71
24489,Joseph Mitchell,M,11th,Wright High School,95,96
24490,Joshua George,M,11th,Wright High School,89,77
24491,Matthew Benson,M,10th,Wright High School,88,97
24492,Timothy Ortiz,M,12th,Wright High School,98,77
24493,Christopher Ross,M,10th,Wright High School,90,93
24494,Erin Boyd,F,9th,Wright High School,93,82
24495,Jesus Turner,M,9th,Wright High School,93,70
24496,Daniel Evans,M,12th,Wright High School,69,96
24497,Thomas Ramsey,M,10th,Wright High School,71,95
24498,James Olson,M,10th,Wright High School,93,82
24499,Gabriel Williams,M,11th,Wright High School,99,95
24500,Crystal Watson,F,11th,Wright High School,82,83
24501,Michael Hernandez,M,11th,Wright High School,96,74
24502,David Greene,M,11th,Wright High School,73,99
24503,Connor Young,M,9th,Wright High School,84,93
24504,Theresa Webb,F,10th,Wright High School,94,87
24505,Mary Decker,F,11th,Wright High School,84,87
24506,Megan Mcknight,F,9th,Wright High School,92,81
24507,Heather Lucero,F,9th,Wright High School,85,75
24508,Darren Fernandez,M,12th,Wright High School,82,78
24509,David Schwartz,M,11th,Wright High School,81,76
24510,Michelle Wright,F,12th,Wright High School,87,94
24511,Michele Adkins,F,10th,Wright High School,71,80
24512,Samantha Gordon,F,12th,Wright High School,82,77
24513,Shari Schmidt,F,10th,Wright High School,93,99
24514,Linda Jones,F,10th,Wright High School,96,80
24515,Eric Mata,M,11th,Wright High School,75,99
24516,Monique Dunlap,F,12th,Wright High School,90,79
24517,Mark Cervantes,M,11th,Wright High School,81,94
24518,Michael Johnson,M,10th,Wright High School,72,69
24519,Riley Jackson,M,11th,Wright High School,96,95
24520,Corey Lee,M,9th,Wright High School,83,78
24521,Melissa Barnes,F,11th,Wright High School,96,81
24522,Rhonda Coleman,F,10th,Wright High School,73,82
24523,Justin Walsh,M,10th,Wright High School,85,94
24524,David Huffman,M,11th,Wright High School,86,85
24525,Traci Bolton,F,10th,Wright High School,83,73
24526,Michael Patterson,M,10th,Wright High School,92,99
24527,Christopher Arnold,M,11th,Wright High School,74,98
24528,Robert Zuniga,M,12th,Wright High School,69,73
24529,Caitlin Avila,F,9th,Wright High School,84,77
24530,Kristi Bond,F,10th,Wright High School,73,83
24531,George Williams,M,11th,Wright High School,98,90
24532,Kathleen Medina,F,11th,Wright High School,75,94
24533,Shane Anderson,M,12th,Wright High School,78,76
24534,Ashley Williams,F,12th,Wright High School,77,69
24535,Crystal Yoder,F,9th,Wright High School,83,97
24536,Alison Lewis,F,9th,Wright High School,80,98
24537,Jorge Montes,M,12th,Wright High School,94,99
24538,Justin Holland,M,10th,Wright High School,98,78
24539,Bruce Jones,M,9th,Wright High School,90,90
24540,Matthew Williams,M,12th,Wright High School,89,85
24541,Julie Bennett,F,9th,Wright High School,91,78
24542,Sonya Perez,F,11th,Wright High School,93,87
24543,April Allen,F,11th,Wright High School,93,69
24544,Savannah Kennedy,F,9th,Wright High School,93,70
24545,Kevin Mejia,M,9th,Wright High School,89,71
24546,Brian Ferguson,M,11th,Wright High School,93,75
24547,Anthony Welch,M,10th,Wright High School,75,79
24548,Jacqueline Logan,F,10th,Wright High School,83,83
24549,Morgan Hernandez,F,10th,Wright High School,93,80
24550,Thomas Meyer,M,9th,Wright High School,83,71
24551,Amanda Woods,F,9th,Wright High School,82,70
24552,Isaac Harrell,M,11th,Wright High School,94,70
24553,Kayla Griffin,F,12th,Wright High School,91,87
24554,Christian Petty,M,12th,Wright High School,94,96
24555,Alexander Gill,M,12th,Wright High School,75,68
24556,Joshua Mason,M,9th,Wright High School,76,91
24557,Anthony Cardenas,M,11th,Wright High School,87,73
24558,Christine Rios,F,10th,Wright High School,69,87
24559,Wendy Davidson,F,12th,Wright High School,90,90
24560,Joshua Mann,M,10th,Wright High School,98,76
24561,Erik Morales,M,10th,Wright High School,92,78
24562,David Henry,M,9th,Wright High School,94,93
24563,Monica Smith,F,12th,Wright High School,78,81
24564,Erin Ryan,F,12th,Wright High School,75,88
24565,Mrs. Theresa Winters,F,9th,Wright High School,71,76
24566,Alan Gray,M,12th,Wright High School,77,69
24567,Jeffrey Lee,M,10th,Wright High School,93,74
24568,Cody Gonzalez,M,12th,Wright High School,82,96
24569,Amanda Stephens,F,10th,Wright High School,76,94
24570,Michael Gallagher,M,10th,Wright High School,78,75
24571,Isaac Richardson,M,9th,Wright High School,72,83
24572,Anthony Diaz,M,10th,Wright High School,76,68
24573,Barbara Miller,F,9th,Wright High School,80,93
24574,James Marshall,M,11th,Wright High School,91,68
24575,Bradley Garza,M,9th,Wright High School,91,74
24576,Abigail Williams,F,11th,Wright High School,72,97
24577,William Hahn,M,10th,Wright High School,86,80
24578,Jennifer Garcia,F,10th,Wright High School,99,72
24579,Carmen Mcknight,F,11th,Wright High School,81,94
24580,Thomas Bond,M,10th,Wright High School,71,72
24581,Raymond Shaffer,M,9th,Wright High School,95,76
24582,Mason Taylor,M,10th,Wright High School,98,95
24583,Jennifer Dixon,F,10th,Wright High School,72,94
24584,Helen Hopkins,F,12th,Wright High School,83,71
24585,Tara Finley,F,12th,Wright High School,98,91
24586,Sheryl Simpson,F,12th,Wright High School,82,94
24587,Kevin Lawrence,M,11th,Wright High School,88,89
24588,Christian Clark,M,9th,Wright High School,82,77
24589,Nancy Horton,F,11th,Wright High School,98,97
24590,Kristin Hansen,F,10th,Wright High School,97,75
24591,Ryan Adams,M,10th,Wright High School,70,83
24592,Steven Patel,M,10th,Wright High School,86,83
24593,Hannah Walsh,F,9th,Wright High School,85,70
24594,Michael Williams,M,12th,Wright High School,89,75
24595,Alisha Berger,F,12th,Wright High School,97,94
24596,Kenneth Santos,M,11th,Wright High School,98,99
24597,Warren Williams,M,9th,Wright High School,83,92
24598,Tracy Richards,F,11th,Wright High School,86,88
24599,Randall James,M,11th,Wright High School,85,70
24600,Eugene Nicholson,M,11th,Wright High School,90,88
24601,Jacob Mclean,M,10th,Wright High School,88,98
24602,Erika Perez,F,12th,Wright High School,87,77
24603,Stephen Bond,M,10th,Wright High School,85,80
24604,Shawn Baker,M,10th,Wright High School,78,89
24605,Danielle Guerra,F,11th,Wright High School,87,69
24606,Tara Werner,F,12th,Wright High School,84,73
24607,Christie Sullivan,F,11th,Wright High School,98,82
24608,Dawn Obrien,F,12th,Wright High School,69,83
24609,Wendy Short,F,12th,Wright High School,99,77
24610,Monique Kelly,F,10th,Wright High School,86,77
24611,Erin Contreras,F,10th,Wright High School,78,83
24612,Adam Parrish,M,12th,Wright High School,88,80
24613,Angela Frazier,F,9th,Wright High School,97,75
24614,Cathy Roach,F,10th,Wright High School,83,69
24615,Whitney Blake,F,10th,Wright High School,94,88
24616,Matthew Schwartz,M,9th,Wright High School,79,74
24617,Chad Hale,M,12th,Wright High School,84,71
24618,Scott Lyons,M,9th,Wright High School,98,99
24619,Stephen Moon,M,10th,Wright High School,71,68
24620,Brandon Livingston,M,9th,Wright High School,89,81
24621,Christopher Trevino,M,11th,Wright High School,78,68
24622,Christopher Zamora,M,11th,Wright High School,73,85
24623,Peter Harmon,M,9th,Wright High School,73,84
24624,Amy Ramsey,F,9th,Wright High School,92,89
24625,Molly Cruz,F,10th,Wright High School,76,85
24626,Jennifer Cooper,F,9th,Wright High School,99,76
24627,Jonathan Clay,M,12th,Wright High School,77,87
24628,Christine Johnston,F,9th,Wright High School,75,85
24629,Jeffrey Kim,M,10th,Wright High School,89,75
24630,William Palmer,M,11th,Wright High School,97,91
24631,Tara Thomas,F,12th,Wright High School,76,83
24632,Gabrielle Mcfarland,F,9th,Wright High School,69,68
24633,Becky Holmes,F,11th,Wright High School,83,76
24634,Craig Davis,M,9th,Wright High School,74,71
24635,Kevin Fitzgerald,M,11th,Wright High School,91,82
24636,Anthony Snyder,M,11th,Wright High School,77,77
24637,Vanessa Johnson,F,9th,Wright High School,89,81
24638,Perry Preston,M,11th,Wright High School,74,81
24639,Shaun Young,M,10th,Wright High School,74,95
24640,Kristin Wilson,F,12th,Wright High School,74,88
24641,Lisa Sexton,F,10th,Wright High School,92,98
24642,Laura Moreno,F,12th,Wright High School,72,87
24643,Carolyn Scott,F,11th,Wright High School,79,83
24644,Peter Flynn,M,10th,Wright High School,72,81
24645,Nicole Carroll,F,9th,Wright High School,98,78
24646,Peter Reyes,M,12th,Wright High School,98,89
24647,Charles Roberts,M,9th,Wright High School,85,84
24648,William Williams,M,9th,Wright High School,71,79
24649,Dominic Rivas,M,9th,Wright High School,95,86
24650,Mary Black,F,11th,Wright High School,91,96
24651,Kathleen Warren,F,9th,Wright High School,72,93
24652,Christopher Alvarado,M,9th,Wright High School,75,76
24653,Keith Bailey,M,9th,Wright High School,75,93
24654,Lisa Newton,F,11th,Wright High School,89,92
24655,Justin Jones,M,12th,Wright High School,94,76
24656,Miguel Cook ,M,12th,Wright High School,96,96
24657,Kathleen Mccarthy,F,11th,Wright High School,72,71
24658,Daniel Acosta,M,12th,Wright High School,75,93
24659,Virginia Mitchell,F,10th,Wright High School,98,77
24660,David Holt,M,9th,Wright High School,78,94
24661,Christopher Decker,M,10th,Wright High School,70,96
24662,Richard Lopez,M,11th,Wright High School,73,73
24663,Brandon Mccoy,M,10th,Wright High School,81,84
24664,Melanie Harris,F,10th,Wright High School,83,80
24665,Sara Rodriguez,F,9th,Wright High School,82,95
24666,Lisa Schroeder,F,12th,Wright High School,70,69
24667,Charles King,M,11th,Wright High School,94,89
24668,Christopher White,M,11th,Wright High School,86,85
24669,Anthony Andrade,M,9th,Wright High School,91,95
24670,Christopher Li,M,9th,Wright High School,75,82
24671,Gina Jones,F,12th,Wright High School,92,78
24672,Joseph Holt,M,12th,Wright High School,84,80
24673,Tammy Spencer,F,10th,Wright High School,83,82
24674,Christine Morrow,F,9th,Wright High School,99,88
24675,Angela Bennett,F,12th,Wright High School,92,73
24676,Mark Hahn,M,12th,Wright High School,84,98
24677,Aaron Herrera,M,12th,Wright High School,83,80
24678,Katherine Pierce,F,9th,Wright High School,80,69
24679,Anthony Bennett,M,11th,Wright High School,89,75
24680,Charles Thomas,M,11th,Wright High School,97,98
24681,Robert Norman,M,12th,Wright High School,84,72
24682,Anthony Mccullough,M,9th,Wright High School,94,72
24683,Kyle Spencer,M,10th,Wright High School,86,86
24684,Steven Jensen,M,10th,Wright High School,70,93
24685,Allison Owens,F,11th,Wright High School,88,73
24686,Eric Evans III,M,9th,Wright High School,86,81
24687,Christopher Perry,M,10th,Wright High School,97,82
24688,William Dominguez,M,12th,Wright High School,92,70
24689,Taylor Schroeder,F,11th,Wright High School,86,78
24690,Amy Davis,F,12th,Wright High School,85,95
24691,Joanne Ellis,F,11th,Wright High School,72,94
24692,Jennifer Cooper,F,11th,Wright High School,99,89
24693,Chad Garcia,M,12th,Wright High School,87,69
24694,Jonathan Fischer,M,11th,Wright High School,80,68
24695,Dylan Nelson,M,12th,Wright High School,89,97
24696,Micheal Ross,M,12th,Wright High School,92,71
24697,John Murray ,M,11th,Wright High School,85,91
24698,Laura Brooks,F,10th,Wright High School,83,95
24699,Wesley Alvarado,M,10th,Wright High School,82,70
24700,Terri Mercer,F,9th,Wright High School,93,85
24701,Michael Gibson,M,12th,Wright High School,95,79
24702,Janice Russell,F,12th,Wright High School,72,77
24703,Ryan Pitts,M,9th,Wright High School,78,84
24704,Scott Johnson,M,10th,Wright High School,83,90
24705,Bonnie Harrell,F,9th,Wright High School,81,83
24706,Kelly Sanchez,F,9th,Wright High School,81,83
24707,Laura Watson,F,9th,Wright High School,83,98
24708,Courtney Horton,F,10th,Wright High School,95,84
24709,Yolanda Parker,F,10th,Wright High School,70,95
24710,Claudia Pierce,F,9th,Wright High School,76,78
24711,Alexis Vang,F,9th,Wright High School,75,94
24712,Steven Atkinson,M,10th,Wright High School,74,77
24713,Jody Clayton,F,11th,Wright High School,93,72
24714,Kyle Tran,M,12th,Wright High School,69,77
24715,Ryan Carpenter,M,11th,Wright High School,92,86
24716,Robert Banks,M,9th,Wright High School,78,69
24717,Eric Booker,M,10th,Wright High School,69,91
24718,David Rogers,M,12th,Wright High School,87,79
24719,Andrea Morgan,F,10th,Wright High School,97,94
24720,Daniel Mccullough,M,9th,Wright High School,94,78
24721,Lisa Turner,F,11th,Wright High School,93,94
24722,Theresa Reyes,F,10th,Wright High School,81,73
24723,David Parker,M,11th,Wright High School,93,76
24724,Andrew Young,M,9th,Wright High School,77,85
24725,Barry Whitney,M,10th,Wright High School,88,68
24726,Gregory Lynch,M,12th,Wright High School,83,69
24727,Ashlee Owen,F,11th,Wright High School,88,88
24728,Kelsey Morales,F,9th,Wright High School,82,91
24729,Jack Smith,M,9th,Wright High School,92,76
24730,Michelle Santana,F,9th,Wright High School,91,76
24731,Abigail Zhang,F,11th,Wright High School,78,79
24732,Jason Foster,M,10th,Wright High School,89,95
24733,Douglas Jones,M,11th,Wright High School,91,91
24734,Mrs. Jordan White ,F,11th,Wright High School,70,86
24735,Jason Perry,M,12th,Wright High School,73,91
24736,Eric Price,M,9th,Wright High School,76,85
24737,Andrew Brown,M,10th,Wright High School,69,84
24738,Patrick Anderson,M,11th,Wright High School,85,75
24739,Matthew Bennett,M,11th,Wright High School,83,80
24740,Allison Wilson,F,9th,Wright High School,91,85
24741,Monique Fitzgerald,F,12th,Wright High School,79,89
24742,Mark Flynn,M,12th,Wright High School,70,99
24743,Christopher Walter,M,11th,Wright High School,90,89
24744,James Rodriguez,M,10th,Wright High School,99,93
24745,Michael Valencia,M,9th,Wright High School,92,87
24746,Joseph Carter,M,10th,Wright High School,88,92
24747,Stephanie Robinson,F,11th,Wright High School,69,85
24748,Erica Stevenson,F,11th,Wright High School,99,86
24749,Charles Strickland,M,11th,Wright High School,99,94
24750,Gary Nguyen,M,10th,Wright High School,75,73
24751,Wendy Carson,F,11th,Wright High School,80,74
24752,Theresa Nelson,F,10th,Wright High School,74,69
24753,James Gomez,M,11th,Wright High School,81,94
24754,Anthony Barton,M,9th,Wright High School,76,84
24755,Karen Gibson,F,11th,Wright High School,77,95
24756,Stephen Hardy,M,10th,Wright High School,95,71
24757,Crystal Warren,F,9th,Wright High School,83,73
24758,Larry Cook,M,12th,Wright High School,87,96
24759,John Villanueva,M,12th,Wright High School,94,85
24760,Shelby Cox,F,9th,Wright High School,96,94
24761,Robert Knight,M,9th,Wright High School,85,91
24762,Nicholas Johnson,M,10th,Wright High School,94,70
24763,Phillip Fields,M,9th,Wright High School,97,93
24764,Mark Rodgers,M,9th,Wright High School,95,95
24765,Zachary Evans,M,10th,Wright High School,80,97
24766,Emily Quinn,F,12th,Wright High School,73,69
24767,Sarah Henderson,F,10th,Wright High School,95,98
24768,Chase Gonzales,M,9th,Wright High School,89,73
24769,Wanda Beasley,F,11th,Wright High School,98,99
24770,Linda Wong,F,9th,Wright High School,85,68
24771,Kimberly Hebert,F,12th,Wright High School,81,95
24772,Bruce Brady,M,9th,Wright High School,86,95
24773,Lisa Hayes,F,11th,Wright High School,89,76
24774,Mary Berry,F,10th,Wright High School,95,81
24775,Jill Ward,F,10th,Wright High School,71,78
24776,Manuel Price,M,10th,Wright High School,93,97
24777,Crystal Hunt,F,9th,Wright High School,92,78
24778,Tony Phillips,M,9th,Wright High School,88,72
24779,Sean Wade,M,12th,Wright High School,77,71
24780,Kaitlyn Vazquez,F,11th,Wright High School,95,92
24781,Colton Jordan,M,10th,Wright High School,73,85
24782,Brian White,M,12th,Wright High School,84,82
24783,Michelle Sparks,F,12th,Wright High School,81,71
24784,Edward Sullivan,M,9th,Wright High School,79,94
24785,Jane Valenzuela,F,11th,Wright High School,84,97
24786,Lori Bishop,F,9th,Wright High School,98,96
24787,Rhonda Valenzuela,F,10th,Wright High School,87,69
24788,Taylor Lambert,F,9th,Wright High School,82,80
24789,Jimmy Wallace,M,10th,Wright High School,82,69
24790,Stephanie Salinas,F,10th,Wright High School,77,90
24791,Ann Lewis,F,12th,Wright High School,69,94
24792,Rachel Baker,F,12th,Wright High School,76,98
24793,April Jacobs,F,11th,Wright High School,89,87
24794,Lori Johnson,F,11th,Wright High School,80,68
24795,Regina Gilbert,F,12th,Wright High School,79,89
24796,Benjamin Diaz,M,10th,Wright High School,83,88
24797,Scott Scott,M,10th,Wright High School,90,83
24798,Gina Gould,F,11th,Wright High School,99,89
24799,Brittany Ramirez,F,9th,Wright High School,70,69
24800,Cynthia Robinson,F,9th,Wright High School,71,86
24801,Eddie Harrison,M,11th,Wright High School,98,74
24802,Jeffery Carson,M,10th,Wright High School,80,93
24803,Amanda Patel,F,11th,Wright High School,71,87
24804,Michael Zimmerman,M,12th,Wright High School,86,96
24805,Joseph Wood,M,10th,Wright High School,93,97
24806,Samuel Sosa,M,11th,Wright High School,91,90
24807,Deborah Nelson,F,9th,Wright High School,80,70
24808,William Rodriguez,M,11th,Wright High School,87,96
24809,William Diaz,M,11th,Wright High School,71,81
24810,David Long,M,9th,Wright High School,92,79
24811,Amy Harris,F,12th,Wright High School,78,95
24812,Raymond Willis,M,10th,Wright High School,69,68
24813,Christina Mcdonald,F,12th,Wright High School,77,70
24814,Paul Stanley ,M,12th,Wright High School,76,86
24815,John Jackson,M,9th,Wright High School,99,85
24816,Carol Hanson,F,9th,Wright High School,96,72
24817,Devin Parsons,M,10th,Wright High School,79,89
24818,Daniel Knight,M,11th,Wright High School,92,75
24819,Timothy Snyder,M,9th,Wright High School,74,78
24820,Julie Walter,F,9th,Wright High School,86,84
24821,Melissa Koch,F,11th,Wright High School,75,79
24822,Gregory Sanchez,M,12th,Wright High School,94,99
24823,Gina Bailey,F,9th,Wright High School,96,78
24824,Samantha Lee,F,11th,Wright High School,86,91
24825,Ryan Armstrong,M,9th,Wright High School,87,92
24826,Shelby Holmes,F,11th,Wright High School,78,94
24827,Lori Ramirez,F,10th,Wright High School,74,74
24828,Jonathan Thomas,M,12th,Wright High School,95,80
24829,John Lozano,M,11th,Wright High School,84,77
24830,Eric White,M,10th,Wright High School,95,81
24831,Kimberly Mclaughlin,F,12th,Wright High School,71,83
24832,Jessica Thornton,F,10th,Wright High School,72,99
24833,Melissa King,F,12th,Wright High School,75,91
24834,Dawn Hopkins,F,10th,Wright High School,83,86
24835,Samuel Martin,M,10th,Wright High School,76,79
24836,Joseph Jones,M,9th,Wright High School,89,75
24837,Pamela Phillips,F,11th,Wright High School,75,87
24838,Mary Hill,F,9th,Wright High School,79,68
24839,Michelle Herrera,F,10th,Wright High School,77,93
24840,Angela Jones,F,11th,Wright High School,92,70
24841,Beth Weaver,F,9th,Wright High School,76,69
24842,Susan Owens,F,11th,Wright High School,71,83
24843,Michael Johnson,M,12th,Wright High School,94,72
24844,Seth Schmitt,M,10th,Wright High School,77,99
24845,Elizabeth Torres,F,9th,Wright High School,89,94
24846,Joseph Murray,M,12th,Wright High School,75,89
24847,Laura Scott,F,9th,Wright High School,89,77
24848,Kayla Evans,F,11th,Wright High School,69,85
24849,Logan Burgess,M,9th,Wright High School,87,83
24850,Annette Robertson,F,11th,Wright High School,91,73
24851,Heather Cobb,F,10th,Wright High School,95,84
24852,Hannah Whitney,F,11th,Wright High School,86,82
24853,Alexander Carson,M,10th,Wright High School,71,93
24854,Christy Tucker,F,9th,Wright High School,69,95
24855,Tiffany Miller,F,9th,Wright High School,79,68
24856,John Thompson,M,10th,Wright High School,70,70
24857,Elizabeth Pennington,F,9th,Wright High School,86,85
24858,Jennifer Pugh,F,9th,Wright High School,84,87
24859,Tina Gray,F,11th,Wright High School,71,91
24860,Alexander Barker,M,9th,Wright High School,72,86
24861,Brittney Clarke,F,10th,Wright High School,87,81
24862,Jared Johnson,M,9th,Wright High School,92,98
24863,Stephanie Powers,F,11th,Wright High School,76,78
24864,Curtis Christensen,M,12th,Wright High School,87,77
24865,Jeffrey Watson,M,11th,Wright High School,90,70
24866,Christina Farrell,F,10th,Wright High School,90,93
24867,Michael Green,M,10th,Wright High School,83,94
24868,Valerie Guerrero,F,12th,Wright High School,79,76
24869,Robert Hill,M,10th,Wright High School,84,71
24870,Dustin Thomas,M,12th,Wright High School,88,86
24871,William Chavez,M,9th,Wright High School,75,90
24872,Ann Huber,F,12th,Wright High School,99,87
24873,Ryan Munoz,M,12th,Wright High School,83,72
24874,Kristi Allen,F,11th,Wright High School,70,77
24875,Karen Hamilton,F,11th,Wright High School,79,83
24876,Melissa Jones,F,10th,Wright High School,98,87
24877,Samantha Russell,F,9th,Wright High School,74,83
24878,Dawn Crane,F,12th,Wright High School,84,78
24879,Austin Black,M,9th,Wright High School,99,97
24880,Eduardo Ford,M,9th,Wright High School,79,96
24881,Brian Brown,M,11th,Wright High School,96,85
24882,Christina Gonzalez ,F,12th,Wright High School,76,75
24883,Lauren Jones,F,9th,Wright High School,94,83
24884,Linda Solis,F,10th,Wright High School,91,74
24885,Barbara Walls,F,9th,Wright High School,84,77
24886,Elizabeth Miller,F,11th,Wright High School,74,78
24887,Erin Vazquez,F,12th,Wright High School,98,99
24888,Anthony Jimenez,M,12th,Wright High School,93,92
24889,Christopher Thornton Jr.,M,12th,Wright High School,86,97
24890,John Bean,M,9th,Wright High School,73,95
24891,Mrs. Julie Powers,F,10th,Wright High School,79,71
24892,Matthew Walker,M,10th,Wright High School,69,97
24893,Sean White,M,12th,Wright High School,76,90
24894,Julie James,F,10th,Wright High School,69,83
24895,Phillip Shaw,M,12th,Wright High School,98,75
24896,Edward Ward,M,12th,Wright High School,85,87
24897,Rebecca Keller,F,9th,Wright High School,76,69
24898,Natalie Hall,F,12th,Wright High School,89,68
24899,Tara Yoder,F,9th,Wright High School,83,94
24900,Lisa Wong,F,11th,Wright High School,91,90
24901,Kimberly Weber,F,9th,Wright High School,81,95
24902,Christopher Sullivan,M,10th,Wright High School,78,80
24903,Matthew Carter,M,9th,Wright High School,86,83
24904,Megan Cain,F,10th,Wright High School,94,92
24905,Robert Orozco,M,11th,Wright High School,72,91
24906,Brian Torres,M,12th,Wright High School,72,92
24907,Paul Montgomery,M,9th,Wright High School,97,83
24908,Cindy Porter,F,10th,Wright High School,73,98
24909,Alexander Luna,M,9th,Wright High School,82,83
24910,Julie Williamson,F,12th,Wright High School,87,99
24911,Ronald Ball,M,12th,Wright High School,73,87
24912,Jason Barnes,M,10th,Wright High School,91,86
24913,Joyce Pace,F,9th,Wright High School,75,99
24914,Edward Rodriguez,M,10th,Wright High School,82,78
24915,Brittany Lewis,F,10th,Wright High School,73,74
24916,Michelle White,F,11th,Wright High School,75,85
24917,Sarah Rosario,F,12th,Wright High School,78,95
24918,Sarah Ali,F,9th,Wright High School,78,85
24919,Richard Joseph,M,9th,Wright High School,75,75
24920,Angelica Rojas,F,9th,Wright High School,90,81
24921,John Jones,M,9th,Wright High School,69,76
24922,Misty Cox,F,9th,Wright High School,98,79
24923,Nicholas Hart,M,9th,Wright High School,77,71
24924,Mario Martinez,M,11th,Wright High School,98,95
24925,Kevin Reed,M,11th,Wright High School,79,72
24926,Kyle Johnson,M,12th,Wright High School,74,85
24927,Cindy Warner,F,12th,Wright High School,89,99
24928,Aaron Perez,M,10th,Wright High School,73,87
24929,Daniel Marshall,M,10th,Wright High School,90,73
24930,Desiree Dixon,F,9th,Wright High School,93,84
24931,Paul Fritz,M,12th,Wright High School,69,96
24932,Cassie Fowler,F,10th,Wright High School,78,76
24933,Justin Barnes,M,9th,Wright High School,77,93
24934,Timothy Singleton,M,10th,Wright High School,73,92
24935,Alexander Smith,M,9th,Wright High School,96,77
24936,Jane Santos,F,9th,Wright High School,95,75
24937,Matthew Velasquez,M,9th,Wright High School,72,83
24938,Eddie Farrell,M,10th,Wright High School,90,84
24939,Steven Cook,M,10th,Wright High School,99,84
24940,Keith Brewer,M,9th,Wright High School,78,91
24941,Jessica Garcia,F,10th,Wright High School,89,78
24942,Kelly Macdonald,F,9th,Wright High School,71,71
24943,James Lane,M,9th,Wright High School,98,94
24944,Tina Martin,F,9th,Wright High School,72,97
24945,Brian Mccarty,M,10th,Wright High School,92,97
24946,Jennifer Sanchez,F,11th,Wright High School,84,85
24947,Michael Parrish,M,11th,Wright High School,93,86
24948,James Mullins,M,11th,Wright High School,93,69
24949,Margaret Martin,F,12th,Wright High School,97,74
24950,Mary Kim,F,11th,Wright High School,88,90
24951,Anthony Coleman,M,11th,Wright High School,91,90
24952,William Swanson,M,10th,Wright High School,77,80
24953,Eric Simon,M,10th,Wright High School,82,79
24954,Anna Lopez,F,11th,Wright High School,88,84
24955,Susan Thompson,F,10th,Wright High School,97,73
24956,Andrea Ramos,F,11th,Wright High School,70,79
24957,Bonnie Henry,F,12th,Wright High School,84,93
24958,Larry Peterson,M,12th,Wright High School,77,73
24959,Angela Morris,F,10th,Wright High School,76,74
24960,Shawn Simmons,M,12th,Wright High School,95,83
24961,Shannon Ortiz,F,12th,Wright High School,92,99
24962,Lisa Munoz,F,12th,Wright High School,83,85
24963,Emily Spencer,F,12th,Wright High School,74,96
24964,Kathleen Wilson,F,11th,Wright High School,74,99
24965,Robert Harrison,M,11th,Wright High School,70,97
24966,Justin Fisher,M,10th,Wright High School,71,91
24967,Gregory Cunningham,M,12th,Wright High School,98,80
24968,Adam Singh,M,10th,Wright High School,76,97
24969,Vanessa Robinson,F,9th,Wright High School,91,75
24970,William Williams,M,11th,Wright High School,87,69
24971,Isaac Hubbard,M,11th,Wright High School,73,69
24972,Diane Powell,F,12th,Wright High School,72,85
24973,Jason Atkinson,M,10th,Wright High School,80,95
24974,Jennifer Martinez,F,9th,Wright High School,92,91
24975,Brianna Smith,F,11th,Wright High School,81,72
24976,Alexander Miller,M,11th,Wright High School,97,87
24977,Andrew Thomas,M,11th,Wright High School,90,79
24978,Calvin Schwartz,M,9th,Wright High School,81,94
24979,Rose Perez,F,11th,Wright High School,84,95
24980,Alex Ramirez,M,10th,Wright High School,87,90
24981,Randall Alexander,M,11th,Wright High School,83,71
24982,Sara Thomas,F,9th,Wright High School,97,83
24983,Chad Bradley,M,9th,Wright High School,87,87
24984,James Dixon,M,9th,Wright High School,85,83
24985,Steven Maddox,M,12th,Wright High School,98,77
24986,Ashley Pena,F,9th,Wright High School,98,99
24987,Noah Lawrence,M,12th,Wright High School,93,82
24988,Phyllis Pearson,F,9th,Wright High School,86,94
24989,Emily Gomez,F,12th,Wright High School,85,93
24990,Jessica Leblanc,F,12th,Wright High School,83,69
24991,Timothy Taylor,M,10th,Wright High School,75,87
24992,Gerald Garcia,M,12th,Wright High School,71,84
24993,Kathryn Young,F,12th,Wright High School,80,83
24994,Robert Brown,M,10th,Wright High School,99,73
24995,Amanda Hawkins,F,11th,Wright High School,86,88
24996,Daniel Brown,M,9th,Wright High School,73,76
24997,Lindsey Duke,F,10th,Wright High School,80,87
24998,Taylor Larson,F,11th,Wright High School,86,79
24999,Mark Williams,M,9th,Wright High School,79,75
25000,Brian Mason,M,12th,Wright High School,75,99
25001,Jesse Torres,M,9th,Wright High School,90,73
25002,Gina Martin,F,11th,Wright High School,92,76
25003,Lori Martin,F,12th,Wright High School,91,86
25004,Lindsay Henry,F,10th,Wright High School,94,96
25005,Amanda Ortiz,F,10th,Wright High School,78,82
25006,Carlos Guerrero,M,9th,Wright High School,97,70
25007,Michael Nunez,M,11th,Wright High School,84,71
25008,Margaret Soto,F,11th,Wright High School,85,98
25009,Melissa Flores,F,12th,Wright High School,78,92
25010,Gina Parker,F,10th,Wright High School,98,73
25011,Kevin Goodwin,M,9th,Wright High School,74,83
25012,Dennis Chan,M,10th,Wright High School,99,94
25013,Shane Murray,M,11th,Wright High School,91,86
25014,Sharon Wilkerson,F,9th,Wright High School,94,99
25015,Joseph Raymond,M,10th,Wright High School,78,69
25016,Jamie Mckay,M,11th,Wright High School,86,74
25017,Kyle Jefferson,M,12th,Wright High School,80,82
25018,Kari King,F,11th,Wright High School,97,81
25019,Danielle Rivera,F,11th,Wright High School,92,89
25020,Dylan Valenzuela,M,10th,Wright High School,70,95
25021,Shawn Scott,M,9th,Wright High School,77,85
25022,Joanna Kline,F,10th,Wright High School,97,73
25023,Jill Dawson,F,11th,Wright High School,85,75
25024,Todd Graham,M,9th,Wright High School,73,87
25025,James Mccullough,M,12th,Wright High School,85,88
25026,Rebecca Mitchell,F,10th,Wright High School,77,99
25027,Daniel Gutierrez,M,10th,Wright High School,82,93
25028,Steven Daniel,M,9th,Wright High School,70,72
25029,Alyssa Patrick,F,10th,Wright High School,91,72
25030,Andrea Hood,F,9th,Wright High School,69,74
25031,Thomas Williams,M,12th,Wright High School,73,76
25032,Kristopher Collins,M,9th,Wright High School,71,97
25033,Roberto Johnson,M,11th,Wright High School,75,72
25034,Alexis Hoffman,F,10th,Wright High School,85,76
25035,Michelle Young,F,9th,Wright High School,77,79
25036,Kimberly Roberts,F,10th,Wright High School,79,70
25037,Wanda Chang,F,12th,Wright High School,83,74
25038,Sherry Adkins,F,9th,Wright High School,79,93
25039,Cory Pearson,M,10th,Wright High School,74,96
25040,Theresa Jackson,F,10th,Wright High School,93,79
25041,Hayden Oconnor,M,10th,Wright High School,83,77
25042,Johnathan Ramirez,M,10th,Wright High School,96,72
25043,Kristin Mays,F,10th,Wright High School,85,85
25044,Katherine Murray,F,9th,Wright High School,74,68
25045,Nathaniel Villa,M,9th,Wright High School,79,91
25046,April Oconnor,F,11th,Wright High School,77,85
25047,Kimberly Clark,F,12th,Wright High School,70,92
25048,Pedro Scott,M,11th,Wright High School,77,73
25049,Sheri Neal,F,10th,Wright High School,82,97
25050,Molly Lam,F,10th,Wright High School,87,82
25051,Alexander Hall,M,9th,Wright High School,72,70
25052,Sara Sherman,F,10th,Wright High School,74,70
25053,Bradley Juarez,M,12th,Wright High School,86,92
25054,Carolyn Ferguson,F,12th,Wright High School,72,86
25055,Melissa Ross,F,9th,Wright High School,87,74
25056,Stephen Jackson,M,9th,Wright High School,77,74
25057,Sandra Farrell,F,11th,Wright High School,82,75
25058,Sabrina Harrison,F,12th,Wright High School,95,92
25059,Patrick Smith,M,11th,Wright High School,75,92
25060,Amanda Burke,F,9th,Wright High School,85,74
25061,Madison Richard,F,11th,Wright High School,73,90
25062,Alyssa Scott,F,11th,Wright High School,98,71
25063,Erin Fisher,F,10th,Wright High School,80,76
25064,Danny Bates,M,12th,Wright High School,73,95
25065,Leah Mccall,F,12th,Wright High School,99,76
25066,Heidi Mathews,F,10th,Wright High School,86,68
25067,Adam Hayes III,M,10th,Wright High School,83,83
25068,Julie Garcia,F,9th,Wright High School,87,86
25069,Jacob Black,M,10th,Wright High School,70,96
25070,Jonathan Torres,M,10th,Wright High School,97,99
25071,Jonathan Choi,M,9th,Wright High School,77,99
25072,Dalton Fisher,M,9th,Wright High School,98,96
25073,Megan Ramsey,F,10th,Wright High School,74,98
25074,Michael Robinson,M,10th,Wright High School,75,77
25075,John Dunlap,M,10th,Wright High School,95,69
25076,Natalie Myers,F,11th,Wright High School,79,96
25077,Timothy Marshall,M,9th,Wright High School,84,97
25078,Michael Stevens,M,12th,Wright High School,83,84
25079,Benjamin Barrett,M,10th,Wright High School,72,79
25080,Mitchell Hernandez,M,10th,Wright High School,73,78
25081,Brittany Holmes ,F,11th,Wright High School,90,89
25082,William Reynolds,M,10th,Wright High School,86,93
25083,Sara Walsh,F,9th,Wright High School,79,71
25084,Robert Dudley,M,9th,Wright High School,82,99
25085,Justin Garcia,M,9th,Wright High School,81,87
25086,Ellen Walker,F,11th,Wright High School,92,91
25087,April Guzman,F,10th,Wright High School,73,72
25088,Stefanie Adams,F,10th,Wright High School,82,96
25089,Chelsea Aguirre,F,9th,Wright High School,74,93
25090,Kimberly Payne,F,10th,Wright High School,85,95
25091,Brian Johnson,M,11th,Wright High School,79,77
25092,Kevin Sexton,M,12th,Wright High School,80,88
25093,Anna Guzman,F,9th,Wright High School,91,77
25094,James Porter,M,10th,Wright High School,85,79
25095,Jessica Collins,F,9th,Wright High School,88,82
25096,Edwin Garza,M,9th,Wright High School,95,69
25097,Kristie Chavez,F,9th,Wright High School,92,91
25098,Joseph Jimenez,M,11th,Wright High School,98,96
25099,Brandy Calderon,F,9th,Wright High School,79,86
25100,Bruce Phillips,M,11th,Wright High School,87,78
25101,Nicole Ray,F,11th,Wright High School,86,77
25102,Tracy Rodriguez,F,9th,Wright High School,70,77
25103,Dana Phillips,F,12th,Wright High School,96,96
25104,Samuel Jones,M,9th,Wright High School,75,73
25105,Matthew Garcia,M,11th,Wright High School,91,70
25106,Ernest Love,M,12th,Wright High School,94,89
25107,Elizabeth Tucker,F,10th,Wright High School,88,73
25108,Vincent Franco,M,9th,Wright High School,73,89
25109,Jennifer Foster,F,9th,Wright High School,83,91
25110,Kurt Flores,M,9th,Wright High School,70,85
25111,Mrs. Angela Floyd,F,12th,Wright High School,73,83
25112,Amber Lambert,F,11th,Wright High School,98,92
25113,Cindy Miller,F,10th,Wright High School,71,79
25114,Kristin Tucker,F,11th,Wright High School,88,95
25115,Diana Gill,F,11th,Wright High School,79,73
25116,Connie Garrison,F,11th,Wright High School,69,94
25117,Alexander Mckenzie,M,10th,Wright High School,98,81
25118,Ryan Humphrey,M,9th,Wright High School,69,90
25119,Wendy Hoffman,F,10th,Wright High School,96,89
25120,Mariah Ryan,F,9th,Wright High School,90,83
25121,Jesse Cox,M,12th,Wright High School,76,71
25122,Ronald Mills,M,9th,Wright High School,77,95
25123,Bryan Holland,M,10th,Wright High School,75,84
25124,Deborah Young,F,9th,Wright High School,79,74
25125,Sally Henderson,F,12th,Wright High School,79,86
25126,Michael Grimes,M,11th,Wright High School,75,94
25127,Christopher Murphy,M,9th,Wright High School,86,76
25128,Bradley Nguyen,M,10th,Wright High School,95,92
25129,Erica Avila,F,11th,Wright High School,78,68
25130,Jerry Woods,M,11th,Wright High School,84,81
25131,Michael Parsons,M,10th,Wright High School,95,69
25132,Brandon Navarro,M,12th,Wright High School,95,75
25133,Gary Mercado,M,11th,Wright High School,84,99
25134,Derrick Miller,M,10th,Wright High School,76,86
25135,Sandra West,F,10th,Wright High School,70,86
25136,Ronald Roberts,M,10th,Wright High School,95,95
25137,Tiffany Soto,F,9th,Wright High School,76,91
25138,Charlotte Miles,F,10th,Wright High School,86,80
25139,Kim Miller,F,11th,Wright High School,91,84
25140,Tyler Lawson,M,9th,Wright High School,71,84
25141,Angela Williams,F,11th,Wright High School,76,69
25142,Andrew Robles,M,9th,Wright High School,79,92
25143,James Duran,M,9th,Wright High School,75,95
25144,Charles Lewis,M,11th,Wright High School,74,77
25145,Judith Bernard,F,9th,Wright High School,69,82
25146,Keith Jones,M,9th,Wright High School,81,87
25147,Cathy Smith,F,12th,Wright High School,86,92
25148,Steven Martinez,M,10th,Wright High School,90,78
25149,Sue Hoffman,F,11th,Wright High School,97,79
25150,Kaitlyn Palmer,F,9th,Wright High School,93,74
25151,Angela Hernandez,F,10th,Wright High School,82,92
25152,Teresa Peterson,F,11th,Wright High School,73,73
25153,Lindsay Brown,F,12th,Wright High School,96,88
25154,Melissa Valenzuela,F,9th,Wright High School,89,88
25155,Eric Barnett,M,12th,Wright High School,77,72
25156,Samuel Phelps,M,11th,Wright High School,89,97
25157,Matthew Clark,M,11th,Wright High School,75,73
25158,Jerry Fisher,M,9th,Wright High School,96,91
25159,Jon Burke,M,11th,Wright High School,77,69
25160,Gary King,M,10th,Wright High School,94,92
25161,Carlos Clarke,M,9th,Wright High School,98,84
25162,Lindsey Walls,F,12th,Wright High School,75,92
25163,Casey Murray,M,11th,Wright High School,91,92
25164,Michelle Bailey,F,12th,Wright High School,78,74
25165,Taylor Morris,F,10th,Wright High School,98,82
25166,Ian Walker,M,12th,Wright High School,91,91
25167,Janet Fowler,F,10th,Wright High School,70,96
25168,Mark Rivera,M,10th,Wright High School,90,70
25169,Jake Hernandez,M,10th,Wright High School,78,69
25170,Mark Maldonado,M,11th,Wright High School,78,77
25171,Kayla Pearson,F,10th,Wright High School,69,73
25172,Teresa Berry,F,12th,Wright High School,73,91
25173,Philip Martin,M,10th,Wright High School,79,75
25174,Stephanie Hudson,F,10th,Wright High School,86,79
25175,Pamela Jackson,F,10th,Wright High School,96,84
25176,Eric Smith,M,11th,Wright High School,75,75
25177,Michael Vargas,M,10th,Wright High School,81,80
25178,Brenda Smith,F,9th,Wright High School,85,87
25179,Nathan Stevens,M,10th,Wright High School,85,70
25180,Doris Bell,F,12th,Wright High School,85,96
25181,Thomas Lopez,M,11th,Wright High School,97,89
25182,Ashley Brooks,F,9th,Wright High School,89,88
25183,Jennifer Fisher,F,9th,Wright High School,88,74
25184,Steven Craig,M,11th,Wright High School,94,91
25185,Ashley Delgado,F,10th,Wright High School,92,75
25186,Danielle Johnson,F,10th,Wright High School,80,71
25187,Alexandria Orozco,F,12th,Wright High School,94,81
25188,Wayne Bernard,M,11th,Wright High School,90,76
25189,Amanda Garrett,F,10th,Wright High School,82,94
25190,Victoria Ho,F,10th,Wright High School,90,74
25191,Thomas Johnston,M,10th,Wright High School,93,86
25192,Deborah Harris,F,9th,Wright High School,98,69
25193,John Lamb,M,12th,Wright High School,76,69
25194,Elizabeth Bernard,F,12th,Wright High School,95,98
25195,Martin Baker,M,9th,Wright High School,87,76
25196,Calvin Smith,M,9th,Wright High School,90,91
25197,Phillip Mcmillan,M,11th,Wright High School,93,89
25198,Regina Garcia,F,11th,Wright High School,87,99
25199,Jason Ho,M,10th,Wright High School,85,84
25200,Christopher Villegas,M,9th,Wright High School,77,76
25201,Erika Lewis,F,9th,Wright High School,88,99
25202,Eddie Hernandez,M,11th,Wright High School,79,71
25203,Scott Medina,M,11th,Wright High School,99,90
25204,Kimberly Johnson,F,11th,Wright High School,69,68
25205,Bruce Hale,M,12th,Wright High School,99,69
25206,Cheryl Whitehead,F,12th,Wright High School,91,87
25207,Kevin Morales,M,9th,Wright High School,73,95
25208,Sherry Whitaker,F,10th,Wright High School,84,88
25209,Ryan Hayes,M,12th,Wright High School,88,74
25210,Russell Jimenez,M,12th,Wright High School,75,72
25211,Brenda Allen,F,11th,Wright High School,70,80
25212,Cesar Mason,M,11th,Wright High School,98,91
25213,Tiffany Conley,F,12th,Wright High School,80,89
25214,Thomas Brown,M,9th,Wright High School,78,88
25215,Michael Cummings ,M,11th,Wright High School,73,92
25216,Joel Carlson,M,12th,Wright High School,91,81
25217,Lisa Banks,F,10th,Wright High School,87,98
25218,Joseph Price,M,12th,Wright High School,92,81
25219,Jennifer Gilbert,F,10th,Wright High School,98,76
25220,Elizabeth Russell,F,10th,Wright High School,70,73
25221,Larry Hooper,M,9th,Wright High School,81,99
25222,Sandra Noble,F,10th,Wright High School,99,89
25223,Zachary Baldwin,M,9th,Wright High School,90,69
25224,Alexander Gillespie,M,12th,Wright High School,73,94
25225,Mandy Glover,F,11th,Wright High School,72,70
25226,Kayla Thornton,F,12th,Wright High School,81,84
25227,Joshua Evans,M,11th,Wright High School,78,94
25228,Nicole Perkins,F,11th,Wright High School,89,95
25229,Rebecca Wilkinson,F,9th,Wright High School,96,83
25230,Nathaniel Gonzalez,M,10th,Wright High School,75,76
25231,Kyle Cruz,M,10th,Wright High School,99,84
25232,William Lucas,M,12th,Wright High School,75,96
25233,Randall Carroll,M,9th,Wright High School,90,88
25234,Richard Johnson,M,12th,Wright High School,69,75
25235,Morgan Mcconnell,F,9th,Wright High School,89,78
25236,Lori Hayes,F,9th,Wright High School,77,70
25237,Kayla Holmes,F,11th,Wright High School,82,80
25238,Amber Nelson,F,10th,Wright High School,99,68
25239,Thomas Berger,M,12th,Wright High School,72,71
25240,Kathryn Snyder,F,10th,Wright High School,94,77
25241,Amanda Mullins,F,11th,Wright High School,87,86
25242,Regina Underwood,F,11th,Wright High School,93,81
25243,Robert Collins,M,9th,Wright High School,83,75
25244,Joseph Sellers,M,10th,Wright High School,95,90
25245,Carla Ferrell,F,9th,Wright High School,70,85
25246,Susan Stewart,F,12th,Wright High School,75,72
25247,Nicole Evans,F,9th,Wright High School,79,80
25248,Timothy Allen,M,11th,Wright High School,85,89
25249,Mary Baldwin,F,9th,Wright High School,96,78
25250,Rebecca Coleman,F,10th,Wright High School,91,80
25251,Steven Wright,M,9th,Wright High School,91,70
25252,Michael Miller,M,11th,Wright High School,97,77
25253,John Ewing,M,12th,Wright High School,99,94
25254,Christina Hammond,F,9th,Wright High School,95,98
25255,Nicholas Petersen,M,11th,Wright High School,87,98
25256,Dylan Buchanan,M,12th,Wright High School,69,96
25257,Anna Cole,F,10th,Wright High School,78,82
25258,Meghan Garcia,F,11th,Wright High School,73,79
25259,Jenny Rivera,F,11th,Wright High School,79,71
25260,Daniel Henson,M,10th,Wright High School,96,78
25261,Scott Richardson,M,12th,Wright High School,78,79
25262,Meghan Marshall,F,12th,Wright High School,98,81
25263,Dustin Bowman,M,10th,Wright High School,69,79
25264,Gregory Brown,M,9th,Wright High School,90,69
25265,April Smith,F,10th,Wright High School,80,74
25266,Angela Owens,F,11th,Wright High School,88,95
25267,Angel Pena,M,11th,Wright High School,86,93
25268,Christopher Martin,M,10th,Wright High School,85,79
25269,Yolanda Brown,F,12th,Wright High School,72,94
25270,Sarah Roberts,F,9th,Wright High School,92,75
25271,Victor Poole,M,11th,Wright High School,98,83
25272,Daniel Watson,M,10th,Wright High School,98,87
25273,Henry Mcgrath,M,9th,Wright High School,87,81
25274,Jason Meyer,M,10th,Wright High School,78,84
25275,Katie Wright,F,11th,Wright High School,74,98
25276,Tina Smith,F,10th,Wright High School,92,89
25277,Charles Cruz,M,12th,Wright High School,75,88
25278,David Knight,M,12th,Wright High School,81,77
25279,Steven Pineda,M,10th,Wright High School,78,84
25280,Jacqueline Holloway,F,9th,Wright High School,76,83
25281,Victoria Lopez,F,10th,Wright High School,72,90
25282,George Lyons,M,11th,Wright High School,84,90
25283,Todd Browning,M,9th,Wright High School,74,80
25284,Kelly Anderson,F,10th,Wright High School,95,69
25285,Sandra Beck,F,11th,Wright High School,83,97
25286,Jennifer Briggs,F,11th,Wright High School,72,79
25287,Sherry Patel,F,9th,Wright High School,87,87
25288,Ronald Hunter,M,9th,Wright High School,70,81
25289,Catherine Santana,F,10th,Wright High School,95,90
25290,Katherine Payne,F,11th,Wright High School,70,97
25291,Devin Merritt,M,11th,Wright High School,83,69
25292,Donna Odom,F,12th,Wright High School,90,87
25293,Bradley Baker,M,12th,Wright High School,96,99
25294,Sandy Conner,F,9th,Wright High School,81,79
25295,Bill Wagner,M,10th,Wright High School,81,80
25296,Stephanie Bender,F,12th,Wright High School,99,98
25297,Robert Marshall,M,10th,Wright High School,86,79
25298,Steven Johnson,M,10th,Wright High School,75,69
25299,Hannah Pena,F,12th,Wright High School,98,83
25300,Victoria Collins,F,10th,Wright High School,99,71
25301,Jason Walls,M,10th,Wright High School,87,99
25302,Melanie Mitchell,F,9th,Wright High School,77,72
25303,Manuel Owen,M,11th,Wright High School,87,88
25304,Jeremy Marshall,M,11th,Wright High School,95,78
25305,Steven Perez,M,11th,Wright High School,81,87
25306,Tiffany Jones,F,9th,Wright High School,84,95
25307,Hailey Torres,F,9th,Wright High School,78,88
25308,Lisa Rose,F,10th,Wright High School,74,92
25309,Danielle Gillespie,F,10th,Wright High School,70,84
25310,Matthew Nielsen,M,10th,Wright High School,98,86
25311,Elizabeth Cooper,F,12th,Wright High School,98,91
25312,Matthew Jackson,M,10th,Wright High School,82,93
25313,William Howell,M,9th,Wright High School,78,68
25314,Kelly Porter,F,11th,Wright High School,74,94
25315,Kristin Guzman,F,12th,Wright High School,70,88
25316,Michael Dudley,M,12th,Wright High School,78,75
25317,Austin Johnson,M,10th,Wright High School,82,89
25318,Robert Bean,M,9th,Wright High School,69,70
25319,Dave Suarez,M,11th,Wright High School,99,92
25320,Kevin Mcintyre,M,9th,Wright High School,74,83
25321,Daniel Charles,M,9th,Wright High School,69,86
25322,Kellie Lam,F,11th,Wright High School,87,94
25323,Sandra Turner,F,9th,Wright High School,69,95
25324,Scott Willis,M,9th,Wright High School,70,93
25325,Brittany Sanchez PhD,F,11th,Wright High School,99,71
25326,Jamie Huynh,F,9th,Wright High School,85,92
25327,David Powell,M,11th,Wright High School,92,88
25328,Mary Clark,F,10th,Wright High School,75,83
25329,Jennifer Fletcher,F,12th,Wright High School,83,99
25330,Joshua Wolf,M,10th,Wright High School,99,89
25331,Stephen Bender,M,11th,Wright High School,73,91
25332,Luke Barrett,M,9th,Wright High School,97,83
25333,Rachel Randolph,F,9th,Wright High School,70,79
25334,Scott Smith,M,11th,Wright High School,93,74
25335,Marissa Kennedy,F,10th,Wright High School,76,95
25336,Amanda Nelson,F,10th,Wright High School,98,81
25337,James Martinez,M,9th,Wright High School,72,79
25338,Ryan Norman,M,12th,Wright High School,97,98
25339,Brian Rodriguez,M,9th,Wright High School,92,80
25340,Joel Garcia,M,11th,Wright High School,94,99
25341,James Farrell,M,11th,Wright High School,78,73
25342,Nichole Pennington,F,10th,Wright High School,70,79
25343,Lisa Gregory,F,10th,Wright High School,72,97
25344,Lindsay Green,F,9th,Wright High School,80,99
25345,Peter Ayers,M,12th,Wright High School,71,69
25346,Wendy Jackson,F,11th,Wright High School,87,93
25347,Ryan Arnold,M,11th,Wright High School,81,70
25348,Amy Myers,F,11th,Wright High School,87,70
25349,Karen Lozano,F,9th,Wright High School,84,82
25350,Alex Anderson,M,9th,Wright High School,90,96
25351,Cole Walters,M,12th,Wright High School,93,69
25352,Diane Hoffman,F,10th,Wright High School,94,93
25353,Timothy Estrada,M,12th,Wright High School,92,81
25354,Rebecca Odom,F,9th,Wright High School,87,85
25355,Morgan Davis,F,9th,Wright High School,92,88
25356,Carol Ford,F,12th,Wright High School,72,72
25357,Wesley Snyder,M,12th,Wright High School,73,94
25358,Danielle Wilson,F,12th,Wright High School,93,74
25359,Christopher Anderson,M,11th,Wright High School,82,87
25360,Daniel Bridges,M,11th,Wright High School,86,96
25361,Erica Rodriguez,F,11th,Wright High School,77,87
25362,Grace Jenkins,F,10th,Wright High School,92,91
25363,Melissa Holmes,F,10th,Wright High School,80,90
25364,Christina Leonard,F,12th,Wright High School,81,77
25365,Carlos Sanchez,M,11th,Wright High School,86,74
25366,Harold Bennett,M,10th,Wright High School,96,87
25367,Daniel Fernandez,M,10th,Wright High School,73,76
25368,Anthony Short,M,11th,Wright High School,83,69
25369,Charles Russo,M,12th,Wright High School,82,70
25370,Alicia Curtis,F,11th,Wright High School,74,73
25371,Nicole Mclean ,F,9th,Wright High School,76,75
25372,Tyler Delgado,M,11th,Wright High School,73,72
25373,Carolyn Adkins,F,10th,Wright High School,93,94
25374,Thomas Ibarra,M,9th,Wright High School,98,81
25375,Ricardo Cochran,M,9th,Wright High School,88,96
25376,Jordan Lynch,F,11th,Wright High School,96,74
25377,Joshua Ortiz,M,12th,Wright High School,99,79
25378,Taylor Craig,F,12th,Wright High School,90,98
25379,Paul Smith,M,11th,Wright High School,87,84
25380,Jamie Gonzalez,F,10th,Wright High School,81,84
25381,Austin Pittman,M,11th,Wright High School,72,99
25382,Tanya Soto,F,11th,Wright High School,91,80
25383,Mia Thompson,F,10th,Wright High School,87,88
25384,Adam Santiago,M,9th,Wright High School,72,95
25385,Karen Smith,F,10th,Wright High School,85,87
25386,Tyler Kennedy,M,9th,Wright High School,88,86
25387,Christine Martinez,F,11th,Wright High School,86,69
25388,Amy Moore,F,11th,Wright High School,77,69
25389,Jonathan Jackson,M,9th,Wright High School,79,79
25390,Laura Brown,F,10th,Wright High School,88,90
25391,Charles Day,M,11th,Wright High School,78,89
25392,Anthony Wood,M,9th,Wright High School,80,73
25393,Christina Phelps,F,9th,Wright High School,86,80
25394,Anthony Ryan,M,9th,Wright High School,85,99
25395,Brenda Mills,F,11th,Wright High School,81,97
25396,Craig Miller,M,11th,Wright High School,69,97
25397,George Watson,M,12th,Wright High School,93,91
25398,Derrick Friedman,M,9th,Wright High School,76,77
25399,Jeffrey Mason,M,9th,Wright High School,78,79
25400,Latoya Crane,F,9th,Wright High School,84,89
25401,Tina Hunt,F,10th,Wright High School,94,91
25402,Sabrina Francis,F,9th,Wright High School,78,79
25403,Megan Bryant,F,11th,Wright High School,81,90
25404,Lisa Mcmillan,F,12th,Wright High School,79,80
25405,Jason Jones,M,10th,Wright High School,76,94
25406,Shawn Allen,M,12th,Wright High School,82,91
25407,Annette Long,F,10th,Wright High School,70,83
25408,Katelyn Foster,F,10th,Wright High School,75,86
25409,Christopher Simmons,M,12th,Wright High School,97,89
25410,Jeffrey Barry,M,12th,Wright High School,93,97
25411,Tiffany Moore,F,11th,Wright High School,83,83
25412,Gregory Lambert,M,11th,Wright High School,71,80
25413,Robert Smith,M,12th,Wright High School,81,91
25414,John Gonzalez,M,11th,Wright High School,79,74
25415,Lisa Ellis,F,10th,Wright High School,71,89
25416,Mitchell Ball,M,11th,Wright High School,93,97
25417,Steven Thomas,M,12th,Wright High School,89,95
25418,Bridget Camacho,F,12th,Wright High School,83,74
25419,Larry Frost,M,11th,Wright High School,78,75
25420,Anthony Brown,M,10th,Wright High School,97,73
25421,Martha Mcfarland,F,11th,Wright High School,75,82
25422,Stephanie Mendez,F,11th,Wright High School,73,99
25423,Philip Bennett,M,10th,Wright High School,90,73
25424,Marcia Knox,F,9th,Wright High School,84,95
25425,Andrea Wilkerson,F,10th,Wright High School,91,89
25426,Jennifer Wyatt,F,10th,Wright High School,89,69
25427,Michael Sosa,M,12th,Wright High School,88,92
25428,Larry Rowe,M,10th,Wright High School,90,84
25429,Sabrina Knight,F,11th,Wright High School,70,98
25430,Charles Taylor,M,10th,Wright High School,83,99
25431,Ethan Brown,M,12th,Wright High School,97,88
25432,Patricia Roberts,F,9th,Wright High School,73,88
25433,Steven Sosa,M,11th,Wright High School,88,70
25434,Cynthia Harris,F,12th,Wright High School,82,94
25435,Tiffany Thompson,F,10th,Wright High School,74,78
25436,Jeffrey Ramsey,M,12th,Wright High School,88,70
25437,Brooke Lane,F,11th,Wright High School,77,74
25438,Justin Jones,M,12th,Wright High School,76,80
25439,Victoria Tate,F,10th,Wright High School,80,85
25440,Debbie Wilkins,F,11th,Wright High School,81,80
25441,Darlene Gray,F,10th,Wright High School,84,76
25442,Theresa Delgado,F,9th,Wright High School,69,98
25443,Cheryl Bates,F,11th,Wright High School,87,89
25444,Joshua Roberts,M,12th,Wright High School,97,69
25445,Jeremy Cameron,M,11th,Wright High School,85,69
25446,Ethan Hernandez,M,11th,Wright High School,93,79
25447,Jonathon Cox,M,9th,Wright High School,94,85
25448,Hailey Johnson,F,9th,Wright High School,91,84
25449,Patricia Stein,F,12th,Wright High School,85,69
25450,Mark West,M,11th,Wright High School,83,98
25451,Kayla Wiggins,F,12th,Wright High School,91,78
25452,Stephanie Graham,F,12th,Wright High School,81,80
25453,Douglas Lopez,M,12th,Wright High School,84,78
25454,Jay Kline,M,9th,Wright High School,91,68
25455,Bernard Huffman,M,10th,Wright High School,96,94
25456,Marc Curry,M,11th,Wright High School,71,92
25457,Bridget Herman,F,12th,Wright High School,70,90
25458,Kenneth Ballard,M,12th,Wright High School,96,69
25459,Hector Martin,M,9th,Wright High School,73,79
25460,Audrey Delgado,F,11th,Wright High School,96,78
25461,Elizabeth Fuentes,F,12th,Wright High School,98,98
25462,Nicole Rodriguez,F,9th,Wright High School,75,79
25463,Jeffrey Bowers,M,10th,Wright High School,96,70
25464,Melissa Vargas,F,12th,Wright High School,88,84
25465,Jonathan Lopez,M,12th,Wright High School,77,69
25466,Tonya Howard,F,10th,Wright High School,70,82
25467,Rebecca Carter,F,10th,Wright High School,78,82
25468,Jessica Berry,F,12th,Wright High School,97,98
25469,Charles Rosales,M,10th,Wright High School,73,94
25470,Robert Aguilar,M,10th,Wright High School,89,92
25471,Crystal Jackson,F,9th,Wright High School,83,94
25472,Sonia Rodriguez,F,10th,Wright High School,69,93
25473,Bryan Jordan,M,12th,Wright High School,74,83
25474,Kelly Miller,F,11th,Wright High School,94,84
25475,Eugene Pennington,M,10th,Wright High School,69,86
25476,Gary Shelton,M,12th,Wright High School,83,82
25477,Kayla Grant,F,12th,Wright High School,94,95
25478,Mark Becker,M,9th,Wright High School,93,76
25479,Benjamin Harris,M,10th,Wright High School,76,72
25480,Jeffrey Spears,M,11th,Wright High School,70,85
25481,Deborah Silva,F,12th,Wright High School,71,84
25482,Lisa Graham,F,9th,Wright High School,70,71
25483,Tara Campbell,F,11th,Wright High School,69,93
25484,Jeffrey Reed,M,9th,Wright High School,75,93
25485,Melissa Fernandez,F,10th,Wright High School,72,98
25486,Jenna Harris,F,10th,Wright High School,73,81
25487,Glen Campbell,M,10th,Wright High School,78,75
25488,Adam Stevens,M,9th,Wright High School,92,68
25489,John Lewis,M,9th,Wright High School,96,96
25490,Michelle Foster,F,12th,Wright High School,90,77
25491,Lindsay Ford,F,10th,Wright High School,77,74
25492,Benjamin Johnson,M,9th,Wright High School,80,76
25493,Michael Young,M,11th,Wright High School,71,84
25494,Hannah Clark,F,11th,Wright High School,93,88
25495,Cameron Sawyer,M,9th,Wright High School,69,88
25496,Leah Jones,F,9th,Wright High School,72,73
25497,Gail Mccarty,F,9th,Wright High School,84,83
25498,Jeremy Mercer,M,11th,Wright High School,94,93
25499,Sandra Roberts,F,10th,Wright High School,83,99
25500,Scott Bishop ,M,10th,Wright High School,92,86
25501,Valerie Eaton,F,9th,Wright High School,97,83
25502,Kristina Ellis,F,12th,Wright High School,88,86
25503,Stephen Rodriguez,M,12th,Wright High School,90,78
25504,Suzanne Lin,F,11th,Wright High School,84,86
25505,Lisa Nichols,F,12th,Wright High School,78,97
25506,Michael Carlson,M,9th,Wright High School,97,88
25507,Richard Bell,M,9th,Wright High School,90,69
25508,Darrell Ball,M,11th,Wright High School,91,84
25509,Brian Salinas,M,9th,Wright High School,95,70
25510,Bryan Wallace,M,9th,Wright High School,94,83
25511,Sandy Norris,F,10th,Wright High School,83,86
25512,Willie Potts,M,9th,Wright High School,94,91
25513,Amy Dougherty,F,9th,Wright High School,84,95
25514,Jennifer Wilson,F,9th,Wright High School,94,93
25515,Marco Peterson,M,12th,Wright High School,86,95
25516,Amy Miranda,F,10th,Wright High School,88,79
25517,Alicia Hamilton,F,12th,Wright High School,81,68
25518,Briana Erickson,F,11th,Wright High School,96,94
25519,Bruce Rivera,M,10th,Wright High School,89,73
25520,Kayla Anderson,F,9th,Wright High School,79,79
25521,Daniel Guerra,M,9th,Wright High School,74,73
25522,Michael Davenport,M,11th,Wright High School,93,87
25523,Heather Bailey,F,12th,Wright High School,98,83
25524,Douglas Singleton,M,10th,Wright High School,70,86
25525,Jerome Rose,M,12th,Wright High School,83,80
25526,Catherine Moss,F,9th,Wright High School,98,74
25527,Michelle Burns,F,9th,Wright High School,74,72
25528,Melanie Doyle,F,11th,Wright High School,76,99
25529,Holly Martinez,F,9th,Wright High School,80,74
25530,Kristie Morrow,F,12th,Wright High School,88,78
25531,Maria Hughes,F,12th,Wright High School,95,93
25532,Kelly Adams,M,9th,Wright High School,89,75
25533,Jermaine Sanchez,M,12th,Wright High School,90,97
25534,Jose Espinoza,M,11th,Wright High School,91,91
25535,Haley Mayo,F,9th,Wright High School,95,98
25536,Victoria Walton,F,9th,Wright High School,92,87
25537,Taylor Coleman,M,10th,Wright High School,95,99
25538,Jeffery Richmond,M,10th,Wright High School,79,77
25539,Gary Brown,M,9th,Wright High School,83,88
25540,Vanessa White,F,9th,Wright High School,79,88
25541,John Pratt,M,11th,Wright High School,83,89
25542,Briana Lester,F,11th,Wright High School,99,82
25543,Angela Young,F,11th,Wright High School,83,89
25544,Peter Morgan,M,11th,Wright High School,72,92
25545,Ryan Hammond,M,9th,Wright High School,93,79
25546,Ronald Dickson,M,9th,Wright High School,98,99
25547,Linda Davis,F,10th,Wright High School,81,77
25548,Elizabeth Anderson,F,9th,Wright High School,98,71
25549,Alison Crosby,F,10th,Wright High School,88,69
25550,Jennifer Lee,F,9th,Wright High School,74,90
25551,Danny Walker,M,11th,Wright High School,80,90
25552,Cassidy Casey,F,11th,Wright High School,85,70
25553,Samantha Palmer,F,11th,Wright High School,83,93
25554,John Reyes,M,12th,Wright High School,72,96
25555,Andrea Wallace,F,12th,Wright High School,71,82
25556,Stephanie Campbell,F,9th,Wright High School,76,95
25557,Lawrence Herrera,M,10th,Wright High School,83,83
25558,Cynthia Hardin,F,10th,Wright High School,85,77
25559,Mary Mccoy,F,10th,Wright High School,72,73
25560,Donna Smith,F,12th,Wright High School,84,73
25561,Wanda Odonnell,F,9th,Wright High School,96,85
25562,Rachael Anderson,F,12th,Wright High School,89,80
25563,Debra Todd,F,9th,Wright High School,99,80
25564,Tabitha Gonzalez,F,11th,Wright High School,69,73
25565,Eric Richardson,M,9th,Wright High School,97,85
25566,Paul Moore,M,12th,Wright High School,70,80
25567,Rhonda Liu,F,9th,Wright High School,95,86
25568,Anthony Crawford,M,12th,Wright High School,96,71
25569,Shannon Patton,F,11th,Wright High School,70,91
25570,Rebecca Jensen,F,11th,Wright High School,72,86
25571,Allison Hoover,F,12th,Wright High School,84,96
25572,Julia Gonzalez,F,10th,Wright High School,89,83
25573,Mrs. Alexandra Hamilton,F,11th,Wright High School,87,91
25574,Shaun Montgomery,M,9th,Wright High School,71,81
25575,David Miller,M,10th,Wright High School,82,97
25576,Deborah Barker,F,9th,Wright High School,88,76
25577,Katie Hunt,F,12th,Wright High School,79,72
25578,Mario Moreno,M,10th,Wright High School,91,95
25579,Daniel Hunter,M,11th,Wright High School,76,85
25580,Candice Clark,F,9th,Wright High School,87,99
25581,Larry Velasquez,M,12th,Wright High School,91,77
25582,David Campos,M,11th,Wright High School,70,82
25583,David Austin,M,12th,Wright High School,71,73
25584,Megan Eaton,F,10th,Wright High School,95,97
25585,Matthew Garza,M,11th,Wright High School,85,85
25586,Brian Mcdonald,M,12th,Wright High School,86,76
25587,James Murphy,M,9th,Wright High School,93,74
25588,Christopher Garcia,M,12th,Wright High School,84,82
25589,Patrick Thompson,M,12th,Wright High School,94,76
25590,Joyce Bryan,F,9th,Wright High School,80,86
25591,Jennifer Jenkins,F,11th,Wright High School,71,68
25592,Dillon Miller,M,10th,Wright High School,69,68
25593,Elizabeth Meza,F,9th,Wright High School,90,75
25594,Matthew Mcdaniel,M,12th,Wright High School,91,85
25595,Alison Reed,F,11th,Wright High School,74,78
25596,Kristen Gallagher,F,11th,Wright High School,69,99
25597,Walter Gates,M,12th,Wright High School,81,74
25598,Brandy Page,F,9th,Wright High School,79,78
25599,Mike Brown,M,10th,Wright High School,98,90
25600,Amy Solis,F,10th,Wright High School,97,70
25601,Kristin Ayers,F,12th,Wright High School,84,85
25602,Jasmine Nelson,F,10th,Wright High School,92,97
25603,Logan Avery,M,10th,Wright High School,93,82
25604,Deanna Allen,F,9th,Wright High School,71,99
25605,Amanda Hoffman,F,10th,Wright High School,91,90
25606,Gina Bird,F,11th,Wright High School,93,96
25607,Kenneth Small,M,12th,Wright High School,86,82
25608,Kevin Tate,M,11th,Wright High School,84,95
25609,Vincent Perez,M,12th,Wright High School,80,99
25610,Richard Peters,M,9th,Wright High School,75,79
25611,Sharon Todd,F,11th,Wright High School,73,69
25612,Holly Reed,F,9th,Wright High School,82,77
25613,Eddie Gray,M,10th,Wright High School,88,89
25614,Benjamin Garza,M,9th,Wright High School,95,75
25615,Jacob Taylor ,M,9th,Wright High School,79,93
25616,Kristin Hill,F,10th,Wright High School,86,92
25617,Ashley Burton,F,11th,Wright High School,75,79
25618,Jonathan Turner,M,9th,Wright High School,72,99
25619,Hannah Burgess,F,10th,Wright High School,97,99
25620,Timothy Singleton,M,12th,Wright High School,95,98
25621,Kelsey Liu,F,12th,Wright High School,98,75
25622,Jimmy David,M,10th,Wright High School,98,82
25623,Tony Wilson,M,12th,Wright High School,71,76
25624,Michele Glass,F,11th,Wright High School,93,94
25625,Sandra Warner,F,10th,Wright High School,78,84
25626,Craig Hubbard,M,11th,Wright High School,75,80
25627,Carla Elliott,F,11th,Wright High School,72,77
25628,Haley Collins,F,9th,Wright High School,78,99
25629,Victor Kennedy,M,10th,Wright High School,74,81
25630,Brian Small,M,9th,Wright High School,70,95
25631,Jennifer Stewart,F,9th,Wright High School,92,76
25632,Pamela Perez,F,10th,Wright High School,86,76
25633,Jerry Fitzpatrick,M,11th,Wright High School,93,91
25634,Brittany Williams,F,12th,Wright High School,74,72
25635,Cameron Logan,M,10th,Wright High School,87,92
25636,Jonathan Howard,M,11th,Wright High School,86,80
25637,Ashley Coleman,F,11th,Wright High School,78,97
25638,Travis Wood,M,9th,Wright High School,95,77
25639,Michael Anderson,M,9th,Wright High School,94,82
25640,Stephanie Alexander,F,12th,Wright High School,71,68
25641,Erin Ross,F,11th,Wright High School,91,76
25642,Danielle Thomas,F,12th,Wright High School,80,84
25643,Patricia Peck,F,12th,Wright High School,98,69
25644,Nicole Anderson,F,10th,Wright High School,93,92
25645,Frank Payne,M,10th,Wright High School,86,76
25646,Devin Kerr,M,9th,Wright High School,81,73
25647,Stacy Cooper,F,12th,Wright High School,91,72
25648,Aaron Henderson,M,9th,Wright High School,72,86
25649,Bianca Rivera,F,9th,Wright High School,85,68
25650,Sierra Holmes,F,10th,Wright High School,69,87
25651,Jesse Harper,M,11th,Wright High School,77,87
25652,Michael Dennis,M,9th,Wright High School,83,84
25653,Erin Brown,F,9th,Wright High School,87,96
25654,Tanya Thompson,F,10th,Wright High School,89,97
25655,Michelle Thomas,F,9th,Wright High School,88,85
25656,Brian Meyer,M,11th,Wright High School,92,97
25657,Lauren Cardenas,F,9th,Wright High School,75,80
25658,Heather Anderson,F,9th,Wright High School,80,73
25659,Joyce Morris,F,9th,Wright High School,79,99
25660,Michael Moore Jr.,M,9th,Wright High School,86,81
25661,Jessica Moore,F,11th,Wright High School,89,70
25662,Ann Martinez,F,11th,Wright High School,70,84
25663,Alan Thompson,M,12th,Wright High School,96,81
25664,Ryan Santana,M,10th,Wright High School,95,79
25665,Robert Escobar,M,12th,Wright High School,87,70
25666,Larry Martinez,M,10th,Wright High School,78,84
25667,Mark Roberts,M,10th,Wright High School,80,82
25668,Christine Boyd,F,12th,Wright High School,75,80
25669,Bonnie Wilson,F,12th,Wright High School,82,96
25670,Wanda Holt,F,9th,Wright High School,76,92
25671,Shawn Tran,M,9th,Wright High School,74,85
25672,Anthony Camacho,M,9th,Wright High School,95,82
25673,James Levine,M,10th,Wright High School,97,88
25674,Holly Nguyen,F,9th,Wright High School,83,84
25675,Shannon Morris,F,9th,Wright High School,70,80
25676,Sabrina Brown,F,9th,Wright High School,81,76
25677,Melissa Johnson,F,11th,Wright High School,96,69
25678,Cindy Garcia,F,11th,Wright High School,84,71
25679,Jesus Anderson,M,10th,Wright High School,94,79
25680,Jessica Parker,F,10th,Wright High School,86,68
25681,Adrian Yates,M,9th,Wright High School,80,92
25682,Ashley Harris,F,11th,Wright High School,84,78
25683,Joshua Jenkins,M,9th,Wright High School,80,91
25684,Alicia Zhang ,F,10th,Wright High School,97,82
25685,Madison Montgomery,F,10th,Wright High School,98,73
25686,Randy Carlson,M,10th,Wright High School,82,92
25687,Chad Lowe,M,11th,Wright High School,76,79
25688,Daryl Dean,M,11th,Wright High School,85,97
25689,Amy Farmer,F,11th,Wright High School,83,97
25690,Carol Harmon,F,11th,Wright High School,82,69
25691,Randy Evans,M,11th,Wright High School,93,68
25692,Robin Taylor,F,12th,Wright High School,84,93
25693,Mrs. Sharon Rose,F,11th,Wright High School,95,97
25694,Marissa Williams,F,10th,Wright High School,94,94
25695,Amber Ray ,F,9th,Wright High School,83,71
25696,Cody Allen,M,9th,Wright High School,92,92
25697,Douglas Washington,M,12th,Wright High School,83,86
25698,Brandy Lewis,F,9th,Wright High School,77,91
25699,Melinda Gonzalez,F,10th,Wright High School,81,73
25700,James Robinson,M,12th,Wright High School,70,83
25701,Amanda Steele,F,11th,Wright High School,82,78
25702,Jeremy Chang,M,12th,Wright High School,76,86
25703,Melissa Allen,F,10th,Wright High School,72,76
25704,Cindy Alvarado,F,11th,Wright High School,98,90
25705,Christina Foster,F,11th,Wright High School,75,80
25706,Tiffany Howell,F,12th,Wright High School,86,77
25707,Andrew Hughes,M,10th,Wright High School,72,97
25708,Anthony Rodriguez,M,10th,Wright High School,75,98
25709,Michael Werner,M,11th,Wright High School,81,84
25710,Kerry Savage,M,10th,Wright High School,99,96
25711,Crystal Delgado,F,11th,Wright High School,93,72
25712,Robert Estrada,M,9th,Wright High School,79,86
25713,Amber Baker,F,11th,Wright High School,95,69
25714,Ronald Williams,M,9th,Wright High School,76,96
25715,Joseph Hudson II,M,9th,Wright High School,97,69
25716,Philip Henry,M,10th,Wright High School,97,89
25717,Laura Montgomery,F,9th,Wright High School,77,83
25718,Samuel Craig,M,9th,Wright High School,89,96
25719,Laurie Edwards,F,11th,Wright High School,76,90
25720,Michael Hill,M,9th,Wright High School,88,90
25721,Veronica Bowen,F,10th,Wright High School,98,90
25722,Jessica Montoya,F,9th,Wright High School,87,69
25723,Deborah Russell,F,10th,Wright High School,72,87
25724,Amanda Allen,F,9th,Wright High School,84,81
25725,Phillip Brown,M,11th,Wright High School,73,68
25726,Jessica Taylor,F,10th,Wright High School,96,99
25727,Jacob Torres,M,9th,Wright High School,99,98
25728,Brian Lee,M,10th,Wright High School,89,69
25729,Stacy Wang,F,12th,Wright High School,77,83
25730,Glen Carson,M,11th,Wright High School,80,94
25731,Charles Hendricks,M,11th,Wright High School,81,68
25732,Rebecca Guzman,F,10th,Wright High School,96,98
25733,Matthew Henderson,M,11th,Wright High School,71,97
25734,Jason Stein,M,9th,Wright High School,71,94
25735,Catherine Lowe,F,9th,Wright High School,78,76
25736,Emily Salazar,F,9th,Wright High School,84,88
25737,Dale Thomas,M,10th,Wright High School,71,88
25738,Jessica Hughes ,F,10th,Wright High School,71,78
25739,Suzanne Rivera,F,10th,Wright High School,83,69
25740,Tabitha Navarro,F,11th,Wright High School,78,76
25741,Katelyn Davis,F,9th,Wright High School,80,83
25742,Lisa Martinez,F,10th,Wright High School,85,70
25743,Nathan Jordan,M,10th,Wright High School,89,97
25744,Richard Lowe,M,9th,Wright High School,75,69
25745,Leslie Martinez,F,11th,Wright High School,86,72
25746,Carl Young,M,11th,Wright High School,76,91
25747,Rachel Miller,F,11th,Wright High School,87,89
25748,William Brooks Jr.,M,10th,Wright High School,69,69
25749,Linda Miller,F,10th,Wright High School,78,79
25750,Victoria Estrada,F,9th,Wright High School,76,73
25751,Sean Hernandez,M,9th,Wright High School,72,68
25752,Christine Chang,F,9th,Wright High School,79,89
25753,Trevor Bishop,M,10th,Wright High School,89,72
25754,Kimberly West,F,9th,Wright High School,94,87
25755,David Mills,M,11th,Wright High School,93,91
25756,Kimberly Gray,F,11th,Wright High School,75,73
25757,Kim Rodriguez,F,9th,Wright High School,98,86
25758,Kathleen Taylor,F,11th,Wright High School,79,83
25759,Joy Green,F,9th,Wright High School,97,93
25760,David Daugherty,M,10th,Wright High School,84,94
25761,Deborah Guzman,F,11th,Wright High School,94,87
25762,George Ward,M,11th,Wright High School,74,96
25763,Anthony Collins,M,9th,Wright High School,87,91
25764,Jerry Cunningham,M,9th,Wright High School,77,85
25765,Stephanie Pugh,F,9th,Wright High School,91,68
25766,Kenneth Anderson,M,12th,Wright High School,99,90
25767,Tony Jones,M,11th,Wright High School,88,79
25768,Michelle Humphrey,F,12th,Wright High School,88,93
25769,Elijah Bates,M,10th,Wright High School,97,68
25770,Jacob Frost,M,9th,Wright High School,69,80
25771,Eric Park,M,12th,Wright High School,79,94
25772,Angela Archer,F,9th,Wright High School,93,96
25773,Jon Hays,M,9th,Wright High School,76,71
25774,Nicole Hayes,F,12th,Wright High School,87,76
25775,Jerry Schneider,M,9th,Wright High School,98,79
25776,Aaron Kidd,M,9th,Wright High School,85,88
25777,Julie Norton,F,11th,Wright High School,92,77
25778,Nancy Lester,F,10th,Wright High School,88,74
25779,Mrs. Melissa Ingram ,F,10th,Wright High School,80,95
25780,Kathryn Carr,F,11th,Wright High School,91,89
25781,Robert Chase,M,12th,Wright High School,79,96
25782,Jeffrey Morgan,M,12th,Wright High School,76,79
25783,Molly Hill,F,9th,Wright High School,84,70
25784,Holly Johnson,F,10th,Wright High School,84,79
25785,Amanda Anderson,F,9th,Wright High School,89,84
25786,Emily Ramirez,F,9th,Wright High School,81,82
25787,Cynthia Good,F,10th,Wright High School,94,77
25788,Brian Phillips,M,11th,Wright High School,69,80
25789,Ryan Hill,M,11th,Wright High School,80,89
25790,Kelsey Griffith,F,11th,Wright High School,88,81
25791,Jasmine Potts,F,9th,Wright High School,78,81
25792,Allison Baker,F,9th,Wright High School,88,91
25793,Jeremy Booker,M,11th,Wright High School,85,77
25794,Jordan Williams,M,10th,Wright High School,84,89
25795,Valerie Ford,F,9th,Wright High School,81,97
25796,Edwin Calderon,M,9th,Wright High School,86,97
25797,Taylor Rogers,M,11th,Wright High School,85,72
25798,James Cross,M,11th,Wright High School,73,78
25799,Lynn Johnson,F,11th,Wright High School,90,82
25800,Russell May,M,9th,Wright High School,79,78
25801,Daniel Hale,M,9th,Wright High School,77,84
25802,Mark Olson,M,10th,Wright High School,70,81
25803,Jamie Stevens,F,12th,Wright High School,76,87
25804,Sherry Holmes,F,11th,Wright High School,74,98
25805,Robert Smith,M,10th,Wright High School,78,87
25806,Natasha White,F,12th,Wright High School,69,95
25807,Alison Eaton,F,11th,Wright High School,86,91
25808,Patrick Russell,M,12th,Wright High School,76,73
25809,Emma Gilbert,F,10th,Wright High School,88,70
25810,James Herman,M,10th,Wright High School,77,84
25811,Kenneth Harmon,M,9th,Wright High School,98,69
25812,Tonya Ward,F,11th,Wright High School,99,80
25813,Brandy Grant,F,12th,Wright High School,73,90
25814,Tammy Cooper,F,11th,Wright High School,76,98
25815,Michael Aguilar,M,11th,Wright High School,76,76
25816,Cindy Wheeler,F,12th,Wright High School,90,83
25817,Colleen Thomas,F,11th,Wright High School,77,78
25818,Andrew Snyder,M,10th,Wright High School,76,99
25819,Angelica Hendricks,F,9th,Wright High School,71,88
25820,Robert Bennett,M,10th,Wright High School,82,92
25821,Sandra Boyd,F,11th,Wright High School,73,76
25822,Paul Franco,M,9th,Wright High School,75,80
25823,Alex Stewart,M,12th,Wright High School,85,93
25824,Susan Johnson,F,12th,Wright High School,69,80
25825,James Stephens,M,11th,Wright High School,87,84
25826,Bianca Miller,F,10th,Wright High School,85,83
25827,Sabrina Osborne,F,9th,Wright High School,74,90
25828,Stephanie Myers,F,11th,Wright High School,94,90
25829,Mary Brady,F,10th,Wright High School,87,98
25830,Anthony Jones,M,10th,Wright High School,75,72
25831,Samantha Brown,F,9th,Wright High School,76,90
25832,Colleen Weiss,F,9th,Wright High School,82,81
25833,Marcus Butler,M,10th,Wright High School,79,87
25834,Nathan Galloway,M,9th,Wright High School,85,85
25835,Alexandra Hopkins,F,9th,Wright High School,83,87
25836,Jennifer Clark,F,11th,Wright High School,84,95
25837,Jose Hill,M,9th,Wright High School,87,99
25838,Nicholas Jackson,M,9th,Wright High School,69,68
25839,Thomas Floyd,M,12th,Wright High School,80,76
25840,Nathan Hines,M,12th,Wright High School,77,88
25841,Tristan Wilson,M,11th,Wright High School,95,91
25842,Eric Bryant,M,10th,Wright High School,78,92
25843,Michael Rodriguez,M,11th,Wright High School,85,84
25844,Franklin Mitchell,M,12th,Wright High School,81,70
25845,Marie Ryan,F,9th,Wright High School,97,82
25846,Angela Hart,F,11th,Wright High School,99,94
25847,Michael James,M,10th,Wright High School,87,94
25848,Jill Osborne,F,10th,Wright High School,98,68
25849,Daniel Holmes,M,10th,Wright High School,72,77
25850,Jose Burke,M,11th,Wright High School,96,87
25851,Karen Garcia,F,12th,Wright High School,89,70
25852,James Dennis,M,10th,Wright High School,71,75
25853,Kimberly Frazier,F,11th,Wright High School,86,93
25854,Austin Hutchinson,M,11th,Wright High School,79,92
25855,Carol Patton,F,10th,Wright High School,84,86
25856,Alexis Ford,F,12th,Wright High School,94,68
25857,Brianna Jackson,F,9th,Wright High School,92,96
25858,Randall Ray,M,10th,Wright High School,82,99
25859,Annette Day,F,11th,Wright High School,89,85
25860,Heather Smith,F,11th,Wright High School,87,76
25861,Steven Stevenson,M,9th,Wright High School,77,81
25862,Craig Perry,M,9th,Wright High School,85,87
25863,Nathaniel Green,M,9th,Wright High School,75,75
25864,Adrian Francis,M,11th,Wright High School,85,94
25865,Steven Wagner,M,12th,Wright High School,82,85
25866,Jordan Schmidt,M,12th,Wright High School,88,76
25867,Kelly Lopez,F,11th,Wright High School,90,78
25868,Heidi Hoffman,F,9th,Wright High School,91,77
25869,Caroline Nichols,F,10th,Wright High School,80,82
25870,Whitney Mccormick,F,9th,Wright High School,69,89
25871,Angela Williams,F,10th,Wright High School,98,98
25872,Jamie Bailey,F,9th,Wright High School,76,75
25873,Taylor Grant,F,10th,Wright High School,75,83
25874,Deborah Austin,F,9th,Wright High School,99,95
25875,Lawrence Stone,M,9th,Wright High School,91,75
25876,Katherine Baker,F,12th,Wright High School,86,97
25877,Gregory Bailey,M,9th,Wright High School,84,99
25878,Danielle Santiago,F,10th,Wright High School,87,69
25879,Olivia Mays,F,9th,Wright High School,83,76
25880,Victor Peterson,M,9th,Wright High School,83,97
25881,Natasha Taylor,F,12th,Wright High School,76,86
25882,Stuart Mayer,M,10th,Wright High School,71,71
25883,Angela Williams,F,9th,Wright High School,74,84
25884,David Gardner,M,11th,Wright High School,72,89
25885,Christina Thompson,F,11th,Wright High School,89,69
25886,Jeanette Perkins,F,10th,Wright High School,93,84
25887,David Nguyen,M,10th,Wright High School,97,84
25888,Karen Barton,F,10th,Wright High School,75,98
25889,Nathan Martinez,M,11th,Wright High School,72,84
25890,Kimberly Griffith,F,10th,Wright High School,82,69
25891,Jennifer Stevens,F,10th,Wright High School,99,70
25892,Karen Pearson,F,9th,Wright High School,75,79
25893,Ashley Dougherty,F,12th,Wright High School,96,76
25894,Robert Clark,M,11th,Wright High School,79,98
25895,Jessica Williams,F,10th,Wright High School,76,77
25896,Ruth Walton,F,9th,Wright High School,95,89
25897,Alyssa Daniel,F,12th,Wright High School,81,83
25898,Jamie Ali,F,10th,Wright High School,90,83
25899,Lisa Bailey,F,10th,Wright High School,99,91
25900,Alexis Jones,F,12th,Wright High School,91,75
25901,Jennifer Tucker,F,10th,Wright High School,96,78
25902,Robert Vasquez,M,11th,Wright High School,92,85
25903,Allison Barber,F,9th,Wright High School,90,73
25904,Geoffrey Smith,M,9th,Wright High School,79,96
25905,Benjamin Walker,M,12th,Wright High School,70,86
25906,Alexander Adams,M,10th,Wright High School,88,75
25907,Jesse Oneill,M,12th,Wright High School,89,89
25908,Lisa Lopez,F,10th,Wright High School,89,83
25909,James Anderson,M,11th,Wright High School,83,77
25910,William Richardson,M,10th,Wright High School,70,97
25911,Jerry Leblanc,M,12th,Wright High School,91,72
25912,William Smith,M,9th,Wright High School,97,97
25913,Robert Murphy,M,10th,Wright High School,73,89
25914,Sheryl Garrison,F,12th,Wright High School,94,68
25915,Eugene Chapman,M,10th,Wright High School,74,85
25916,Madison Parker,F,12th,Wright High School,73,81
25917,Carla Norman,F,11th,Wright High School,92,89
25918,Seth Hicks,M,11th,Wright High School,94,96
25919,Brandon Chambers,M,9th,Wright High School,69,84
25920,Zachary Smith,M,10th,Wright High School,87,86
25921,Matthew Gonzalez,M,10th,Wright High School,87,97
25922,Amanda Harrell,F,9th,Wright High School,86,77
25923,Brandon Faulkner,M,12th,Wright High School,90,86
25924,Kyle Lee,M,9th,Wright High School,97,93
25925,Nicole Cruz,F,10th,Wright High School,84,96
25926,Destiny Moran,F,9th,Wright High School,85,78
25927,Erin Mckenzie,F,11th,Wright High School,95,92
25928,Alexandria Chavez,F,9th,Wright High School,72,74
25929,Jonathan Alvarado,M,9th,Wright High School,87,88
25930,Jennifer Riddle,F,10th,Wright High School,93,88
25931,John West,M,12th,Wright High School,71,88
25932,Alex Carpenter,M,11th,Wright High School,74,77
25933,Wayne Ayers,M,12th,Wright High School,76,72
25934,Tiffany Parker,F,11th,Wright High School,95,71
25935,Craig Austin,M,10th,Wright High School,69,90
25936,Anthony Merritt,M,12th,Wright High School,99,70
25937,Joseph Johnson,M,9th,Wright High School,96,76
25938,Lisa Rodriguez,F,9th,Wright High School,69,84
25939,Mrs. Melanie Martinez PhD,F,12th,Wright High School,78,85
25940,Daniel Lloyd,M,11th,Wright High School,99,68
25941,Jonathan Welch,M,9th,Wright High School,71,92
25942,Blake Jefferson,M,9th,Wright High School,88,75
25943,Tiffany Williams,F,10th,Wright High School,82,89
25944,Patrick Rowland,M,11th,Wright High School,82,87
25945,Christopher Brown,M,12th,Wright High School,86,98
25946,Jessica Martin,F,11th,Wright High School,69,75
25947,Christine Arellano,F,10th,Wright High School,76,69
25948,Daniel Hayden,M,9th,Wright High School,92,80
25949,Edward Berry,M,10th,Wright High School,83,88
25950,Shawna Lawrence,F,12th,Wright High School,77,99
25951,John Barton,M,9th,Wright High School,70,70
25952,Erin Reid,F,9th,Wright High School,95,82
25953,Carlos Pierce,M,12th,Wright High School,81,90
25954,Miguel Stanton,M,10th,Wright High School,88,99
25955,Sharon Barnes,F,12th,Wright High School,73,74
25956,Antonio Parrish,M,11th,Wright High School,84,75
25957,Oscar Holland,M,12th,Wright High School,93,76
25958,Claire Holmes,F,9th,Wright High School,77,90
25959,Jill Garcia,F,12th,Wright High School,76,97
25960,Mark Taylor,M,9th,Wright High School,95,68
25961,Ricardo Boone,M,10th,Wright High School,94,94
25962,Ebony Peters,F,11th,Wright High School,96,79
25963,Heather Acosta,F,9th,Wright High School,69,73
25964,Ashley Alvarado,F,9th,Wright High School,85,78
25965,Joshua Stevens,M,9th,Wright High School,96,90
25966,Lisa Long,F,10th,Wright High School,87,93
25967,Jill Wells,F,11th,Wright High School,79,92
25968,Ashley Bradford,F,9th,Wright High School,97,75
25969,Ariana Powell,F,9th,Wright High School,95,69
25970,Howard Maxwell,M,10th,Wright High School,70,83
25971,Rachel Jacobson,F,12th,Wright High School,95,95
25972,Meghan Lee,F,10th,Wright High School,84,84
25973,Darren Moss,M,12th,Wright High School,86,82
25974,Donald Porter,M,12th,Wright High School,85,79
25975,Kendra Miller,F,10th,Wright High School,87,89
25976,Nathan Lewis,M,10th,Wright High School,86,89
25977,Kayla Mercado,F,11th,Wright High School,77,98
25978,Lauren Kelly,F,10th,Wright High School,71,82
25979,Jesse Morris,M,11th,Wright High School,80,70
25980,Jeffery Johnson,M,11th,Wright High School,77,94
25981,Michael Martinez,M,11th,Wright High School,70,88
25982,Teresa Patel,F,10th,Wright High School,78,76
25983,Heidi Shaw,F,10th,Wright High School,70,73
25984,Stephen Berry,M,10th,Wright High School,80,74
25985,Michael Lopez,M,9th,Wright High School,87,76
25986,Taylor Lane,F,10th,Wright High School,85,74
25987,Anthony Wood,M,10th,Wright High School,98,77
25988,Michael Gonzalez,M,9th,Wright High School,72,86
25989,Kelly Miller,F,9th,Wright High School,83,86
25990,Thomas Clark,M,10th,Wright High School,71,90
25991,Jay Dixon,M,10th,Wright High School,84,73
25992,Aaron Love,M,10th,Wright High School,82,89
25993,Levi Reyes,M,12th,Wright High School,69,96
25994,Michael Wolfe,M,10th,Wright High School,87,71
25995,Michael Williams,M,10th,Wright High School,91,97
25996,Taylor James,F,12th,Wright High School,98,96
25997,Brian Harris,M,11th,Wright High School,94,71
25998,Charles Preston,M,11th,Wright High School,80,87
25999,James Saunders,M,9th,Wright High School,96,85
26000,Ryan Smith,M,10th,Wright High School,94,77
26001,Robin Schmitt,F,12th,Wright High School,79,82
26002,Sheri Roberts,F,9th,Wright High School,79,70
26003,Sarah Miller,F,9th,Wright High School,90,99
26004,Jason Martin,M,10th,Wright High School,74,85
26005,Judith Reese,F,12th,Wright High School,81,90
26006,Alexis Gonzalez,F,11th,Wright High School,88,70
26007,James Blankenship,M,10th,Wright High School,85,90
26008,Mark Roberts,M,11th,Wright High School,87,95
26009,Matthew Jackson,M,10th,Wright High School,81,94
26010,Sarah Hernandez,F,10th,Wright High School,89,98
26011,Brittney Nolan,F,11th,Wright High School,70,76
26012,Dennis Carter,M,11th,Wright High School,99,84
26013,Shane Robinson,M,9th,Wright High School,92,92
26014,Julie Knight,F,9th,Wright High School,92,85
26015,Carol Watson,F,10th,Wright High School,91,75
26016,Tom Wallace,M,12th,Wright High School,90,90
26017,Brandon Mitchell,M,9th,Wright High School,76,81
26018,Brian Lopez,M,9th,Wright High School,79,91
26019,Mark Walters,M,11th,Wright High School,92,92
26020,Helen Morgan,F,12th,Wright High School,94,84
26021,Danielle Klein,F,12th,Wright High School,79,86
26022,David Mendez,M,10th,Wright High School,90,90
26023,Jeremiah Patel,M,9th,Wright High School,87,97
26024,Belinda Higgins,F,12th,Wright High School,85,91
26025,Amber Bender,F,12th,Wright High School,91,78
26026,Crystal Smith,F,11th,Wright High School,72,76
26027,Michael Washington,M,9th,Wright High School,97,88
26028,Christina Goodman,F,11th,Wright High School,94,69
26029,Natalie Howard,F,12th,Wright High School,80,93
26030,William Richardson,M,9th,Wright High School,90,77
26031,Lauren Duncan,F,12th,Wright High School,90,82
26032,Heather Stuart,F,11th,Wright High School,94,95
26033,Elizabeth Robbins,F,12th,Wright High School,69,99
26034,John Mann,M,11th,Wright High School,73,91
26035,Michael Holmes,M,9th,Wright High School,98,80
26036,Sherry Jenkins,F,11th,Rodriguez High School,74,81
26037,Kimberly Calderon,F,10th,Rodriguez High School,80,86
26038,William Brady,M,11th,Rodriguez High School,97,62
26039,Jacob Padilla,M,11th,Rodriguez High School,79,73
26040,Paula Maldonado,F,10th,Rodriguez High School,96,92
26041,Patricia Escobar,F,12th,Rodriguez High School,68,98
26042,Becky Castillo,F,11th,Rodriguez High School,93,61
26043,Tamara Morris,F,10th,Rodriguez High School,63,98
26044,Brian Smith,M,9th,Rodriguez High School,67,97
26045,Katelyn Valencia,F,12th,Rodriguez High School,92,61
26046,Gary Orr,M,9th,Rodriguez High School,89,60
26047,Melissa Lowery,F,9th,Rodriguez High School,85,92
26048,Brian Moore,M,12th,Rodriguez High School,66,99
26049,Nicole Simon,F,10th,Rodriguez High School,76,72
26050,Tiffany Smith,F,9th,Rodriguez High School,91,87
26051,Christopher Black,M,11th,Rodriguez High School,83,74
26052,Richard Gonzalez,M,10th,Rodriguez High School,99,55
26053,Cameron Hawkins,M,10th,Rodriguez High School,87,89
26054,Desiree Martinez,F,11th,Rodriguez High School,73,91
26055,Robert Shepard,M,11th,Rodriguez High School,65,65
26056,Tina Campbell,F,12th,Rodriguez High School,83,86
26057,Debra Ashley,F,10th,Rodriguez High School,95,74
26058,Cody Wilson,M,11th,Rodriguez High School,77,55
26059,Michelle Wall,F,9th,Rodriguez High School,91,70
26060,Jon Reyes,M,12th,Rodriguez High School,69,99
26061,Sarah Young ,F,12th,Rodriguez High School,83,96
26062,David Martin,M,11th,Rodriguez High School,88,55
26063,Lauren Weber,F,11th,Rodriguez High School,92,75
26064,Matthew Henderson,M,12th,Rodriguez High School,94,61
26065,Micheal Ryan,M,12th,Rodriguez High School,68,69
26066,David Ramirez,M,11th,Rodriguez High School,79,80
26067,William Lewis,M,11th,Rodriguez High School,97,76
26068,Gabriel Rich,M,11th,Rodriguez High School,79,96
26069,Kimberly Kennedy,F,11th,Rodriguez High School,84,57
26070,Rebecca Kennedy,F,12th,Rodriguez High School,80,79
26071,Rachel Alvarez,F,9th,Rodriguez High School,89,94
26072,Mark Beltran,M,9th,Rodriguez High School,66,92
26073,Travis Tucker,M,9th,Rodriguez High School,70,72
26074,Matthew Brown,M,12th,Rodriguez High School,75,79
26075,Jon Jackson,M,10th,Rodriguez High School,96,58
26076,Anthony Wilson,M,10th,Rodriguez High School,91,58
26077,Nathan Anderson,M,12th,Rodriguez High School,77,86
26078,Chris Johnson,M,9th,Rodriguez High School,74,55
26079,Kevin Wheeler,M,11th,Rodriguez High School,97,95
26080,Melissa Macias,F,11th,Rodriguez High School,97,61
26081,Alyssa Hoffman,F,9th,Rodriguez High School,66,69
26082,Tiffany Sanders,F,11th,Rodriguez High School,68,81
26083,Cassandra Cole,F,9th,Rodriguez High School,63,81
26084,Samantha Harrison,F,11th,Rodriguez High School,92,86
26085,Derek Gray,M,11th,Rodriguez High School,77,85
26086,David Richard,M,9th,Rodriguez High School,79,97
26087,Stephanie Ray,F,11th,Rodriguez High School,75,79
26088,Robin Jones,F,10th,Rodriguez High School,64,75
26089,Gloria Stephenson,F,9th,Rodriguez High School,95,63
26090,James Mendez,M,10th,Rodriguez High School,84,58
26091,Richard Boone,M,10th,Rodriguez High School,68,88
26092,Michael Harris,M,9th,Rodriguez High School,91,62
26093,James Cabrera,M,12th,Rodriguez High School,71,76
26094,Sarah Pearson,F,9th,Rodriguez High School,82,71
26095,Jacqueline Turner,F,9th,Rodriguez High School,67,59
26096,Patricia Young,F,9th,Rodriguez High School,78,88
26097,Shelley Hill,F,10th,Rodriguez High School,97,67
26098,Kelly Rogers,F,10th,Rodriguez High School,67,71
26099,Jessica Wilkins,F,9th,Rodriguez High School,87,81
26100,Jacob Nelson,M,11th,Rodriguez High School,68,67
26101,Kristen Bell,F,11th,Rodriguez High School,79,91
26102,George Williams,M,12th,Rodriguez High School,87,58
26103,Jason Rice,M,12th,Rodriguez High School,64,62
26104,Gregory Parrish,M,9th,Rodriguez High School,66,64
26105,Lawrence Mejia,M,12th,Rodriguez High School,68,76
26106,Brandon Randolph,M,11th,Rodriguez High School,71,83
26107,Craig Hull,M,9th,Rodriguez High School,67,97
26108,David Henry,M,9th,Rodriguez High School,79,80
26109,Nathan Taylor,M,12th,Rodriguez High School,64,64
26110,Brandon Sloan,M,12th,Rodriguez High School,91,98
26111,Angela Thompson ,F,11th,Rodriguez High School,82,84
26112,Jacqueline Ford,F,10th,Rodriguez High School,78,88
26113,Jeffery Johnston,M,10th,Rodriguez High School,72,81
26114,Darren Taylor,M,11th,Rodriguez High School,88,82
26115,Jennifer Wood,F,10th,Rodriguez High School,63,59
26116,Nicole Bennett,F,11th,Rodriguez High School,69,57
26117,Kristina White,F,10th,Rodriguez High School,91,59
26118,Michele Aguirre,F,11th,Rodriguez High School,65,87
26119,Shane Williams,M,10th,Rodriguez High School,92,67
26120,Christopher Novak,M,10th,Rodriguez High School,77,71
26121,Andrew Dalton,M,11th,Rodriguez High School,68,80
26122,Julie Patton,F,9th,Rodriguez High School,81,71
26123,Wayne White,M,11th,Rodriguez High School,87,64
26124,Pamela Jones,F,12th,Rodriguez High School,76,65
26125,Jennifer Harvey,F,11th,Rodriguez High School,84,78
26126,Daniel Welch II,M,9th,Rodriguez High School,66,78
26127,Dave Higgins,M,11th,Rodriguez High School,98,97
26128,Kevin Cox,M,12th,Rodriguez High School,97,65
26129,Michelle Thornton,F,11th,Rodriguez High School,88,95
26130,Sherri Smith,F,12th,Rodriguez High School,64,70
26131,Bill Burch,M,11th,Rodriguez High School,83,80
26132,Laurie Carter,F,9th,Rodriguez High School,68,93
26133,Casey Hernandez,M,9th,Rodriguez High School,83,90
26134,Mitchell Moore,M,12th,Rodriguez High School,98,87
26135,Roger Horton Jr.,M,9th,Rodriguez High School,89,92
26136,James Watkins,M,9th,Rodriguez High School,94,95
26137,Megan Estrada,F,11th,Rodriguez High School,92,57
26138,James Garcia,M,12th,Rodriguez High School,70,56
26139,Keith Salazar,M,11th,Rodriguez High School,98,68
26140,Bradley Holloway,M,11th,Rodriguez High School,90,57
26141,Katherine Coleman,F,11th,Rodriguez High School,89,64
26142,Stephen Duncan,M,9th,Rodriguez High School,78,79
26143,Loretta Fisher,F,11th,Rodriguez High School,67,98
26144,Joshua Ortiz,M,11th,Rodriguez High School,97,65
26145,Sara Hughes,F,11th,Rodriguez High School,89,88
26146,Jesus Joseph,M,10th,Rodriguez High School,64,91
26147,Nicholas Mann,M,10th,Rodriguez High School,99,60
26148,Richard Diaz,M,9th,Rodriguez High School,76,63
26149,Raymond Lawrence,M,10th,Rodriguez High School,99,85
26150,Steven Combs,M,10th,Rodriguez High School,75,84
26151,Christopher Rose,M,12th,Rodriguez High School,85,60
26152,Melissa Hudson,F,10th,Rodriguez High School,80,64
26153,Brian Sanchez,M,10th,Rodriguez High School,83,57
26154,Jodi Wright,F,9th,Rodriguez High School,65,95
26155,Suzanne Vaughn,F,12th,Rodriguez High School,64,68
26156,Michelle Taylor,F,9th,Rodriguez High School,63,69
26157,Clinton Burton,M,10th,Rodriguez High School,86,96
26158,Darlene Harrell,F,10th,Rodriguez High School,73,76
26159,Angela Williams,F,10th,Rodriguez High School,96,92
26160,Steven Wilcox,M,9th,Rodriguez High School,68,95
26161,Rachel Ford,F,9th,Rodriguez High School,67,97
26162,Robert Ellis,M,9th,Rodriguez High School,93,99
26163,Jordan Weeks,M,10th,Rodriguez High School,66,59
26164,Bruce Perry,M,10th,Rodriguez High School,98,84
26165,Justin Aguilar,M,12th,Rodriguez High School,88,98
26166,David Cooper,M,9th,Rodriguez High School,78,63
26167,Richard Ware,M,9th,Rodriguez High School,89,88
26168,William Arnold,M,12th,Rodriguez High School,70,94
26169,Briana Rodriguez,F,10th,Rodriguez High School,71,89
26170,Kyle Cunningham,M,11th,Rodriguez High School,69,58
26171,Kelly Morales,F,9th,Rodriguez High School,65,66
26172,Regina Lopez,F,10th,Rodriguez High School,81,73
26173,Michael Delgado,M,9th,Rodriguez High School,72,87
26174,Fred Frederick,M,9th,Rodriguez High School,99,58
26175,Ryan Fisher,M,10th,Rodriguez High School,84,89
26176,Andrew Cole,M,11th,Rodriguez High School,76,59
26177,Jennifer Davis,F,9th,Rodriguez High School,73,94
26178,Lawrence Gomez,M,9th,Rodriguez High School,66,56
26179,Veronica Merritt,F,9th,Rodriguez High School,72,97
26180,Frank Camacho,M,9th,Rodriguez High School,67,69
26181,Tracy Boyd,F,11th,Rodriguez High School,89,80
26182,Jeanne Smith,F,10th,Rodriguez High School,72,94
26183,Ruben Mcdowell,M,9th,Rodriguez High School,70,80
26184,Michael Hall,M,11th,Rodriguez High School,78,56
26185,Joseph Bennett,M,11th,Rodriguez High School,80,74
26186,Caleb Ball,M,9th,Rodriguez High School,96,65
26187,Joseph Campbell,M,11th,Rodriguez High School,82,80
26188,Jennifer Sanders,F,9th,Rodriguez High School,82,71
26189,Madeline Ortiz,F,11th,Rodriguez High School,97,89
26190,Amber Banks,F,9th,Rodriguez High School,75,66
26191,Erin Clark,F,11th,Rodriguez High School,81,94
26192,Shelia Rodriguez,F,11th,Rodriguez High School,69,75
26193,Tim Bradley,M,11th,Rodriguez High School,98,82
26194,Benjamin Ross,M,10th,Rodriguez High School,85,97
26195,James Chapman,M,12th,Rodriguez High School,97,62
26196,Tony Davidson,M,9th,Rodriguez High School,86,90
26197,James Thompson,M,9th,Rodriguez High School,81,70
26198,Vincent Harris,M,11th,Rodriguez High School,73,60
26199,Kayla Stafford,F,10th,Rodriguez High School,74,76
26200,Jeffrey Barnes,M,12th,Rodriguez High School,91,94
26201,Maria Robinson,F,9th,Rodriguez High School,90,76
26202,Tanya Herrera,F,10th,Rodriguez High School,66,76
26203,Michelle Luna,F,11th,Rodriguez High School,73,75
26204,Autumn Kirby,F,12th,Rodriguez High School,71,73
26205,Fernando Mann,M,12th,Rodriguez High School,80,68
26206,Jeremy Perez,M,11th,Rodriguez High School,94,87
26207,Michael Lynch,M,11th,Rodriguez High School,65,78
26208,Benjamin Morgan,M,9th,Rodriguez High School,99,83
26209,Johnny Mcclain,M,12th,Rodriguez High School,92,97
26210,Amanda Waller,F,9th,Rodriguez High School,84,97
26211,Tina Rojas,F,10th,Rodriguez High School,89,67
26212,Ryan Hansen,M,10th,Rodriguez High School,97,82
26213,Emily Shannon,F,12th,Rodriguez High School,81,67
26214,Dominique Holmes,F,10th,Rodriguez High School,84,60
26215,Christopher Jackson,M,12th,Rodriguez High School,90,94
26216,Melissa Preston,F,10th,Rodriguez High School,97,69
26217,Amy Williams,F,12th,Rodriguez High School,68,58
26218,Tammy Turner,F,9th,Rodriguez High School,87,63
26219,Michael Owens,M,9th,Rodriguez High School,63,83
26220,Robert Schmitt,M,12th,Rodriguez High School,73,63
26221,Malik Torres,M,9th,Rodriguez High School,92,55
26222,Heather Young,F,10th,Rodriguez High School,98,62
26223,Olivia Smith,F,9th,Rodriguez High School,80,78
26224,Yesenia Smith,F,9th,Rodriguez High School,76,86
26225,Lorraine Ramos,F,10th,Rodriguez High School,82,95
26226,April Hill,F,9th,Rodriguez High School,88,85
26227,Sarah Smith,F,11th,Rodriguez High School,94,90
26228,Peter Carlson,M,11th,Rodriguez High School,79,78
26229,Susan Horn,F,10th,Rodriguez High School,89,89
26230,Amber Porter,F,11th,Rodriguez High School,93,74
26231,Joseph Perez,M,11th,Rodriguez High School,79,79
26232,Marcus Munoz,M,11th,Rodriguez High School,66,98
26233,Jeffrey Lopez,M,10th,Rodriguez High School,81,97
26234,Devin Luna,M,9th,Rodriguez High School,91,92
26235,Ariel Gillespie,F,9th,Rodriguez High School,77,73
26236,Michael Powers,M,10th,Rodriguez High School,73,66
26237,Virginia Evans,F,11th,Rodriguez High School,98,75
26238,Curtis Villanueva,M,10th,Rodriguez High School,82,57
26239,Blake Banks,M,10th,Rodriguez High School,76,98
26240,James Perry,M,11th,Rodriguez High School,74,78
26241,Stacey Jordan,F,9th,Rodriguez High School,86,64
26242,Brett Hanson,M,10th,Rodriguez High School,65,99
26243,Jamie Long,F,11th,Rodriguez High School,94,85
26244,Mark Mora,M,9th,Rodriguez High School,99,74
26245,Jerry Wells,M,12th,Rodriguez High School,93,55
26246,Jacob Davis,M,12th,Rodriguez High School,71,71
26247,Anthony Greene,M,11th,Rodriguez High School,72,88
26248,Richard Hernandez,M,9th,Rodriguez High School,69,90
26249,Deanna Perez,F,9th,Rodriguez High School,86,89
26250,Jamie Gardner,F,9th,Rodriguez High School,74,74
26251,Charles Hernandez,M,11th,Rodriguez High School,89,68
26252,Jeffrey Guzman,M,11th,Rodriguez High School,95,73
26253,Andrew Santiago,M,9th,Rodriguez High School,87,58
26254,Patrick Evans,M,11th,Rodriguez High School,65,76
26255,Tiffany Harrell,F,9th,Rodriguez High School,92,81
26256,Denise Murray,F,12th,Rodriguez High School,85,67
26257,Kurt Gray,M,9th,Rodriguez High School,85,66
26258,Ian Fitzgerald,M,9th,Rodriguez High School,92,63
26259,Cassidy Perez,F,11th,Rodriguez High School,78,92
26260,John Dyer,M,9th,Rodriguez High School,65,58
26261,John Wilcox,M,11th,Rodriguez High School,66,71
26262,Kim Brown,F,10th,Rodriguez High School,81,59
26263,Jennifer Schmitt,F,10th,Rodriguez High School,68,85
26264,Alexandra Williams,F,9th,Rodriguez High School,63,98
26265,Samantha Williamson,F,12th,Rodriguez High School,82,95
26266,Laura Rodriguez,F,12th,Rodriguez High School,81,61
26267,Brianna Ingram,F,12th,Rodriguez High School,97,98
26268,Jason Mosley,M,9th,Rodriguez High School,69,85
26269,Matthew Barnes,M,9th,Rodriguez High School,68,56
26270,Lindsey Morton,F,10th,Rodriguez High School,84,89
26271,Jeffery Brown ,M,10th,Rodriguez High School,63,84
26272,Larry Taylor,M,10th,Rodriguez High School,86,77
26273,Paul Cox ,M,9th,Rodriguez High School,88,84
26274,Kenneth Blair,M,10th,Rodriguez High School,85,73
26275,Andrea Holt,F,12th,Rodriguez High School,80,94
26276,Henry Hamilton,M,9th,Rodriguez High School,85,79
26277,Vanessa Hurst,F,10th,Rodriguez High School,95,71
26278,Jeffrey Rogers,M,10th,Rodriguez High School,79,65
26279,Danny Wilson,M,10th,Rodriguez High School,98,69
26280,Seth Harding,M,11th,Rodriguez High School,78,64
26281,David Warner,M,12th,Rodriguez High School,68,69
26282,Paul Figueroa,M,9th,Rodriguez High School,69,72
26283,Jenna Hill,F,10th,Rodriguez High School,76,69
26284,Alexander Meyers,M,12th,Rodriguez High School,64,59
26285,Cory Cline,M,9th,Rodriguez High School,66,91
26286,Ashley Hansen,F,9th,Rodriguez High School,78,85
26287,Javier Griffin,M,9th,Rodriguez High School,83,82
26288,Jessica Martinez,F,12th,Rodriguez High School,83,55
26289,Natasha Kemp,F,11th,Rodriguez High School,91,70
26290,Nathan Fernandez,M,12th,Rodriguez High School,78,66
26291,Matthew Davis,M,11th,Rodriguez High School,90,61
26292,Michael Price,M,11th,Rodriguez High School,75,88
26293,Todd Santos,M,11th,Rodriguez High School,84,75
26294,Joshua Walker,M,11th,Rodriguez High School,69,86
26295,Jillian Taylor,F,9th,Rodriguez High School,85,74
26296,Johnny Khan,M,10th,Rodriguez High School,81,80
26297,Marc Wiley,M,9th,Rodriguez High School,95,69
26298,Anna Rodriguez,F,9th,Rodriguez High School,80,55
26299,Brandon Cooper,M,11th,Rodriguez High School,89,80
26300,Jamie Bates,F,11th,Rodriguez High School,78,59
26301,Lisa Gonzalez,F,11th,Rodriguez High School,81,57
26302,James Miller,M,10th,Rodriguez High School,97,64
26303,Robert Page,M,12th,Rodriguez High School,88,76
26304,Rachel Klein,F,11th,Rodriguez High School,78,56
26305,Mike Sanders,M,11th,Rodriguez High School,86,77
26306,Whitney Garcia,F,9th,Rodriguez High School,76,63
26307,Kimberly Potter,F,11th,Rodriguez High School,84,89
26308,Nathan Hodges,M,11th,Rodriguez High School,99,95
26309,Stephanie Simmons,F,9th,Rodriguez High School,65,71
26310,Kelly Simon,M,12th,Rodriguez High School,88,81
26311,Sean Williamson,M,12th,Rodriguez High School,92,87
26312,Rebecca Long,F,10th,Rodriguez High School,97,56
26313,Melissa Young,F,9th,Rodriguez High School,83,68
26314,Dominique Villarreal,F,11th,Rodriguez High School,88,83
26315,Angela Elliott,F,11th,Rodriguez High School,66,65
26316,Michael Buckley,M,12th,Rodriguez High School,88,89
26317,Norma Haynes,F,12th,Rodriguez High School,97,84
26318,Tanner Robinson,M,9th,Rodriguez High School,97,92
26319,Brittany Navarro,F,11th,Rodriguez High School,83,59
26320,Kristine Smith,F,9th,Rodriguez High School,69,73
26321,Daniel Anderson,M,10th,Rodriguez High School,69,71
26322,Kendra Bell,F,9th,Rodriguez High School,85,94
26323,Alex Fowler,M,11th,Rodriguez High School,66,66
26324,Linda Garcia,F,11th,Rodriguez High School,94,72
26325,James Lawson,M,11th,Rodriguez High School,69,81
26326,Mark Ibarra,M,9th,Rodriguez High School,94,58
26327,Sharon Castaneda,F,10th,Rodriguez High School,77,65
26328,Thomas Myers,M,11th,Rodriguez High School,81,68
26329,Jordan Webster,M,12th,Rodriguez High School,75,72
26330,Shawn Foley,M,9th,Rodriguez High School,84,80
26331,Sheena Smith,F,11th,Rodriguez High School,63,70
26332,Margaret Williams,F,9th,Rodriguez High School,98,67
26333,Richard Rodriguez,M,9th,Rodriguez High School,89,75
26334,Michelle Parker,F,10th,Rodriguez High School,87,93
26335,Elizabeth Ford,F,12th,Rodriguez High School,72,61
26336,Tara Fitzgerald,F,10th,Rodriguez High School,69,91
26337,Joseph Espinoza,M,9th,Rodriguez High School,96,65
26338,Kyle Valenzuela,M,12th,Rodriguez High School,86,73
26339,Lauren Rasmussen,F,11th,Rodriguez High School,82,92
26340,Philip Ramsey,M,10th,Rodriguez High School,66,84
26341,Gary Scott,M,12th,Rodriguez High School,77,70
26342,Matthew Spencer,M,9th,Rodriguez High School,92,61
26343,Colin Weeks,M,9th,Rodriguez High School,75,86
26344,Derek Davis,M,9th,Rodriguez High School,78,72
26345,James Hill,M,9th,Rodriguez High School,89,97
26346,Christina Baldwin,F,10th,Rodriguez High School,82,64
26347,Kerry Parker,M,9th,Rodriguez High School,67,55
26348,Jeremy Mckenzie,M,10th,Rodriguez High School,84,64
26349,Tanner Jennings,M,9th,Rodriguez High School,81,70
26350,Brian Burns,M,11th,Rodriguez High School,98,73
26351,Brenda Torres,F,10th,Rodriguez High School,88,65
26352,David Bishop,M,9th,Rodriguez High School,87,63
26353,Margaret Miller,F,11th,Rodriguez High School,81,63
26354,Debbie Medina,F,10th,Rodriguez High School,99,57
26355,Melissa Lane,F,11th,Rodriguez High School,79,84
26356,Daniel Ford,M,10th,Rodriguez High School,81,56
26357,Marcus Hardy,M,9th,Rodriguez High School,92,58
26358,Dylan Watts,M,12th,Rodriguez High School,67,76
26359,Mark Ballard,M,11th,Rodriguez High School,71,93
26360,Jessica Cole,F,10th,Rodriguez High School,64,94
26361,Katherine Hunt,F,11th,Rodriguez High School,71,99
26362,Jonathan Vasquez,M,9th,Rodriguez High School,97,60
26363,Eric West,M,9th,Rodriguez High School,94,85
26364,Theresa Oneill,F,11th,Rodriguez High School,66,65
26365,Lisa Ramos,F,9th,Rodriguez High School,85,66
26366,Ronald Palmer,M,11th,Rodriguez High School,77,74
26367,Margaret Bowers,F,11th,Rodriguez High School,82,67
26368,Jeremy Thompson,M,10th,Rodriguez High School,68,97
26369,Jessica Davis,F,12th,Rodriguez High School,67,72
26370,Jasmine Austin,F,11th,Rodriguez High School,78,74
26371,Travis Dennis,M,12th,Rodriguez High School,73,89
26372,Carol Sutton,F,11th,Rodriguez High School,69,83
26373,Jonathan Watts,M,12th,Rodriguez High School,89,62
26374,Anthony Andrews,M,10th,Rodriguez High School,67,57
26375,Andrew Jenkins,M,10th,Rodriguez High School,73,82
26376,Paula Avery,F,10th,Rodriguez High School,66,73
26377,Melissa Jacobs,F,12th,Rodriguez High School,99,89
26378,Anna Anderson,F,9th,Rodriguez High School,92,66
26379,Kurt Jones,M,9th,Rodriguez High School,96,83
26380,Teresa Atkinson,F,10th,Rodriguez High School,91,83
26381,Robert Bond,M,9th,Rodriguez High School,84,94
26382,Christopher Avila,M,12th,Rodriguez High School,99,66
26383,Lori Stewart,F,11th,Rodriguez High School,70,79
26384,Ronald Watts,M,12th,Rodriguez High School,96,99
26385,Tiffany Jones,F,12th,Rodriguez High School,90,82
26386,Benjamin Morton,M,12th,Rodriguez High School,75,75
26387,Kayla Parks,F,11th,Rodriguez High School,70,77
26388,Margaret Gilmore,F,11th,Rodriguez High School,99,57
26389,Paula Allen,F,10th,Rodriguez High School,93,62
26390,Megan Woodard,F,9th,Rodriguez High School,68,55
26391,Mrs. Angela Williams,F,9th,Rodriguez High School,78,69
26392,Robert Salazar,M,10th,Rodriguez High School,87,75
26393,Katrina Yang,F,12th,Rodriguez High School,74,94
26394,Sean Taylor,M,9th,Rodriguez High School,77,90
26395,Jennifer Johnson,F,12th,Rodriguez High School,88,60
26396,Patrick Cooper,M,9th,Rodriguez High School,66,88
26397,Candace Barnes,F,11th,Rodriguez High School,65,71
26398,Robert Chan,M,9th,Rodriguez High School,93,62
26399,Christopher Ramirez,M,10th,Rodriguez High School,70,82
26400,Cory Marshall II,M,11th,Rodriguez High School,93,77
26401,Adam Jenkins,M,10th,Rodriguez High School,84,58
26402,Clifford Holt,M,11th,Rodriguez High School,73,92
26403,Annette Moran,F,9th,Rodriguez High School,76,91
26404,Joseph Perry,M,10th,Rodriguez High School,64,58
26405,Lauren Wilson,F,10th,Rodriguez High School,71,75
26406,Patrick Nelson,M,9th,Rodriguez High School,84,96
26407,Yvonne Huynh,F,10th,Rodriguez High School,85,96
26408,Adam Carter,M,10th,Rodriguez High School,81,78
26409,Tiffany Park,F,9th,Rodriguez High School,85,91
26410,Anna Gonzales,F,12th,Rodriguez High School,82,64
26411,Cynthia Higgins,F,11th,Rodriguez High School,66,84
26412,Rebecca Freeman,F,10th,Rodriguez High School,76,76
26413,Janet Thompson,F,10th,Rodriguez High School,70,88
26414,Brittany Hicks,F,10th,Rodriguez High School,97,85
26415,Abigail Calhoun,F,12th,Rodriguez High School,95,55
26416,Lisa Rich,F,12th,Rodriguez High School,81,62
26417,Jamie Williams,M,9th,Rodriguez High School,89,74
26418,Jeffery Peters,M,10th,Rodriguez High School,88,61
26419,Traci Allen,F,9th,Rodriguez High School,67,76
26420,Gary Keith,M,11th,Rodriguez High School,84,86
26421,Brandy Martinez,F,9th,Rodriguez High School,90,77
26422,Christopher Todd,M,11th,Rodriguez High School,63,85
26423,Yvonne White,F,9th,Rodriguez High School,64,62
26424,Joseph Allen,M,11th,Rodriguez High School,65,99
26425,Mrs. Megan Clark ,F,11th,Rodriguez High School,73,79
26426,Alexis Banks,M,11th,Rodriguez High School,83,55
26427,Jennifer Cooper,F,10th,Rodriguez High School,87,90
26428,Christine Robinson,F,9th,Rodriguez High School,94,71
26429,Maxwell Foster,M,10th,Rodriguez High School,63,88
26430,Jenny Colon,F,11th,Rodriguez High School,67,92
26431,Samantha Banks,F,11th,Rodriguez High School,99,88
26432,Jorge Haney,M,12th,Rodriguez High School,68,84
26433,Kenneth Lane,M,12th,Rodriguez High School,85,94
26434,Danielle Sims,F,9th,Rodriguez High School,85,72
26435,Amy Owen,F,12th,Rodriguez High School,94,77
26436,Diane Parker,F,12th,Rodriguez High School,90,86
26437,Wendy Morse,F,10th,Rodriguez High School,83,85
26438,Theresa Harrell,F,9th,Rodriguez High School,81,91
26439,Parker Pineda,M,11th,Rodriguez High School,63,90
26440,Teresa Wright,F,12th,Rodriguez High School,73,65
26441,Tabitha Ward,F,12th,Rodriguez High School,77,81
26442,Gary Rush,M,12th,Rodriguez High School,70,95
26443,Jennifer Hogan ,F,9th,Rodriguez High School,93,85
26444,Lucas Johnson,M,9th,Rodriguez High School,99,64
26445,Jason Wagner,M,9th,Rodriguez High School,88,68
26446,Laura Knox,F,10th,Rodriguez High School,73,98
26447,Darryl Cantrell,M,9th,Rodriguez High School,94,70
26448,William Johnson,M,12th,Rodriguez High School,77,61
26449,Anthony Welch,M,12th,Rodriguez High School,67,95
26450,Joshua Alexander,M,12th,Rodriguez High School,89,59
26451,Jeffrey Reed,M,10th,Rodriguez High School,92,87
26452,Tony Stanley,M,12th,Rodriguez High School,63,78
26453,David Escobar,M,10th,Rodriguez High School,68,66
26454,Alan Guzman,M,10th,Rodriguez High School,79,86
26455,Eugene Ruiz,M,10th,Rodriguez High School,76,86
26456,Anita Smith,F,12th,Rodriguez High School,76,59
26457,Ruth Smith,F,10th,Rodriguez High School,78,64
26458,Blake Patel,M,12th,Rodriguez High School,96,64
26459,Brandon Campbell,M,11th,Rodriguez High School,82,97
26460,Ellen Vaughn,F,9th,Rodriguez High School,70,56
26461,George Jackson,M,9th,Rodriguez High School,88,68
26462,Tamara Ayers,F,11th,Rodriguez High School,63,95
26463,Brandon Levy,M,10th,Rodriguez High School,86,71
26464,Justin Douglas,M,12th,Rodriguez High School,84,88
26465,Kristy Kramer,F,10th,Rodriguez High School,71,76
26466,Larry Rojas,M,9th,Rodriguez High School,83,95
26467,Michele Acevedo,F,9th,Rodriguez High School,73,76
26468,Phillip Barnett,M,11th,Rodriguez High School,85,94
26469,Robert Vasquez,M,10th,Rodriguez High School,91,60
26470,Bruce Love,M,12th,Rodriguez High School,73,77
26471,Ruth George,F,11th,Rodriguez High School,98,57
26472,Christy Lang,F,9th,Rodriguez High School,73,99
26473,Larry Nguyen,M,10th,Rodriguez High School,79,98
26474,Kendra Huber,F,9th,Rodriguez High School,74,90
26475,Debra Sanders,F,9th,Rodriguez High School,70,82
26476,Rebecca Wright,F,12th,Rodriguez High School,72,63
26477,Brandon Gilbert,M,9th,Rodriguez High School,85,65
26478,Andrew Haynes,M,11th,Rodriguez High School,67,81
26479,Danielle James,F,9th,Rodriguez High School,72,85
26480,Natalie Davis ,F,10th,Rodriguez High School,81,95
26481,Daniel Wilson,M,12th,Rodriguez High School,66,80
26482,Melissa Savage,F,11th,Rodriguez High School,72,89
26483,Kenneth Wilson,M,11th,Rodriguez High School,82,64
26484,Felicia Webb,F,12th,Rodriguez High School,99,55
26485,Brian Rice,M,12th,Rodriguez High School,99,65
26486,Christina Johnson,F,10th,Rodriguez High School,98,67
26487,Kristen Hatfield,F,11th,Rodriguez High School,82,68
26488,Michael Gonzales,M,11th,Rodriguez High School,92,65
26489,James Salazar,M,9th,Rodriguez High School,87,81
26490,Joshua Williams,M,11th,Rodriguez High School,90,70
26491,Charles Hahn,M,9th,Rodriguez High School,78,68
26492,Allen Smith,M,11th,Rodriguez High School,65,78
26493,Stephanie Michael,F,12th,Rodriguez High School,99,70
26494,Dawn Lara,F,10th,Rodriguez High School,87,59
26495,Amanda Duran,F,9th,Rodriguez High School,89,74
26496,James Smith,M,9th,Rodriguez High School,99,95
26497,Sarah Johnson,F,9th,Rodriguez High School,82,98
26498,Brittany Allen,F,12th,Rodriguez High School,91,85
26499,Sharon Marquez,F,9th,Rodriguez High School,94,93
26500,Jeffrey Simpson,M,9th,Rodriguez High School,69,64
26501,Daniel Vaughan,M,11th,Rodriguez High School,78,57
26502,Robert Morris,M,11th,Rodriguez High School,67,98
26503,David Tucker,M,10th,Rodriguez High School,69,61
26504,Keith Fletcher,M,12th,Rodriguez High School,69,89
26505,Holly Bell,F,11th,Rodriguez High School,66,81
26506,Mark Adams,M,9th,Rodriguez High School,78,81
26507,Kimberly Evans,F,12th,Rodriguez High School,90,82
26508,Hannah Peters,F,10th,Rodriguez High School,96,87
26509,Louis Leonard,M,9th,Rodriguez High School,79,80
26510,Jeremy Mooney,M,10th,Rodriguez High School,76,72
26511,David Gomez,M,11th,Rodriguez High School,69,70
26512,Sean Craig,M,9th,Rodriguez High School,97,86
26513,Guy Morales,M,11th,Rodriguez High School,97,87
26514,Latasha Knight,F,11th,Rodriguez High School,89,68
26515,Kathryn Smith,F,10th,Rodriguez High School,93,68
26516,Joseph Quinn,M,9th,Rodriguez High School,93,70
26517,Shannon Benjamin,F,11th,Rodriguez High School,65,59
26518,Elizabeth Green,F,9th,Rodriguez High School,70,95
26519,Kerri Wade,F,11th,Rodriguez High School,88,83
26520,Susan Hatfield,F,11th,Rodriguez High School,80,69
26521,Melissa Wilson,F,11th,Rodriguez High School,84,93
26522,Laura Huang,F,11th,Rodriguez High School,73,62
26523,Madison Wheeler,F,9th,Rodriguez High School,66,94
26524,Aaron Hawkins,M,10th,Rodriguez High School,90,77
26525,Denise Cordova,F,11th,Rodriguez High School,77,84
26526,Colin Snyder,M,12th,Rodriguez High School,69,90
26527,Shawn Hurst,M,11th,Rodriguez High School,63,80
26528,Kimberly Smith,F,10th,Rodriguez High School,86,93
26529,Kevin Stewart,M,9th,Rodriguez High School,96,56
26530,Erin Duffy,F,9th,Rodriguez High School,66,87
26531,Ryan Taylor,M,10th,Rodriguez High School,88,88
26532,Raymond Byrd,M,11th,Rodriguez High School,68,70
26533,Samantha Malone,F,10th,Rodriguez High School,92,62
26534,Laura Roberts,F,9th,Rodriguez High School,77,85
26535,Justin Alvarez,M,10th,Rodriguez High School,76,97
26536,Kevin Gonzalez,M,11th,Rodriguez High School,81,87
26537,Nicole Garcia,F,10th,Rodriguez High School,83,86
26538,Carlos Wright,M,11th,Rodriguez High School,78,64
26539,Krystal Smith,F,11th,Rodriguez High School,75,75
26540,Jacqueline Hobbs,F,12th,Rodriguez High School,80,97
26541,Sherry Mccarthy,F,9th,Rodriguez High School,79,85
26542,Miguel Fisher,M,12th,Rodriguez High School,69,67
26543,Christie Morales,F,9th,Rodriguez High School,74,78
26544,Patrick Matthews,M,10th,Rodriguez High School,90,78
26545,Richard Perez,M,12th,Rodriguez High School,88,79
26546,Chase Burke,M,9th,Rodriguez High School,98,55
26547,Kim Hanna,F,10th,Rodriguez High School,67,93
26548,Jacob Bernard,M,11th,Rodriguez High School,72,74
26549,Paige Nguyen,F,10th,Rodriguez High School,98,77
26550,Anthony Brown,M,10th,Rodriguez High School,81,63
26551,Kristen Valencia,F,9th,Rodriguez High School,69,82
26552,Peter Moran,M,9th,Rodriguez High School,68,58
26553,Teresa Gomez,F,11th,Rodriguez High School,81,77
26554,Mckenzie Monroe,F,11th,Rodriguez High School,69,94
26555,Stephanie Delacruz,F,9th,Rodriguez High School,86,80
26556,Anna Guzman,F,12th,Rodriguez High School,69,79
26557,Sharon Allen,F,11th,Rodriguez High School,96,60
26558,Patricia Mitchell,F,9th,Rodriguez High School,74,85
26559,Joshua Gomez,M,10th,Rodriguez High School,84,61
26560,Ricky Cochran,M,10th,Rodriguez High School,68,76
26561,Joseph Spencer,M,12th,Rodriguez High School,79,77
26562,Virginia Simpson,F,9th,Rodriguez High School,82,72
26563,Sherri Klein,F,10th,Rodriguez High School,80,69
26564,Samantha Mccormick,F,11th,Rodriguez High School,64,84
26565,Justin Burch,M,9th,Rodriguez High School,75,83
26566,Jacqueline Dougherty,F,11th,Rodriguez High School,98,65
26567,Jay Howard,M,9th,Rodriguez High School,93,64
26568,Daniel Merritt,M,11th,Rodriguez High School,95,91
26569,Linda Bauer,F,10th,Rodriguez High School,79,72
26570,Dorothy Campbell,F,10th,Rodriguez High School,80,81
26571,Jeremy Santos,M,10th,Rodriguez High School,88,78
26572,Diana Poole,F,11th,Rodriguez High School,95,72
26573,Nathaniel Myers,M,12th,Rodriguez High School,98,83
26574,Brian Smith,M,9th,Rodriguez High School,74,62
26575,James Strong,M,11th,Rodriguez High School,99,79
26576,Kevin Adams,M,9th,Rodriguez High School,69,80
26577,Rachael Smith,F,10th,Rodriguez High School,83,67
26578,Linda Cole,F,10th,Rodriguez High School,87,97
26579,William Green,M,9th,Rodriguez High School,92,80
26580,Ryan Mccarty,M,11th,Rodriguez High School,86,69
26581,Cody Ortiz,M,9th,Rodriguez High School,86,67
26582,Stacy Huynh,F,11th,Rodriguez High School,97,99
26583,Corey Mathis,M,11th,Rodriguez High School,78,97
26584,Christina Henry,F,11th,Rodriguez High School,99,71
26585,Christopher Jensen,M,12th,Rodriguez High School,70,86
26586,Kayla Cuevas,F,10th,Rodriguez High School,68,60
26587,Samantha Murray,F,10th,Rodriguez High School,92,59
26588,Ian Williams,M,12th,Rodriguez High School,71,93
26589,Colleen Lara,F,12th,Rodriguez High School,88,79
26590,Amy Horton,F,12th,Rodriguez High School,65,79
26591,William Parker,M,10th,Rodriguez High School,70,84
26592,Virginia Wolf,F,11th,Rodriguez High School,84,95
26593,Joshua Thompson Jr.,M,12th,Rodriguez High School,68,96
26594,Thomas Sanchez,M,11th,Rodriguez High School,87,90
26595,Kathleen Robertson,F,9th,Rodriguez High School,63,84
26596,Mary Davis,F,11th,Rodriguez High School,96,92
26597,Michael Brown,M,10th,Rodriguez High School,93,85
26598,Patrick Mcintyre,M,10th,Rodriguez High School,72,79
26599,Elizabeth Ruiz,F,9th,Rodriguez High School,99,68
26600,Stephanie Morgan,F,9th,Rodriguez High School,69,76
26601,Eileen Logan,F,9th,Rodriguez High School,88,95
26602,Desiree Hogan,F,10th,Rodriguez High School,95,84
26603,Justin Ruiz,M,12th,Rodriguez High School,91,76
26604,Stephanie Allen,F,11th,Rodriguez High School,83,78
26605,Carl Woodard,M,10th,Rodriguez High School,92,74
26606,Timothy Leblanc,M,10th,Rodriguez High School,64,83
26607,Bryan Jordan,M,12th,Rodriguez High School,88,58
26608,Sean Garcia,M,10th,Rodriguez High School,95,99
26609,Oscar Oconnor,M,11th,Rodriguez High School,72,69
26610,Bradley Carroll,M,9th,Rodriguez High School,80,77
26611,Robert Hunt,M,10th,Rodriguez High School,66,78
26612,Kimberly Robertson,F,11th,Rodriguez High School,80,90
26613,Jean Hale,F,10th,Rodriguez High School,65,89
26614,Amanda Martin,F,10th,Rodriguez High School,74,86
26615,Chase Patrick,M,11th,Rodriguez High School,89,75
26616,Jonathan Mcgee,M,11th,Rodriguez High School,86,79
26617,Darren Mcpherson,M,10th,Rodriguez High School,76,93
26618,Carrie Jones,F,10th,Rodriguez High School,63,58
26619,Jason Brown,M,10th,Rodriguez High School,81,91
26620,David Smith,M,10th,Rodriguez High School,98,60
26621,Karen Barrera,F,12th,Rodriguez High School,89,84
26622,Martin Mays,M,12th,Rodriguez High School,92,89
26623,Stephen Pruitt,M,12th,Rodriguez High School,67,83
26624,Jenna Christensen,F,12th,Rodriguez High School,83,88
26625,Amanda Acosta,F,9th,Rodriguez High School,72,99
26626,Cheyenne Rodriguez,F,10th,Rodriguez High School,79,66
26627,Julia Miller,F,9th,Rodriguez High School,78,93
26628,Bradley Harper,M,9th,Rodriguez High School,90,93
26629,Caleb Brown,M,9th,Rodriguez High School,73,69
26630,Kathleen Turner,F,9th,Rodriguez High School,76,84
26631,Jason Campbell,M,10th,Rodriguez High School,69,88
26632,Sylvia Harris,F,12th,Rodriguez High School,82,66
26633,Anthony Romero,M,12th,Rodriguez High School,73,83
26634,Robert Dean,M,10th,Rodriguez High School,82,77
26635,Autumn Burke,F,9th,Rodriguez High School,65,70
26636,Ricardo Johnson,M,9th,Rodriguez High School,86,62
26637,Joshua Davis,M,9th,Rodriguez High School,68,88
26638,David Hines,M,11th,Rodriguez High School,64,85
26639,Christopher Williams,M,11th,Rodriguez High School,83,85
26640,Jacob Williams,M,10th,Rodriguez High School,78,91
26641,Heather Allen,F,12th,Rodriguez High School,89,77
26642,Steven Perez,M,12th,Rodriguez High School,98,73
26643,Michael Cline,M,11th,Rodriguez High School,76,88
26644,Matthew Hunt,M,10th,Rodriguez High School,68,75
26645,Shirley Miller,F,12th,Rodriguez High School,77,74
26646,Henry Le,M,9th,Rodriguez High School,76,83
26647,William Schultz,M,11th,Rodriguez High School,70,79
26648,Christina Richardson,F,9th,Rodriguez High School,73,94
26649,Tiffany Vargas,F,9th,Rodriguez High School,68,99
26650,Colton Garcia,M,10th,Rodriguez High School,93,73
26651,Robert Roman,M,12th,Rodriguez High School,75,59
26652,Shawn Davis,M,10th,Rodriguez High School,71,56
26653,Margaret Watson,F,10th,Rodriguez High School,64,62
26654,Anthony Miranda,M,10th,Rodriguez High School,82,60
26655,Mindy Taylor,F,11th,Rodriguez High School,83,67
26656,Jerome Harding,M,11th,Rodriguez High School,70,87
26657,James Leonard,M,12th,Rodriguez High School,81,96
26658,Nancy Stewart ,F,11th,Rodriguez High School,86,83
26659,Ricardo Rodriguez,M,11th,Rodriguez High School,76,80
26660,Joshua Smith,M,9th,Rodriguez High School,77,96
26661,Joseph Guzman,M,12th,Rodriguez High School,87,76
26662,Kevin Randall,M,9th,Rodriguez High School,71,72
26663,Dawn Hudson,F,11th,Rodriguez High School,78,72
26664,Matthew Green,M,11th,Rodriguez High School,69,93
26665,Brenda Gonzales,F,11th,Rodriguez High School,74,84
26666,Carol Weeks,F,10th,Rodriguez High School,65,83
26667,Jason Marsh,M,9th,Rodriguez High School,80,91
26668,Megan Miller,F,9th,Rodriguez High School,71,87
26669,Dustin Melton,M,10th,Rodriguez High School,97,77
26670,Beth Mack,F,9th,Rodriguez High School,95,65
26671,Hannah Lawrence,F,12th,Rodriguez High School,81,56
26672,Lawrence Marshall,M,12th,Rodriguez High School,81,78
26673,Katherine Richardson,F,11th,Rodriguez High School,95,71
26674,Clarence Kemp,M,12th,Rodriguez High School,97,80
26675,Robert Willis,M,11th,Rodriguez High School,64,75
26676,Elizabeth Jenkins,F,12th,Rodriguez High School,87,85
26677,Norma Williams,F,11th,Rodriguez High School,76,69
26678,Brian Glover,M,10th,Rodriguez High School,90,74
26679,Andrea Lane,F,10th,Rodriguez High School,76,67
26680,Anthony Rivas,M,9th,Rodriguez High School,83,61
26681,Katherine Green,F,12th,Rodriguez High School,80,94
26682,Edward Cohen,M,9th,Rodriguez High School,86,87
26683,Thomas Yoder,M,9th,Rodriguez High School,98,58
26684,Robert Cooper,M,10th,Rodriguez High School,63,75
26685,Wayne Taylor,M,10th,Rodriguez High School,99,77
26686,Heather Wilson,F,11th,Rodriguez High School,85,67
26687,Laura Myers,F,11th,Rodriguez High School,66,61
26688,Adam Wood,M,9th,Rodriguez High School,79,80
26689,Sara Lara,F,10th,Rodriguez High School,85,70
26690,Wendy Lopez,F,12th,Rodriguez High School,92,69
26691,Kathryn Tucker,F,9th,Rodriguez High School,99,61
26692,Paul Mitchell,M,11th,Rodriguez High School,95,67
26693,Darren Hubbard,M,10th,Rodriguez High School,93,86
26694,Candice Dixon,F,9th,Rodriguez High School,79,61
26695,Nancy Trujillo,F,10th,Rodriguez High School,63,91
26696,Katherine Hanna,F,10th,Rodriguez High School,85,93
26697,Kaitlyn Carter,F,9th,Rodriguez High School,71,95
26698,Linda Rodgers,F,9th,Rodriguez High School,88,58
26699,Chelsea Moore,F,12th,Rodriguez High School,90,93
26700,Zachary Winters,M,10th,Rodriguez High School,80,81
26701,Bryan Contreras,M,9th,Rodriguez High School,95,59
26702,Roberta Garcia ,F,12th,Rodriguez High School,68,95
26703,Michael Lee,M,10th,Rodriguez High School,88,63
26704,Andrea Perry,F,10th,Rodriguez High School,65,56
26705,Michaela Gardner,F,9th,Rodriguez High School,90,94
26706,Erin Conrad ,F,12th,Rodriguez High School,74,74
26707,Daniel Baker,M,9th,Rodriguez High School,92,68
26708,Heather Barton,F,10th,Rodriguez High School,87,58
26709,Daisy Sampson,F,9th,Rodriguez High School,74,85
26710,Chad Riley,M,11th,Rodriguez High School,76,80
26711,Melissa Cohen,F,10th,Rodriguez High School,98,85
26712,Kathryn Morgan,F,10th,Rodriguez High School,68,82
26713,Timothy Russell,M,12th,Rodriguez High School,96,59
26714,Megan Dominguez,F,11th,Rodriguez High School,74,59
26715,Andrea West,F,12th,Rodriguez High School,71,60
26716,Victoria Joyce,F,11th,Rodriguez High School,80,83
26717,David Aguirre,M,11th,Rodriguez High School,66,89
26718,Diana Fletcher,F,12th,Rodriguez High School,68,76
26719,Brian Powell,M,11th,Rodriguez High School,80,75
26720,Colleen Hoffman,F,12th,Rodriguez High School,86,76
26721,Natalie Cunningham,F,9th,Rodriguez High School,65,97
26722,Robin Montes,F,12th,Rodriguez High School,99,89
26723,Justin Wells,M,11th,Rodriguez High School,92,85
26724,Timothy Curry,M,11th,Rodriguez High School,69,64
26725,Karla Love,F,9th,Rodriguez High School,66,91
26726,Diamond Byrd,F,10th,Rodriguez High School,83,79
26727,Gary Washington,M,11th,Rodriguez High School,70,57
26728,Roger Hughes,M,10th,Rodriguez High School,82,68
26729,Melanie Aguirre,F,10th,Rodriguez High School,66,57
26730,Katherine King,F,9th,Rodriguez High School,65,78
26731,Kurt Wilson,M,11th,Rodriguez High School,77,92
26732,Dennis English,M,11th,Rodriguez High School,70,77
26733,Brittany Johnson,F,11th,Rodriguez High School,87,77
26734,Andre Gray,M,10th,Rodriguez High School,67,58
26735,Christopher Strickland,M,10th,Rodriguez High School,70,99
26736,Mike Diaz,M,10th,Rodriguez High School,96,58
26737,Lisa Simmons,F,11th,Rodriguez High School,92,76
26738,Kathy Parrish,F,11th,Rodriguez High School,97,55
26739,Gregory Woodard,M,12th,Rodriguez High School,82,72
26740,Ryan Cox,M,9th,Rodriguez High School,88,92
26741,Richard Mack,M,11th,Rodriguez High School,97,96
26742,Jillian Knapp,F,12th,Rodriguez High School,82,74
26743,Bonnie Cunningham,F,12th,Rodriguez High School,64,97
26744,Cassandra Howell,F,12th,Rodriguez High School,70,93
26745,Jennifer Meyers,F,11th,Rodriguez High School,85,64
26746,Brian Strong,M,9th,Rodriguez High School,68,73
26747,Michael Morgan,M,10th,Rodriguez High School,83,93
26748,Nancy Nielsen,F,12th,Rodriguez High School,72,92
26749,Cindy Marshall,F,9th,Rodriguez High School,99,92
26750,Christina Alvarez,F,11th,Rodriguez High School,63,66
26751,Luke Foster,M,9th,Rodriguez High School,66,87
26752,John Everett,M,10th,Rodriguez High School,76,58
26753,Dalton Mooney,M,11th,Rodriguez High School,78,63
26754,Megan Rollins,F,11th,Rodriguez High School,84,74
26755,Carlos Wood,M,9th,Rodriguez High School,83,92
26756,Taylor English,M,11th,Rodriguez High School,74,57
26757,Alex Taylor,M,9th,Rodriguez High School,65,80
26758,Brandon Hill,M,12th,Rodriguez High School,96,71
26759,Jamie Nunez,F,9th,Rodriguez High School,67,66
26760,Megan Koch,F,12th,Rodriguez High School,67,72
26761,Justin White,M,9th,Rodriguez High School,89,60
26762,Charles Trevino,M,12th,Rodriguez High School,73,88
26763,Eric Smith,M,10th,Rodriguez High School,87,90
26764,Jermaine Martinez,M,11th,Rodriguez High School,78,65
26765,Mary Gibson,F,10th,Rodriguez High School,85,94
26766,Linda Mcknight,F,11th,Rodriguez High School,93,60
26767,Mary Norman,F,11th,Rodriguez High School,78,59
26768,Andrew Johnson,M,12th,Rodriguez High School,76,95
26769,Tina White PhD,F,9th,Rodriguez High School,97,85
26770,Christopher Murray,M,10th,Rodriguez High School,95,59
26771,Jeffrey Gardner,M,11th,Rodriguez High School,77,71
26772,Leslie Wright ,F,9th,Rodriguez High School,78,86
26773,Julia Stone,F,11th,Rodriguez High School,73,73
26774,Julie Gonzales,F,9th,Rodriguez High School,81,90
26775,Rodney Mcgee,M,11th,Rodriguez High School,71,95
26776,Julie Baker,F,11th,Rodriguez High School,84,61
26777,Kim Brown,F,10th,Rodriguez High School,80,97
26778,Lorraine Rodriguez,F,12th,Rodriguez High School,71,62
26779,Austin Schwartz,M,12th,Rodriguez High School,89,66
26780,Kaitlyn Phillips,F,10th,Rodriguez High School,69,88
26781,Alyssa Williams,F,11th,Rodriguez High School,97,76
26782,Anthony Moyer,M,11th,Rodriguez High School,96,94
26783,Robert Ford,M,10th,Rodriguez High School,92,81
26784,Donald Goodman,M,11th,Rodriguez High School,95,94
26785,Lauren Cox,F,10th,Rodriguez High School,76,91
26786,Zachary Rodriguez,M,9th,Rodriguez High School,78,92
26787,Sarah West,F,11th,Rodriguez High School,94,97
26788,Katherine Hodge,F,9th,Rodriguez High School,74,89
26789,Rachael Turner,F,11th,Rodriguez High School,86,96
26790,Hailey Castro,F,12th,Rodriguez High School,88,59
26791,Lauren Mathews,F,11th,Rodriguez High School,67,62
26792,Jamie Singh,M,11th,Rodriguez High School,91,72
26793,Kyle Ortiz,M,9th,Rodriguez High School,82,81
26794,Melody Walters,F,9th,Rodriguez High School,75,96
26795,Patricia Oneal,F,10th,Rodriguez High School,88,78
26796,Sharon Jones,F,9th,Rodriguez High School,63,68
26797,Roger Lindsey,M,12th,Rodriguez High School,70,71
26798,Alex Vasquez,M,9th,Rodriguez High School,87,84
26799,Carol Garcia,F,10th,Rodriguez High School,77,57
26800,Brittney Nunez,F,10th,Rodriguez High School,76,71
26801,Brian Harmon,M,12th,Rodriguez High School,87,57
26802,Linda Hall,F,10th,Rodriguez High School,80,92
26803,Steven Williams,M,12th,Rodriguez High School,76,72
26804,Daniel Turner,M,9th,Rodriguez High School,81,78
26805,Elizabeth Bishop,F,9th,Rodriguez High School,87,71
26806,Sarah Brown,F,12th,Rodriguez High School,81,92
26807,Cynthia Vang,F,10th,Rodriguez High School,96,85
26808,Danielle Jones,F,10th,Rodriguez High School,92,86
26809,Mrs. Susan Mccormick,F,10th,Rodriguez High School,96,60
26810,Kaitlin King,F,9th,Rodriguez High School,65,66
26811,Kenneth Cooke,M,12th,Rodriguez High School,86,91
26812,Teresa Matthews,F,10th,Rodriguez High School,98,88
26813,Ronald Collins,M,10th,Rodriguez High School,75,56
26814,Julie Haas,F,12th,Rodriguez High School,95,55
26815,Karen Haas,F,12th,Rodriguez High School,64,68
26816,Ashlee Lowe,F,10th,Rodriguez High School,76,73
26817,Lindsay Meyer,F,12th,Rodriguez High School,96,79
26818,Timothy Owens,M,11th,Rodriguez High School,96,59
26819,Amanda Adams,F,9th,Rodriguez High School,75,55
26820,Blake Robertson,M,10th,Rodriguez High School,67,65
26821,Christopher Davis,M,12th,Rodriguez High School,94,87
26822,Nicole Thompson,F,9th,Rodriguez High School,64,85
26823,Suzanne Hanna,F,11th,Rodriguez High School,86,59
26824,Mary Bailey,F,10th,Rodriguez High School,75,78
26825,Adam Weeks,M,9th,Rodriguez High School,91,86
26826,Heather Fisher,F,10th,Rodriguez High School,71,76
26827,Robert Davis,M,9th,Rodriguez High School,71,79
26828,Marvin Anderson,M,9th,Rodriguez High School,90,94
26829,Maria Robinson,F,9th,Rodriguez High School,82,55
26830,Andrea Fernandez,F,9th,Rodriguez High School,91,93
26831,Kenneth Fletcher,M,10th,Rodriguez High School,97,87
26832,Margaret Ross,F,11th,Rodriguez High School,80,88
26833,James Joyce,M,10th,Rodriguez High School,67,74
26834,Krista Smith,F,11th,Rodriguez High School,86,71
26835,Kathy Turner,F,9th,Rodriguez High School,78,69
26836,Cody Williamson,M,12th,Rodriguez High School,88,91
26837,Larry Bryant,M,10th,Rodriguez High School,66,85
26838,Nathan Hayes,M,10th,Rodriguez High School,74,89
26839,Maria Williams,F,10th,Rodriguez High School,87,59
26840,Elizabeth Ali,F,11th,Rodriguez High School,65,64
26841,James Phillips,M,10th,Rodriguez High School,94,81
26842,Gregory Bowen,M,12th,Rodriguez High School,63,80
26843,Mary Stephens,F,10th,Rodriguez High School,94,66
26844,Sophia Henderson,F,9th,Rodriguez High School,94,98
26845,Jay Higgins,M,9th,Rodriguez High School,87,74
26846,Amanda Wolf ,F,12th,Rodriguez High School,65,58
26847,Samantha Williams,F,11th,Rodriguez High School,81,88
26848,Dominique Vargas,F,12th,Rodriguez High School,86,77
26849,Regina Pittman,F,11th,Rodriguez High School,95,69
26850,Savannah Adams,F,9th,Rodriguez High School,81,61
26851,Joshua Smith,M,9th,Rodriguez High School,78,99
26852,Raymond Curry,M,12th,Rodriguez High School,84,86
26853,Jody Wells,F,12th,Rodriguez High School,74,97
26854,Michael Ramos,M,12th,Rodriguez High School,68,73
26855,Christopher Leon,M,10th,Rodriguez High School,98,72
26856,Mitchell Coleman,M,12th,Rodriguez High School,80,94
26857,Amanda Chapman,F,12th,Rodriguez High School,93,68
26858,Elijah Peck,M,11th,Rodriguez High School,79,57
26859,Tamara Ortiz,F,12th,Rodriguez High School,82,63
26860,Catherine Collins,F,9th,Rodriguez High School,63,56
26861,John Gilmore,M,12th,Rodriguez High School,72,68
26862,Sean Arroyo,M,11th,Rodriguez High School,83,99
26863,Charles Oconnor,M,9th,Rodriguez High School,93,97
26864,Darren Hawkins,M,10th,Rodriguez High School,80,56
26865,Jeffrey Hernandez,M,10th,Rodriguez High School,87,65
26866,Amy Young,F,9th,Rodriguez High School,80,63
26867,Bruce Solis,M,10th,Rodriguez High School,84,63
26868,Kim Owen,F,12th,Rodriguez High School,65,89
26869,Kaitlyn Moon,F,12th,Rodriguez High School,84,75
26870,Tammy Sloan,F,10th,Rodriguez High School,87,63
26871,Bethany Ross,F,9th,Rodriguez High School,94,62
26872,Brian Taylor,M,12th,Rodriguez High School,96,64
26873,Valerie Martinez,F,10th,Rodriguez High School,84,55
26874,Timothy Ford,M,9th,Rodriguez High School,77,74
26875,James Freeman,M,9th,Rodriguez High School,84,64
26876,Ryan Hall,M,11th,Rodriguez High School,79,98
26877,Megan Lin,F,12th,Rodriguez High School,97,73
26878,Jacqueline Rodriguez,F,10th,Rodriguez High School,95,77
26879,Jake Williams,M,12th,Rodriguez High School,85,75
26880,Ronald Martin,M,10th,Rodriguez High School,86,78
26881,Chris Martinez,M,11th,Rodriguez High School,82,80
26882,George Dawson,M,12th,Rodriguez High School,70,55
26883,James Walker,M,10th,Rodriguez High School,71,63
26884,Christina Reeves,F,10th,Rodriguez High School,63,92
26885,Bradley Perez,M,9th,Rodriguez High School,77,93
26886,Wayne Costa,M,12th,Rodriguez High School,98,94
26887,Amy Morris,F,12th,Rodriguez High School,64,62
26888,Samantha Lewis,F,12th,Rodriguez High School,97,88
26889,Kathleen Ellis,F,10th,Rodriguez High School,97,98
26890,Jennifer Anderson,F,9th,Rodriguez High School,94,56
26891,Christy Harris,F,12th,Rodriguez High School,87,98
26892,Diane Ramirez,F,11th,Rodriguez High School,83,88
26893,Kevin Lowery,M,11th,Rodriguez High School,80,82
26894,James Roth,M,9th,Rodriguez High School,89,70
26895,Anthony Jenkins,M,10th,Rodriguez High School,89,74
26896,Susan Norris,F,12th,Rodriguez High School,93,85
26897,Michael Rios,M,9th,Rodriguez High School,65,59
26898,Robert Jones,M,10th,Rodriguez High School,64,75
26899,Shelly Williams,F,10th,Rodriguez High School,77,76
26900,Daniel Herrera,M,11th,Rodriguez High School,87,87
26901,Wayne Smith,M,10th,Rodriguez High School,89,60
26902,Raymond Olson,M,9th,Rodriguez High School,77,75
26903,Kelly Jensen,F,9th,Rodriguez High School,86,72
26904,Maurice Rangel,M,9th,Rodriguez High School,92,78
26905,Emily Edwards,F,12th,Rodriguez High School,80,92
26906,Peter Mccoy,M,10th,Rodriguez High School,87,80
26907,William Higgins,M,11th,Rodriguez High School,89,67
26908,Sherri Rogers,F,11th,Rodriguez High School,74,91
26909,Robert Ross,M,10th,Rodriguez High School,88,98
26910,Anthony Lee,M,9th,Rodriguez High School,99,58
26911,Jennifer Robinson,F,11th,Rodriguez High School,79,88
26912,Bruce Weber,M,9th,Rodriguez High School,69,97
26913,Carrie Sanders,F,9th,Rodriguez High School,81,92
26914,Ryan Garza,M,11th,Rodriguez High School,95,69
26915,Sarah Reid,F,9th,Rodriguez High School,76,77
26916,Andre Washington,M,12th,Rodriguez High School,98,82
26917,Monica Hopkins,F,11th,Rodriguez High School,94,85
26918,Jacqueline Gilbert,F,12th,Rodriguez High School,80,84
26919,Robert Hubbard,M,11th,Rodriguez High School,81,73
26920,Jennifer Williams,F,11th,Rodriguez High School,67,69
26921,Jon Vazquez,M,9th,Rodriguez High School,75,94
26922,Virginia Villarreal,F,11th,Rodriguez High School,68,73
26923,Madeline Nicholson,F,11th,Rodriguez High School,80,89
26924,Angela Bright,F,9th,Rodriguez High School,98,66
26925,Alan Morris,M,11th,Rodriguez High School,84,72
26926,Whitney Martin,F,10th,Rodriguez High School,84,65
26927,Joshua Branch,M,9th,Rodriguez High School,83,89
26928,Ariel Lopez,F,9th,Rodriguez High School,70,82
26929,Jeremy Contreras,M,9th,Rodriguez High School,79,58
26930,Travis Fernandez,M,9th,Rodriguez High School,85,88
26931,Kenneth Chapman,M,10th,Rodriguez High School,94,61
26932,Joseph Salazar,M,9th,Rodriguez High School,89,87
26933,Travis Anderson,M,11th,Rodriguez High School,77,80
26934,Emma Robinson,F,9th,Rodriguez High School,78,61
26935,Michael Benson,M,11th,Rodriguez High School,72,91
26936,Ethan Mendez,M,10th,Rodriguez High School,89,99
26937,Kenneth Garcia,M,10th,Rodriguez High School,64,58
26938,Justin Stone,M,10th,Rodriguez High School,64,83
26939,Jessica Adams,F,12th,Rodriguez High School,85,87
26940,Dylan Foley ,M,9th,Rodriguez High School,72,79
26941,Alex Flowers,M,12th,Rodriguez High School,99,65
26942,Mason Gonzales,M,9th,Rodriguez High School,90,56
26943,Lance Stark,M,12th,Rodriguez High School,78,98
26944,Victoria Moore,F,10th,Rodriguez High School,73,61
26945,Joseph Turner,M,9th,Rodriguez High School,65,57
26946,Alyssa Wilson,F,11th,Rodriguez High School,70,98
26947,Jeffery Williams,M,12th,Rodriguez High School,68,82
26948,Miguel Bell,M,11th,Rodriguez High School,75,96
26949,Matthew Kennedy,M,12th,Rodriguez High School,73,79
26950,Patrick Howe,M,9th,Rodriguez High School,93,91
26951,Michael Shepherd,M,10th,Rodriguez High School,78,76
26952,Patrick Harrison,M,10th,Rodriguez High School,87,74
26953,Nathan Morris,M,9th,Rodriguez High School,98,79
26954,Sarah Henderson,F,12th,Rodriguez High School,71,70
26955,Katie Williams,F,11th,Rodriguez High School,91,84
26956,Ronald Rivera,M,11th,Rodriguez High School,68,90
26957,Nathan Chen,M,11th,Rodriguez High School,84,87
26958,Kelly Shah,F,11th,Rodriguez High School,88,64
26959,Karen Perry,F,12th,Rodriguez High School,78,70
26960,Laura Harrison,F,10th,Rodriguez High School,87,92
26961,Ricky Murphy ,M,10th,Rodriguez High School,85,69
26962,Kimberly Rubio,F,10th,Rodriguez High School,88,91
26963,Deborah Thornton,F,10th,Rodriguez High School,88,59
26964,Elijah Anderson,M,9th,Rodriguez High School,67,92
26965,Olivia Hurley,F,11th,Rodriguez High School,79,60
26966,Christine Navarro,F,12th,Rodriguez High School,68,96
26967,Terry Anderson,M,12th,Rodriguez High School,86,76
26968,Ryan Dixon,M,11th,Rodriguez High School,88,74
26969,Janet Jones,F,11th,Rodriguez High School,78,94
26970,Samuel Walker,M,9th,Rodriguez High School,94,67
26971,Nicholas Long,M,9th,Rodriguez High School,98,84
26972,Tanya Bridges,F,10th,Rodriguez High School,76,70
26973,Jeff Ward,M,9th,Rodriguez High School,88,82
26974,Anthony Wilson,M,9th,Rodriguez High School,88,96
26975,Natalie Ross,F,10th,Rodriguez High School,72,65
26976,Gregory Case,M,12th,Rodriguez High School,78,83
26977,Daniel Harris,M,12th,Rodriguez High School,66,88
26978,David Brown,M,10th,Rodriguez High School,66,80
26979,Paul Wiggins,M,11th,Rodriguez High School,63,83
26980,David Dixon,M,10th,Rodriguez High School,93,65
26981,Jordan Mendez,M,11th,Rodriguez High School,98,95
26982,Marcus Harris,M,9th,Rodriguez High School,64,56
26983,Amanda Morris,F,9th,Rodriguez High School,94,77
26984,Amanda Santos,F,12th,Rodriguez High School,99,64
26985,Nathan Gutierrez,M,11th,Rodriguez High School,86,63
26986,Amy Case,F,10th,Rodriguez High School,90,75
26987,Monica Wells,F,9th,Rodriguez High School,94,96
26988,Monica Summers,F,12th,Rodriguez High School,88,91
26989,Justin Lindsey,M,10th,Rodriguez High School,86,75
26990,Eric Kelly,M,9th,Rodriguez High School,98,74
26991,Brooke Jackson,F,9th,Rodriguez High School,72,69
26992,Alexa Green,F,9th,Rodriguez High School,68,97
26993,Charles Roberts,M,10th,Rodriguez High School,97,96
26994,Stanley Johnson,M,11th,Rodriguez High School,76,76
26995,William Espinoza,M,10th,Rodriguez High School,94,78
26996,Misty Robinson,F,10th,Rodriguez High School,96,97
26997,Michelle Paul,F,9th,Rodriguez High School,95,95
26998,David Johnson,M,9th,Rodriguez High School,92,94
26999,Michelle Rodriguez,F,12th,Rodriguez High School,90,58
27000,Kenneth Brennan,M,9th,Rodriguez High School,98,80
27001,Jennifer Meyer,F,9th,Rodriguez High School,76,82
27002,Julia Hammond,F,12th,Rodriguez High School,78,93
27003,Sean Moore,M,10th,Rodriguez High School,71,56
27004,Kristen Dennis ,F,10th,Rodriguez High School,91,66
27005,John Rivera,M,12th,Rodriguez High School,85,67
27006,Phillip Bailey,M,12th,Rodriguez High School,71,80
27007,Tiffany Frey,F,10th,Rodriguez High School,81,84
27008,Jason Phillips,M,9th,Rodriguez High School,71,63
27009,Logan Warren,M,9th,Rodriguez High School,64,70
27010,Kelly Randall,F,11th,Rodriguez High School,77,71
27011,Michelle Watson,F,9th,Rodriguez High School,73,99
27012,Cindy Castro,F,10th,Rodriguez High School,79,94
27013,Caitlin Tyler,F,11th,Rodriguez High School,65,99
27014,Kathleen Ho,F,11th,Rodriguez High School,80,87
27015,Stephanie Nelson,F,11th,Rodriguez High School,95,86
27016,Paula Lewis,F,9th,Rodriguez High School,87,80
27017,Kathleen Baker,F,11th,Rodriguez High School,72,99
27018,Courtney Mcknight,F,10th,Rodriguez High School,90,94
27019,John Ramos,M,11th,Rodriguez High School,90,94
27020,Marcia Smith,F,11th,Rodriguez High School,76,94
27021,Cole Meadows,M,10th,Rodriguez High School,69,68
27022,Amy Owens,F,9th,Rodriguez High School,69,65
27023,Laura Morse,F,10th,Rodriguez High School,72,97
27024,Daniel Bowman,M,9th,Rodriguez High School,99,86
27025,Mitchell Love,M,10th,Rodriguez High School,76,78
27026,Michael Hodges,M,10th,Rodriguez High School,72,84
27027,Tyrone Hudson,M,12th,Rodriguez High School,69,89
27028,Sandra Burton,F,12th,Rodriguez High School,72,71
27029,Barry Walsh,M,10th,Rodriguez High School,81,83
27030,Eric Santos,M,12th,Rodriguez High School,77,95
27031,Casey Vang,M,11th,Rodriguez High School,99,92
27032,John Contreras,M,10th,Rodriguez High School,63,97
27033,Erin Mejia,F,10th,Rodriguez High School,72,92
27034,Wesley Pitts,M,9th,Rodriguez High School,86,83
27035,Dawn Webb,F,12th,Rodriguez High School,93,85
27036,Linda Perez,F,11th,Rodriguez High School,77,82
27037,Michael Rivas,M,10th,Rodriguez High School,92,86
27038,Autumn Stevenson,F,11th,Rodriguez High School,99,93
27039,Adam Hill,M,10th,Rodriguez High School,73,64
27040,Charles Chapman,M,12th,Rodriguez High School,97,84
27041,Matthew Taylor,M,10th,Rodriguez High School,86,68
27042,Carolyn Martinez,F,10th,Rodriguez High School,67,58
27043,Tamara Pierce,F,9th,Rodriguez High School,67,76
27044,Christina Coleman,F,11th,Rodriguez High School,85,72
27045,Brandy Lawson,F,10th,Rodriguez High School,71,65
27046,Sabrina Crawford,F,11th,Rodriguez High School,99,55
27047,Patricia Prince,F,9th,Rodriguez High School,85,66
27048,William Young ,M,9th,Rodriguez High School,65,63
27049,Christina Dean,F,11th,Rodriguez High School,88,59
27050,Jennifer Moore,F,10th,Rodriguez High School,72,75
27051,Hunter Hardy,M,11th,Rodriguez High School,72,55
27052,Kristina Cook,F,11th,Rodriguez High School,71,97
27053,Eric Baker,M,11th,Rodriguez High School,87,84
27054,Robert Adams,M,10th,Rodriguez High School,66,78
27055,Molly Schmidt,F,9th,Rodriguez High School,65,81
27056,William Wall,M,9th,Rodriguez High School,82,73
27057,Ricardo Harris,M,11th,Rodriguez High School,76,60
27058,Timothy Garcia,M,10th,Rodriguez High School,78,66
27059,Mary Bender,F,12th,Rodriguez High School,81,95
27060,Patricia Jackson,F,11th,Rodriguez High School,71,55
27061,Darlene Mckee,F,12th,Rodriguez High School,91,59
27062,Mary Newman,F,11th,Rodriguez High School,70,55
27063,Wayne Good,M,12th,Rodriguez High School,64,92
27064,Robert Davila,M,11th,Rodriguez High School,68,60
27065,Chad Smith,M,12th,Rodriguez High School,98,92
27066,Jeremiah Butler,M,12th,Rodriguez High School,73,83
27067,Nicholas Green,M,12th,Rodriguez High School,78,86
27068,Ashley Johnson,F,11th,Rodriguez High School,98,88
27069,Monique Contreras,F,12th,Rodriguez High School,77,90
27070,Brandi Manning,F,12th,Rodriguez High School,92,89
27071,Dominic Jimenez,M,12th,Rodriguez High School,97,68
27072,Kim Watson,F,10th,Rodriguez High School,82,58
27073,Jason Lane,M,9th,Rodriguez High School,67,66
27074,Jillian Hanson,F,12th,Rodriguez High School,64,80
27075,Jessica Gonzalez,F,9th,Rodriguez High School,70,58
27076,Gregory Johnson,M,12th,Rodriguez High School,79,82
27077,Stanley Allen,M,9th,Rodriguez High School,73,63
27078,Aaron Mitchell,M,12th,Rodriguez High School,93,57
27079,Wesley Cox,M,10th,Rodriguez High School,97,68
27080,Mrs. Kimberly Floyd ,F,11th,Rodriguez High School,96,57
27081,Timothy Brooks,M,12th,Rodriguez High School,65,89
27082,Carlos Cook,M,10th,Rodriguez High School,86,55
27083,Mary Francis,F,10th,Rodriguez High School,78,92
27084,Tracy Rodriguez,F,9th,Rodriguez High School,89,67
27085,Meghan Patel,F,9th,Rodriguez High School,73,98
27086,Molly Hartman,F,9th,Rodriguez High School,80,72
27087,Lori King,F,11th,Rodriguez High School,68,90
27088,Peter Jensen,M,12th,Rodriguez High School,92,56
27089,Robert Robbins,M,10th,Rodriguez High School,86,97
27090,Emily Vega,F,11th,Rodriguez High School,83,80
27091,Bruce Brown,M,10th,Rodriguez High School,65,69
27092,Alexis Perkins,F,9th,Rodriguez High School,88,77
27093,Elizabeth Boone,F,10th,Rodriguez High School,68,80
27094,Danielle Phillips,F,10th,Rodriguez High School,75,81
27095,Christina Lopez,F,9th,Rodriguez High School,98,95
27096,Robin Hansen,F,9th,Rodriguez High School,87,68
27097,Bradley Wells,M,12th,Rodriguez High School,72,66
27098,Taylor Spencer,F,9th,Rodriguez High School,85,61
27099,Keith Hayes,M,10th,Rodriguez High School,69,83
27100,Emily Smith,F,10th,Rodriguez High School,82,66
27101,John Ray,M,10th,Rodriguez High School,93,69
27102,Michael Ray,M,11th,Rodriguez High School,67,68
27103,Douglas Thomas,M,9th,Rodriguez High School,88,80
27104,James Stafford,M,11th,Rodriguez High School,93,83
27105,Peter Thomas,M,9th,Rodriguez High School,66,77
27106,Ashley Monroe,F,12th,Rodriguez High School,64,85
27107,Mrs. Samantha Jackson,F,10th,Rodriguez High School,74,56
27108,Angel Watson,F,11th,Rodriguez High School,97,87
27109,Marie Powell,F,11th,Rodriguez High School,66,57
27110,Destiny Brown,F,9th,Rodriguez High School,93,71
27111,Catherine Wright,F,12th,Rodriguez High School,69,79
27112,Jacob Delacruz,M,9th,Rodriguez High School,67,99
27113,Emily Jones,F,9th,Rodriguez High School,87,93
27114,Samuel Berry,M,9th,Rodriguez High School,67,66
27115,Kylie Jordan,F,11th,Rodriguez High School,88,82
27116,Jennifer Roberts,F,11th,Rodriguez High School,90,63
27117,Joseph Short,M,9th,Rodriguez High School,65,85
27118,Kara Yang,F,11th,Rodriguez High School,67,96
27119,Lori Bates,F,10th,Rodriguez High School,92,82
27120,Brian Reeves,M,10th,Rodriguez High School,64,75
27121,Brianna Rodriguez,F,11th,Rodriguez High School,83,93
27122,Anna Nelson,F,10th,Rodriguez High School,69,90
27123,Ashley Jackson,F,9th,Rodriguez High School,81,91
27124,Ralph Valentine,M,10th,Rodriguez High School,82,80
27125,Rebecca Chen,F,12th,Rodriguez High School,71,71
27126,Alicia Brewer,F,12th,Rodriguez High School,67,75
27127,Aaron Stevens,M,9th,Rodriguez High School,95,79
27128,Victoria Payne,F,11th,Rodriguez High School,86,83
27129,Mary Johnson,F,11th,Rodriguez High School,88,87
27130,Tyler Ruiz,M,12th,Rodriguez High School,80,92
27131,Kathryn Frazier,F,10th,Rodriguez High School,86,68
27132,Jon Pitts,M,10th,Rodriguez High School,65,60
27133,Elizabeth Harvey,F,9th,Rodriguez High School,98,55
27134,William Ortiz,M,11th,Rodriguez High School,78,73
27135,Trevor Sanchez,M,10th,Rodriguez High School,75,64
27136,Karina Sanders,F,12th,Rodriguez High School,82,72
27137,Laura Baxter,F,10th,Rodriguez High School,96,99
27138,Cameron Walters,M,11th,Rodriguez High School,65,68
27139,Jessica Heath,F,12th,Rodriguez High School,87,57
27140,Nathan Brady,M,10th,Rodriguez High School,68,70
27141,Christine Reid,F,10th,Rodriguez High School,75,60
27142,John Simmons,M,11th,Rodriguez High School,84,98
27143,Jeremy Kim,M,11th,Rodriguez High School,92,92
27144,Taylor Kirk,M,11th,Rodriguez High School,70,97
27145,Laura Barron,F,11th,Rodriguez High School,71,78
27146,Barbara Johnson,F,9th,Rodriguez High School,81,73
27147,Mark Wolfe,M,9th,Rodriguez High School,98,89
27148,Kelly Mitchell,F,10th,Rodriguez High School,72,73
27149,Regina King,F,9th,Rodriguez High School,99,97
27150,Hunter Stuart,M,12th,Rodriguez High School,86,77
27151,James Thompson,M,11th,Rodriguez High School,64,58
27152,Christopher Terry,M,10th,Rodriguez High School,96,91
27153,Kimberly Delgado,F,11th,Rodriguez High School,64,87
27154,David Silva,M,11th,Rodriguez High School,95,97
27155,Jeff Weaver,M,10th,Rodriguez High School,77,83
27156,Christopher Baldwin,M,10th,Rodriguez High School,96,61
27157,John Crawford,M,9th,Rodriguez High School,93,99
27158,Kirk Rhodes,M,9th,Rodriguez High School,70,71
27159,Matthew Rodriguez,M,12th,Rodriguez High School,96,56
27160,Judith Jones,F,11th,Rodriguez High School,70,70
27161,Gabriel Hubbard,M,10th,Rodriguez High School,74,83
27162,Faith Brooks,F,12th,Rodriguez High School,84,72
27163,Donna Sampson,F,11th,Rodriguez High School,98,94
27164,Hannah Blair,F,9th,Rodriguez High School,75,65
27165,Cathy Bullock,F,12th,Rodriguez High School,83,93
27166,Alyssa Lewis,F,11th,Rodriguez High School,89,61
27167,Dennis Montgomery,M,12th,Rodriguez High School,90,63
27168,Ryan Wilson,M,9th,Rodriguez High School,90,80
27169,Tyler Quinn,M,10th,Rodriguez High School,69,92
27170,Lori Doyle,F,9th,Rodriguez High School,73,64
27171,Dave Fox,M,11th,Rodriguez High School,78,69
27172,Thomas Leon,M,12th,Rodriguez High School,81,98
27173,Anita Cox,F,12th,Rodriguez High School,97,98
27174,Karen Villegas ,F,12th,Rodriguez High School,96,66
27175,Ashley Buck,F,11th,Rodriguez High School,90,76
27176,Allen Fletcher,M,10th,Rodriguez High School,99,63
27177,Nancy Kelley,F,10th,Rodriguez High School,98,95
27178,Lisa Ali,F,9th,Rodriguez High School,96,87
27179,Michael Thomas,M,12th,Rodriguez High School,96,99
27180,Roy Gross,M,10th,Rodriguez High School,63,85
27181,Tony Mckenzie,M,10th,Rodriguez High School,65,58
27182,Robert Higgins,M,9th,Rodriguez High School,80,96
27183,Patrick Diaz,M,11th,Rodriguez High School,71,93
27184,Tracy Pitts,F,12th,Rodriguez High School,72,93
27185,Haley Johnson,F,9th,Rodriguez High School,67,72
27186,James Bennett,M,12th,Rodriguez High School,96,72
27187,Sean Henry,M,11th,Rodriguez High School,91,79
27188,Marilyn Burch,F,9th,Rodriguez High School,83,96
27189,Felicia Smith,F,11th,Rodriguez High School,73,68
27190,Mark Delacruz,M,12th,Rodriguez High School,77,76
27191,Adam Pope,M,9th,Rodriguez High School,69,69
27192,Justin Williams,M,10th,Rodriguez High School,72,62
27193,Misty Patel,F,11th,Rodriguez High School,91,67
27194,Erica Walters,F,12th,Rodriguez High School,82,65
27195,Sara Doyle,F,9th,Rodriguez High School,70,66
27196,Kevin Holloway,M,11th,Rodriguez High School,93,81
27197,Susan Carrillo,F,10th,Rodriguez High School,98,90
27198,Lisa Vasquez,F,10th,Rodriguez High School,66,81
27199,Kyle Guzman,M,10th,Rodriguez High School,78,80
27200,Amy Perez,F,9th,Rodriguez High School,98,58
27201,Logan Green,M,10th,Rodriguez High School,83,79
27202,Michelle Duncan,F,12th,Rodriguez High School,94,96
27203,Deborah Phillips,F,10th,Rodriguez High School,73,74
27204,Ralph Wallace,M,9th,Rodriguez High School,83,76
27205,Molly Frye,F,11th,Rodriguez High School,91,83
27206,Matthew Joseph,M,11th,Rodriguez High School,85,65
27207,Cody Smith,M,12th,Rodriguez High School,94,68
27208,Dawn Barnett,F,9th,Rodriguez High School,69,99
27209,Julia Dodson,F,9th,Rodriguez High School,92,91
27210,Kristin Anderson,F,9th,Rodriguez High School,84,59
27211,Rebecca Smith,F,11th,Rodriguez High School,85,62
27212,Robert Simmons,M,9th,Rodriguez High School,82,96
27213,James Davis,M,11th,Rodriguez High School,88,58
27214,Joel Williams,M,10th,Rodriguez High School,90,82
27215,David Wiggins,M,9th,Rodriguez High School,70,70
27216,Karen Scott,F,10th,Rodriguez High School,70,98
27217,Katherine Page,F,12th,Rodriguez High School,90,62
27218,Timothy Black,M,11th,Rodriguez High School,70,67
27219,Crystal Ramsey,F,9th,Rodriguez High School,64,60
27220,David Porter,M,10th,Rodriguez High School,79,85
27221,Vanessa Christensen,F,10th,Rodriguez High School,80,66
27222,Jason Fuller,M,10th,Rodriguez High School,88,97
27223,Tina Goodman,F,12th,Rodriguez High School,92,61
27224,Summer Marquez,F,11th,Rodriguez High School,78,68
27225,Brandon Romero,M,9th,Rodriguez High School,96,61
27226,Shirley Perez,F,10th,Rodriguez High School,95,99
27227,Amy Schneider,F,10th,Rodriguez High School,83,68
27228,John Carter,M,11th,Rodriguez High School,76,80
27229,Francis Lambert,M,9th,Rodriguez High School,94,89
27230,Michele Williams,F,10th,Rodriguez High School,86,66
27231,Theodore Holder,M,9th,Rodriguez High School,97,62
27232,Samuel Hamilton,M,12th,Rodriguez High School,88,87
27233,Kelsey Jones,F,11th,Rodriguez High School,84,58
27234,Jessica Mcintosh,F,11th,Rodriguez High School,95,66
27235,Dwayne Hamilton,M,9th,Rodriguez High School,76,57
27236,Krista Johnson,F,10th,Rodriguez High School,96,86
27237,Victoria Daniels,F,11th,Rodriguez High School,75,55
27238,Matthew Beck,M,9th,Rodriguez High School,77,83
27239,Amber Walker,F,12th,Rodriguez High School,79,80
27240,Susan Moore,F,9th,Rodriguez High School,93,72
27241,Erica Fields,F,12th,Rodriguez High School,72,76
27242,Andrea Warner,F,9th,Rodriguez High School,78,94
27243,James Vincent,M,10th,Rodriguez High School,98,68
27244,Dean Ware,M,9th,Rodriguez High School,85,63
27245,Gerald Davis,M,10th,Rodriguez High School,84,76
27246,Ryan Carrillo,M,10th,Rodriguez High School,92,58
27247,Terrance Delgado,M,9th,Rodriguez High School,85,97
27248,Angel Oconnor,F,12th,Rodriguez High School,68,90
27249,Emily Goodman,F,12th,Rodriguez High School,88,82
27250,Allison Conway,F,12th,Rodriguez High School,86,88
27251,Tonya Howard,F,10th,Rodriguez High School,77,67
27252,Erik Byrd,M,9th,Rodriguez High School,68,57
27253,Dwayne Chavez,M,11th,Rodriguez High School,89,77
27254,Brenda Maldonado ,F,12th,Rodriguez High School,68,75
27255,Tiffany Taylor,F,11th,Rodriguez High School,66,75
27256,Eric Beard,M,9th,Rodriguez High School,71,95
27257,Erika Deleon,F,10th,Rodriguez High School,78,90
27258,Erin Watson,F,9th,Rodriguez High School,86,87
27259,William Gentry,M,11th,Rodriguez High School,85,99
27260,Stephen Lewis,M,12th,Rodriguez High School,75,94
27261,Ryan Stevens,M,12th,Rodriguez High School,99,66
27262,Jeff May,M,10th,Rodriguez High School,70,56
27263,Nicole Richardson,F,9th,Rodriguez High School,83,55
27264,Corey Allison,M,9th,Rodriguez High School,70,81
27265,William Wilkinson,M,12th,Rodriguez High School,67,62
27266,David Franklin,M,10th,Rodriguez High School,83,77
27267,Melanie Lawson,F,10th,Rodriguez High School,92,85
27268,Timothy Smith,M,11th,Rodriguez High School,96,92
27269,Amber Rivers,F,9th,Rodriguez High School,70,98
27270,Robert Raymond,M,12th,Rodriguez High School,98,91
27271,Lindsey Flores,F,12th,Rodriguez High School,66,55
27272,Mark Williams,M,9th,Rodriguez High School,65,58
27273,Heather Bennett,F,10th,Rodriguez High School,98,94
27274,Helen Howard,F,9th,Rodriguez High School,74,79
27275,Julie Mullins,F,10th,Rodriguez High School,64,55
27276,Susan Hartman,F,9th,Rodriguez High School,84,66
27277,Barry Hunt,M,9th,Rodriguez High School,85,79
27278,Larry Diaz,M,11th,Rodriguez High School,84,84
27279,Cesar Duncan,M,9th,Rodriguez High School,76,96
27280,Tracy Young,F,11th,Rodriguez High School,65,90
27281,Amy Hood,F,10th,Rodriguez High School,83,82
27282,Stephen May,M,11th,Rodriguez High School,92,67
27283,Joshua Quinn,M,11th,Rodriguez High School,85,94
27284,Kelly Walker,F,10th,Rodriguez High School,78,73
27285,Kelli Hernandez,F,12th,Rodriguez High School,75,87
27286,Donald Scott,M,12th,Rodriguez High School,98,68
27287,Anthony Ford,M,9th,Rodriguez High School,64,97
27288,Samuel Johnson,M,10th,Rodriguez High School,88,81
27289,Christopher Gonzalez,M,9th,Rodriguez High School,72,67
27290,Christopher Thompson,M,9th,Rodriguez High School,72,75
27291,Amanda Guzman,F,10th,Rodriguez High School,65,60
27292,Jason Brooks,M,11th,Rodriguez High School,94,89
27293,Yolanda Barton,F,9th,Rodriguez High School,82,74
27294,Jessica Mccann,F,11th,Rodriguez High School,65,67
27295,David Morales,M,11th,Rodriguez High School,70,73
27296,Chad Townsend,M,11th,Rodriguez High School,71,78
27297,Jeffrey Carter,M,12th,Rodriguez High School,91,95
27298,Andrew Avery,M,9th,Rodriguez High School,76,72
27299,Aaron Morris,M,12th,Rodriguez High School,80,67
27300,Nicole White,F,10th,Rodriguez High School,73,90
27301,Patricia Clark,F,9th,Rodriguez High School,70,57
27302,Joseph Monroe,M,10th,Rodriguez High School,64,74
27303,David Ross,M,10th,Rodriguez High School,75,97
27304,Patricia Martinez,F,11th,Rodriguez High School,77,70
27305,Angela Crawford,F,10th,Rodriguez High School,65,92
27306,Daryl Green,M,10th,Rodriguez High School,72,66
27307,Kevin Smith,M,9th,Rodriguez High School,97,89
27308,Michelle Smith,F,12th,Rodriguez High School,64,80
27309,Brian Simmons,M,9th,Rodriguez High School,70,56
27310,Brendan Murphy,M,11th,Rodriguez High School,65,58
27311,Brian Clark,M,12th,Rodriguez High School,84,99
27312,Katherine Pierce ,F,9th,Rodriguez High School,80,83
27313,Jamie Hart,F,10th,Rodriguez High School,88,55
27314,Samuel Hale,M,9th,Rodriguez High School,90,92
27315,Felicia Wolfe,F,10th,Rodriguez High School,70,75
27316,Sandra Murray,F,9th,Rodriguez High School,93,77
27317,Shannon Wilson,F,9th,Rodriguez High School,98,62
27318,Frederick Valdez,M,9th,Rodriguez High School,86,91
27319,Stacey Chase,F,9th,Rodriguez High School,95,63
27320,Tracy Young,F,9th,Rodriguez High School,65,83
27321,Anthony Young,M,9th,Rodriguez High School,89,88
27322,Aaron Morrison ,M,11th,Rodriguez High School,85,85
27323,Megan Sellers,F,9th,Rodriguez High School,75,75
27324,Richard Pierce,M,9th,Rodriguez High School,78,65
27325,Jacqueline Thompson,F,9th,Rodriguez High School,93,92
27326,Leslie Rodriguez,F,9th,Rodriguez High School,75,56
27327,James Washington,M,9th,Rodriguez High School,68,95
27328,Anthony Wong,M,9th,Rodriguez High School,68,92
27329,Nancy Schroeder,F,10th,Rodriguez High School,92,74
27330,Brandi Smith,F,12th,Rodriguez High School,66,62
27331,Veronica Brown,F,9th,Rodriguez High School,80,84
27332,Anthony Holland,M,11th,Rodriguez High School,94,64
27333,Monique Glass,F,11th,Rodriguez High School,90,71
27334,Patricia Tran,F,12th,Rodriguez High School,85,91
27335,Michael Smith,M,10th,Rodriguez High School,80,79
27336,Margaret Pennington,F,10th,Rodriguez High School,66,97
27337,Chelsea Bowers,F,12th,Rodriguez High School,99,78
27338,Jonathon Hodges,M,11th,Rodriguez High School,89,84
27339,Nicholas Becker,M,9th,Rodriguez High School,80,89
27340,Raymond Wilcox,M,11th,Rodriguez High School,67,84
27341,Charles Wolfe,M,9th,Rodriguez High School,65,75
27342,Daniel Bright,M,10th,Rodriguez High School,92,96
27343,Ryan Smith,M,12th,Rodriguez High School,64,74
27344,Darrell Johnston,M,9th,Rodriguez High School,91,74
27345,Sarah Hall,F,10th,Rodriguez High School,74,68
27346,Lisa Burke,F,12th,Rodriguez High School,88,81
27347,Wesley Fisher,M,12th,Rodriguez High School,67,89
27348,Karen Bryant,F,11th,Rodriguez High School,70,66
27349,Jennifer Robles,F,9th,Rodriguez High School,69,90
27350,Kristina Davidson,F,9th,Rodriguez High School,69,80
27351,Marcia Swanson ,F,11th,Rodriguez High School,85,69
27352,Stephanie Adams,F,10th,Rodriguez High School,94,95
27353,Jessica Roberts,F,12th,Rodriguez High School,71,61
27354,Samantha Mccullough,F,12th,Rodriguez High School,72,55
27355,Fernando Jacobs,M,9th,Rodriguez High School,73,71
27356,Cynthia Tran,F,11th,Rodriguez High School,77,78
27357,Tara Bowen,F,11th,Rodriguez High School,75,59
27358,Carl Doyle,M,10th,Rodriguez High School,71,59
27359,Donna Jackson,F,10th,Rodriguez High School,67,77
27360,Christine Owens,F,9th,Rodriguez High School,66,81
27361,Nicholas Carter,M,12th,Rodriguez High School,86,77
27362,Ronald Graves,M,9th,Rodriguez High School,75,84
27363,Daniel Patterson,M,12th,Rodriguez High School,68,58
27364,Samantha Chambers,F,12th,Rodriguez High School,95,65
27365,Cindy York,F,9th,Rodriguez High School,75,99
27366,Kayla Williams,F,9th,Rodriguez High School,86,79
27367,Shannon Diaz,F,9th,Rodriguez High School,94,98
27368,Tonya Rubio,F,10th,Rodriguez High School,84,77
27369,Natalie Wilson,F,11th,Rodriguez High School,74,72
27370,Yolanda Harris ,F,11th,Rodriguez High School,94,85
27371,Ashley Wilson,F,11th,Rodriguez High School,70,69
27372,Judy Thompson,F,10th,Rodriguez High School,71,73
27373,Deanna Mcintyre,F,9th,Rodriguez High School,80,78
27374,Diana Flores,F,12th,Rodriguez High School,89,84
27375,Robert Wang,M,10th,Rodriguez High School,76,75
27376,Robert Jensen,M,11th,Rodriguez High School,91,82
27377,Emily Johnson,F,12th,Rodriguez High School,84,72
27378,Anna Garcia,F,10th,Rodriguez High School,98,81
27379,Brendan Harris,M,9th,Rodriguez High School,97,78
27380,Jonathan Snow,M,9th,Rodriguez High School,81,79
27381,Timothy Morgan,M,12th,Rodriguez High School,63,92
27382,Brian Williams,M,11th,Rodriguez High School,78,76
27383,Cory Cameron,M,12th,Rodriguez High School,75,97
27384,Deborah Blair,F,10th,Rodriguez High School,71,61
27385,Anthony Brady,M,9th,Rodriguez High School,97,82
27386,Aaron Ibarra,M,11th,Rodriguez High School,90,57
27387,Pamela Nelson,F,11th,Rodriguez High School,94,90
27388,Roger Forbes PhD,M,10th,Rodriguez High School,98,74
27389,Anthony Lopez,M,11th,Rodriguez High School,72,55
27390,Brandon Snyder,M,11th,Rodriguez High School,78,55
27391,Arthur Hernandez,M,12th,Rodriguez High School,65,81
27392,Courtney Rodriguez,F,9th,Rodriguez High School,90,74
27393,Maria Lawrence,F,10th,Rodriguez High School,92,65
27394,Julie Clay,F,11th,Rodriguez High School,79,79
27395,Eric Powell,M,9th,Rodriguez High School,74,62
27396,Michael Waller,M,9th,Rodriguez High School,74,70
27397,Brandi Obrien,F,9th,Rodriguez High School,94,59
27398,Raymond Sweeney,M,11th,Rodriguez High School,82,58
27399,Juan Grant,M,12th,Rodriguez High School,82,79
27400,Maria Rogers,F,11th,Rodriguez High School,90,61
27401,Katherine Fuller,F,9th,Rodriguez High School,75,72
27402,Jill Williams,F,11th,Rodriguez High School,93,68
27403,Robert Stone,M,9th,Rodriguez High School,87,91
27404,Christopher Carter,M,9th,Rodriguez High School,76,80
27405,Morgan Smith,F,9th,Rodriguez High School,78,76
27406,Stephanie Williams,F,9th,Rodriguez High School,99,97
27407,Jeffery Sanchez,M,9th,Rodriguez High School,85,69
27408,Sandra Lopez,F,11th,Rodriguez High School,86,62
27409,Teresa Campbell,F,12th,Rodriguez High School,88,65
27410,Michael Warner,M,10th,Rodriguez High School,86,99
27411,Chad Smith,M,9th,Rodriguez High School,93,94
27412,David Barrett,M,10th,Rodriguez High School,83,78
27413,Julie Bradley,F,9th,Rodriguez High School,66,59
27414,Sarah Anderson,F,12th,Rodriguez High School,93,57
27415,Tiffany Harmon,F,10th,Rodriguez High School,67,77
27416,John Diaz,M,12th,Rodriguez High School,79,63
27417,Nicholas Ryan,M,11th,Rodriguez High School,91,76
27418,John Wiley,M,11th,Rodriguez High School,98,59
27419,Mrs. Kimberly Brandt,F,12th,Rodriguez High School,71,88
27420,Kevin Mclean,M,9th,Rodriguez High School,95,79
27421,Sharon Shaw,F,9th,Rodriguez High School,91,84
27422,Laura Taylor,F,11th,Rodriguez High School,69,58
27423,Andrew Simon,M,9th,Rodriguez High School,92,59
27424,Joseph Smith,M,9th,Rodriguez High School,64,69
27425,Sherry Green,F,12th,Rodriguez High School,95,95
27426,John Campbell,M,10th,Rodriguez High School,85,95
27427,Jose Cooper,M,9th,Rodriguez High School,81,72
27428,Lindsay Taylor,F,10th,Rodriguez High School,67,61
27429,Andrew Osborne,M,9th,Rodriguez High School,64,91
27430,Elizabeth Spencer,F,9th,Rodriguez High School,94,88
27431,Whitney Powell,F,12th,Rodriguez High School,75,83
27432,Jaclyn Brock,F,12th,Rodriguez High School,63,78
27433,Amanda Brown,F,11th,Rodriguez High School,91,89
27434,Joel Floyd,M,9th,Rodriguez High School,70,74
27435,Jonathan Singh,M,11th,Rodriguez High School,75,74
27436,Alison Cox,F,12th,Rodriguez High School,83,63
27437,Michael Farmer,M,11th,Rodriguez High School,69,89
27438,Kari Harris,F,11th,Rodriguez High School,67,84
27439,Dawn Jones,F,12th,Rodriguez High School,73,81
27440,Danielle Robinson,F,10th,Rodriguez High School,84,90
27441,Phillip Ramos,M,12th,Rodriguez High School,87,87
27442,Jessica Wilson,F,10th,Rodriguez High School,91,65
27443,Sandy Moore,F,11th,Rodriguez High School,90,89
27444,Thomas Duncan,M,12th,Rodriguez High School,85,89
27445,Micheal Peters,M,11th,Rodriguez High School,90,75
27446,Sherri Lee,F,11th,Rodriguez High School,84,68
27447,Xavier Perez,M,10th,Rodriguez High School,96,68
27448,Caroline Suarez,F,11th,Rodriguez High School,83,67
27449,Justin Byrd,M,12th,Rodriguez High School,99,89
27450,Kevin Collins,M,9th,Rodriguez High School,73,72
27451,Russell Kline,M,12th,Rodriguez High School,82,61
27452,Stephanie Petty,F,10th,Rodriguez High School,68,82
27453,Michele Kim,F,9th,Rodriguez High School,77,61
27454,Alicia Burnett,F,12th,Rodriguez High School,79,63
27455,Jordan Clark,M,12th,Rodriguez High School,84,63
27456,Dawn Wolfe,F,12th,Rodriguez High School,98,91
27457,Michael Anderson,M,9th,Rodriguez High School,69,58
27458,Ronald Aguirre,M,9th,Rodriguez High School,71,91
27459,Linda Bright,F,11th,Rodriguez High School,98,69
27460,Sara Patton,F,9th,Rodriguez High School,72,82
27461,Beth White,F,9th,Rodriguez High School,71,97
27462,Amy Wang,F,10th,Rodriguez High School,91,66
27463,Morgan Carter,F,9th,Rodriguez High School,81,90
27464,Bradley Reilly,M,9th,Rodriguez High School,68,95
27465,Xavier Dorsey,M,12th,Rodriguez High School,73,56
27466,Sharon Turner,F,10th,Rodriguez High School,80,98
27467,Eric Jenkins,M,10th,Rodriguez High School,77,74
27468,Preston Taylor,M,9th,Rodriguez High School,70,62
27469,Jamie Chen,M,10th,Rodriguez High School,96,86
27470,Scott Thomas,M,10th,Rodriguez High School,93,92
27471,Kathryn Beard,F,9th,Rodriguez High School,85,94
27472,Mikayla Collins,F,12th,Rodriguez High School,78,58
27473,Tony Short,M,9th,Rodriguez High School,65,79
27474,Terri Ramos,F,9th,Rodriguez High School,92,96
27475,Sharon Riley,F,9th,Rodriguez High School,88,56
27476,Brian Bryant,M,12th,Rodriguez High School,81,76
27477,Brenda Kline,F,9th,Rodriguez High School,63,69
27478,Randy Hodge,M,9th,Rodriguez High School,73,93
27479,James Ryan,M,11th,Rodriguez High School,73,58
27480,Brian Ford,M,11th,Rodriguez High School,83,90
27481,Melissa Collier,F,11th,Rodriguez High School,64,72
27482,Marcus Gill,M,10th,Rodriguez High School,66,87
27483,Kenneth Benson,M,9th,Rodriguez High School,97,76
27484,Michael Tucker,M,12th,Rodriguez High School,77,90
27485,Samuel Hanson,M,9th,Rodriguez High School,96,69
27486,Michael Anderson,M,10th,Rodriguez High School,73,61
27487,Jessica Hooper,F,9th,Rodriguez High School,68,94
27488,Gabrielle Hughes,F,9th,Rodriguez High School,77,68
27489,Danielle Mckinney,F,10th,Rodriguez High School,91,57
27490,Holly Price,F,9th,Rodriguez High School,85,56
27491,Jennifer Martin,F,11th,Rodriguez High School,85,95
27492,Robert Smith,M,10th,Rodriguez High School,77,69
27493,Harry Williams,M,11th,Rodriguez High School,87,67
27494,Susan Durham,F,11th,Rodriguez High School,72,58
27495,Henry Hopkins,M,12th,Rodriguez High School,85,78
27496,Ashley Mayo,F,9th,Rodriguez High School,98,81
27497,Laura Cooper,F,12th,Rodriguez High School,84,85
27498,Gregory Lane,M,12th,Rodriguez High School,79,58
27499,Linda Donaldson,F,10th,Rodriguez High School,70,95
27500,Heidi Howell,F,10th,Rodriguez High School,79,74
27501,Alexander Choi,M,9th,Rodriguez High School,73,59
27502,David Stanley,M,12th,Rodriguez High School,80,76
27503,Wendy Spears,F,11th,Rodriguez High School,71,63
27504,Timothy Jones,M,10th,Rodriguez High School,74,90
27505,Joe Wheeler,M,11th,Rodriguez High School,89,59
27506,Natasha Anderson,F,12th,Rodriguez High School,83,73
27507,Jennifer Morse,F,9th,Rodriguez High School,73,97
27508,Emily Scott,F,11th,Rodriguez High School,73,66
27509,Julia Miller,F,12th,Rodriguez High School,77,63
27510,David Reyes,M,12th,Rodriguez High School,63,62
27511,Elizabeth Buck,F,9th,Rodriguez High School,73,79
27512,Casey Pham,M,11th,Rodriguez High School,93,81
27513,Patrick Miles,M,11th,Rodriguez High School,63,92
27514,Taylor West,F,10th,Rodriguez High School,82,91
27515,Colin Jenkins,M,9th,Rodriguez High School,72,84
27516,Stephen Kelley,M,9th,Rodriguez High School,75,58
27517,Jason Malone,M,10th,Rodriguez High School,86,85
27518,David Miller,M,10th,Rodriguez High School,99,58
27519,Thomas Harris,M,11th,Rodriguez High School,69,99
27520,Debbie Walker,F,10th,Rodriguez High School,77,59
27521,Virginia Potts,F,12th,Rodriguez High School,91,99
27522,Jeffrey Black,M,12th,Rodriguez High School,91,81
27523,Melissa Lowe,F,10th,Rodriguez High School,77,74
27524,Mckenzie Miller,F,10th,Rodriguez High School,81,69
27525,Brian Blanchard,M,12th,Rodriguez High School,80,68
27526,Kevin Johnson,M,10th,Rodriguez High School,67,98
27527,Mrs. Dana Hammond ,F,9th,Rodriguez High School,81,84
27528,Kimberly Oliver,F,11th,Rodriguez High School,90,68
27529,Tyrone Tucker,M,10th,Rodriguez High School,65,84
27530,John Bray,M,9th,Rodriguez High School,63,95
27531,Bernard Key,M,9th,Rodriguez High School,94,90
27532,Peter Kaiser,M,12th,Rodriguez High School,87,83
27533,Alexis Vazquez,F,11th,Rodriguez High School,93,84
27534,Benjamin Hill,M,9th,Rodriguez High School,76,84
27535,Victoria Martin,F,9th,Rodriguez High School,86,85
27536,Danielle Estrada,F,12th,Rodriguez High School,76,81
27537,Jennifer Ryan,F,9th,Rodriguez High School,68,94
27538,Christopher Horton,M,9th,Rodriguez High School,98,78
27539,David Taylor,M,10th,Rodriguez High School,72,94
27540,Carla Reynolds,F,11th,Rodriguez High School,96,71
27541,Edward Holmes,M,10th,Rodriguez High School,99,62
27542,Sarah Boyd,F,10th,Rodriguez High School,66,92
27543,Sherry Smith,F,12th,Rodriguez High School,96,71
27544,Damon Petty,M,12th,Rodriguez High School,74,99
27545,Christopher Stephens,M,11th,Rodriguez High School,97,66
27546,Danny Simmons,M,10th,Rodriguez High School,84,65
27547,Mary Brown,F,9th,Rodriguez High School,92,77
27548,Edwin Newman,M,12th,Rodriguez High School,81,88
27549,Kathleen Thomas,F,11th,Rodriguez High School,77,98
27550,Paula Benton,F,12th,Rodriguez High School,85,60
27551,Andrew Newton,M,10th,Rodriguez High School,90,75
27552,Justin Marsh,M,10th,Rodriguez High School,95,80
27553,Jamie King,M,11th,Rodriguez High School,95,78
27554,Kelsey Smith,F,11th,Rodriguez High School,65,73
27555,Daniel Johnson,M,12th,Rodriguez High School,71,65
27556,Robert Singh,M,11th,Rodriguez High School,65,92
27557,John Ruiz ,M,9th,Rodriguez High School,69,91
27558,Shannon Mata,F,9th,Rodriguez High School,82,84
27559,Darlene Quinn,F,12th,Rodriguez High School,81,86
27560,Patricia Sanders,F,9th,Rodriguez High School,64,76
27561,Ashley Cunningham,F,9th,Rodriguez High School,65,85
27562,Rachel Willis,F,10th,Rodriguez High School,92,63
27563,Stephanie Johnson,F,10th,Rodriguez High School,65,64
27564,Chad Mcguire,M,9th,Rodriguez High School,88,88
27565,Alex Christensen,M,9th,Rodriguez High School,78,70
27566,Angela Cooper,F,11th,Rodriguez High School,85,57
27567,Mark Jimenez,M,10th,Rodriguez High School,66,96
27568,Rebecca Brown,F,10th,Rodriguez High School,69,58
27569,Michael Bates,M,11th,Rodriguez High School,64,67
27570,Erika Patel,F,11th,Rodriguez High School,91,71
27571,Joseph King,M,10th,Rodriguez High School,87,93
27572,Tiffany Turner,F,11th,Rodriguez High School,71,65
27573,Diana Smith,F,9th,Rodriguez High School,83,63
27574,Angela Murillo,F,12th,Rodriguez High School,80,98
27575,Matthew Harris,M,9th,Rodriguez High School,93,81
27576,Melissa Boyer,F,9th,Rodriguez High School,96,85
27577,Christopher Martin,M,11th,Rodriguez High School,90,68
27578,Travis Cross,M,9th,Rodriguez High School,65,57
27579,Mark Sanchez,M,12th,Rodriguez High School,95,73
27580,Gregory Lawrence,M,11th,Rodriguez High School,92,96
27581,Rebecca Norman,F,12th,Rodriguez High School,95,92
27582,Amanda Santos,F,9th,Rodriguez High School,78,63
27583,Lori Cross,F,11th,Rodriguez High School,72,73
27584,Alan Kim,M,11th,Rodriguez High School,86,73
27585,Gregory Hughes,M,12th,Rodriguez High School,66,69
27586,Erin Gilbert,F,10th,Rodriguez High School,68,60
27587,Nina Oconnor,F,12th,Rodriguez High School,71,94
27588,James Norton,M,11th,Rodriguez High School,67,74
27589,Jennifer Mccann,F,10th,Rodriguez High School,67,72
27590,Monica Johnson,F,10th,Rodriguez High School,72,92
27591,Karen Hernandez,F,12th,Rodriguez High School,77,74
27592,Kelli Bruce,F,9th,Rodriguez High School,88,93
27593,Brittany Robertson,F,9th,Rodriguez High School,75,95
27594,Jeffrey Conway,M,9th,Rodriguez High School,86,58
27595,Shannon Holmes,F,9th,Rodriguez High School,87,87
27596,Joseph Mcdaniel,M,11th,Rodriguez High School,68,78
27597,Joseph Meyers,M,9th,Rodriguez High School,99,90
27598,Megan Navarro,F,9th,Rodriguez High School,77,95
27599,Christian Garcia,M,10th,Rodriguez High School,83,89
27600,Stacy Dillon,F,12th,Rodriguez High School,93,63
27601,Jennifer Jackson,F,10th,Rodriguez High School,71,76
27602,Nicholas Clarke,M,9th,Rodriguez High School,87,82
27603,Adrienne Jackson,F,11th,Rodriguez High School,75,94
27604,Amber White,F,10th,Rodriguez High School,84,61
27605,Dennis Pineda,M,10th,Rodriguez High School,93,72
27606,Edward Conner,M,10th,Rodriguez High School,78,75
27607,David Howard,M,11th,Rodriguez High School,72,56
27608,Dana Mills,F,12th,Rodriguez High School,78,87
27609,Denise Cardenas,F,10th,Rodriguez High School,67,87
27610,Donna Navarro,F,10th,Rodriguez High School,98,87
27611,Bruce Nelson,M,9th,Rodriguez High School,80,98
27612,Richard Perez,M,12th,Rodriguez High School,92,66
27613,Manuel Chandler,M,11th,Rodriguez High School,98,66
27614,Jeffrey Hernandez,M,9th,Rodriguez High School,83,89
27615,Charles Jenkins,M,10th,Rodriguez High School,63,65
27616,Jeffrey Castro,M,10th,Rodriguez High School,65,93
27617,Kara Weber,F,9th,Rodriguez High School,95,76
27618,Eric Arias,M,10th,Rodriguez High School,99,84
27619,Sara Werner,F,9th,Rodriguez High School,80,98
27620,Lawrence Quinn,M,12th,Rodriguez High School,88,71
27621,Samantha Reid,F,10th,Rodriguez High School,80,72
27622,Devon Conley,M,9th,Rodriguez High School,71,63
27623,Michael Schmidt,M,11th,Rodriguez High School,68,92
27624,Andrew Chambers,M,9th,Rodriguez High School,76,77
27625,Amanda Morales,F,12th,Rodriguez High School,80,88
27626,Jerome Henderson,M,10th,Rodriguez High School,96,98
27627,Sarah Andrews,F,9th,Rodriguez High School,99,85
27628,Alexandra Newman,F,12th,Rodriguez High School,68,92
27629,Jeremiah Henderson,M,9th,Rodriguez High School,70,68
27630,David Li ,M,11th,Rodriguez High School,73,87
27631,Daniel Newman,M,10th,Rodriguez High School,77,60
27632,Danielle Lopez,F,12th,Rodriguez High School,64,69
27633,Virginia Jordan,F,11th,Rodriguez High School,83,74
27634,Sara Smith,F,11th,Rodriguez High School,67,84
27635,Rebecca Stout,F,10th,Rodriguez High School,71,93
27636,Jennifer Watts,F,9th,Rodriguez High School,95,88
27637,Danielle Davis,F,10th,Rodriguez High School,81,79
27638,Amy Rosales,F,11th,Rodriguez High School,85,62
27639,Melissa Smith,F,10th,Rodriguez High School,86,75
27640,Cody Allen,M,10th,Rodriguez High School,72,70
27641,Ashley Soto,F,11th,Rodriguez High School,64,62
27642,Dylan Campbell,M,11th,Rodriguez High School,72,82
27643,Beverly Garza,F,9th,Rodriguez High School,75,85
27644,Kelly Clark,F,12th,Rodriguez High School,83,94
27645,Elizabeth Nichols,F,9th,Rodriguez High School,97,73
27646,Norma Koch,F,10th,Rodriguez High School,98,61
27647,Christina Reed,F,12th,Rodriguez High School,68,99
27648,Selena Anderson,F,10th,Rodriguez High School,78,72
27649,Victor Smith,M,11th,Rodriguez High School,91,57
27650,Lisa Velasquez ,F,11th,Rodriguez High School,89,99
27651,Emily Soto,F,11th,Rodriguez High School,64,84
27652,Timothy Harvey,M,12th,Rodriguez High School,71,84
27653,Joseph Wood,M,9th,Rodriguez High School,79,75
27654,Robert Gray,M,12th,Rodriguez High School,93,96
27655,Albert Wilson,M,11th,Rodriguez High School,70,59
27656,Angela Johnson,F,10th,Rodriguez High School,66,84
27657,Janet Harrington,F,10th,Rodriguez High School,95,84
27658,Ronald Davis,M,12th,Rodriguez High School,85,75
27659,Mary Miller,F,9th,Rodriguez High School,97,72
27660,Jessica Davis,F,11th,Rodriguez High School,95,85
27661,Paige Harvey,F,9th,Rodriguez High School,67,61
27662,Rachel Cox,F,10th,Rodriguez High School,81,61
27663,Brian Bryan ,M,9th,Rodriguez High School,69,74
27664,Lisa Le,F,10th,Rodriguez High School,73,82
27665,James Grant,M,9th,Rodriguez High School,65,82
27666,Dawn Snow,F,10th,Rodriguez High School,66,91
27667,Adam Diaz,M,11th,Rodriguez High School,85,59
27668,Sara Huynh,F,9th,Rodriguez High School,80,60
27669,Jill Cook,F,12th,Rodriguez High School,67,79
27670,Joel Richard,M,11th,Rodriguez High School,84,68
27671,Justin Simmons,M,12th,Rodriguez High School,71,72
27672,Paula Ryan,F,9th,Rodriguez High School,82,83
27673,Brian Wilson,M,11th,Rodriguez High School,79,74
27674,Ronald Maxwell,M,12th,Rodriguez High School,97,87
27675,Jennifer Boyd,F,9th,Rodriguez High School,83,65
27676,Dorothy Crosby,F,12th,Rodriguez High School,72,61
27677,Jay Baker,M,9th,Rodriguez High School,80,56
27678,Steven Williams,M,9th,Rodriguez High School,65,95
27679,Lisa Johnson,F,11th,Rodriguez High School,89,85
27680,Tracy Blankenship,F,11th,Rodriguez High School,83,80
27681,Jennifer Schroeder,F,10th,Rodriguez High School,82,80
27682,Joseph Medina,M,10th,Rodriguez High School,70,94
27683,Patrick Griffin,M,10th,Rodriguez High School,84,95
27684,Danny Allen,M,10th,Rodriguez High School,70,77
27685,Jessica Wade,F,9th,Rodriguez High School,82,57
27686,Kaitlyn Meyer,F,9th,Rodriguez High School,92,70
27687,Ashley Carter,F,9th,Rodriguez High School,86,64
27688,Monica Dean ,F,12th,Rodriguez High School,73,85
27689,Diane Perkins,F,12th,Rodriguez High School,74,99
27690,Troy Harrison,M,10th,Rodriguez High School,99,97
27691,Kevin Martinez,M,12th,Rodriguez High School,81,85
27692,Lauren Michael,F,12th,Rodriguez High School,64,90
27693,Shane Ross,M,12th,Rodriguez High School,91,85
27694,Eric Bennett,M,10th,Rodriguez High School,64,73
27695,Sandra Johnson,F,12th,Rodriguez High School,84,81
27696,Brenda Myers,F,10th,Rodriguez High School,77,64
27697,Gregory Wilson,M,11th,Rodriguez High School,76,82
27698,Louis Davidson,M,11th,Rodriguez High School,78,55
27699,Nicholas Bryan,M,9th,Rodriguez High School,94,97
27700,Daniel Martin,M,10th,Rodriguez High School,93,94
27701,Derek Nolan,M,12th,Rodriguez High School,71,95
27702,Sandra Duncan,F,12th,Rodriguez High School,96,98
27703,Ruben Williams,M,10th,Rodriguez High School,75,63
27704,Samantha Johnson,F,12th,Rodriguez High School,74,57
27705,Lisa Joyce,F,11th,Rodriguez High School,68,86
27706,Allen Reyes,M,10th,Rodriguez High School,99,67
27707,Guy Salinas,M,10th,Rodriguez High School,80,57
27708,Erik Wilson,M,10th,Rodriguez High School,72,77
27709,Michael Lopez,M,9th,Rodriguez High School,85,88
27710,Alexander Pierce,M,11th,Rodriguez High School,66,64
27711,Veronica Wiley,F,12th,Rodriguez High School,77,84
27712,Katie Alvarado,F,12th,Rodriguez High School,73,68
27713,Krystal Crosby,F,12th,Rodriguez High School,98,58
27714,Rebecca Gray,F,9th,Rodriguez High School,92,89
27715,Alexandra Taylor,F,9th,Rodriguez High School,98,97
27716,Paul Mullins,M,10th,Rodriguez High School,78,59
27717,Travis Mcintyre ,M,11th,Rodriguez High School,67,66
27718,Mrs. Kelsey Marshall,F,9th,Rodriguez High School,71,67
27719,Michael David,M,10th,Rodriguez High School,80,67
27720,Ethan Lee,M,11th,Rodriguez High School,74,81
27721,Robert Conley,M,11th,Rodriguez High School,89,59
27722,Tracy Dean,F,9th,Rodriguez High School,65,80
27723,Tonya Gardner,F,11th,Rodriguez High School,82,68
27724,Jacob Brown,M,12th,Rodriguez High School,82,60
27725,Laura Carrillo,F,11th,Rodriguez High School,86,73
27726,Heidi Perez,F,11th,Rodriguez High School,94,61
27727,Christopher Rosario,M,9th,Rodriguez High School,70,88
27728,Melinda Miller,F,9th,Rodriguez High School,66,65
27729,Jaime Salas,F,10th,Rodriguez High School,74,97
27730,Andrea Clarke,F,9th,Rodriguez High School,88,78
27731,Maria Simmons,F,9th,Rodriguez High School,97,82
27732,Alan Hunter,M,11th,Rodriguez High School,70,64
27733,Connor Daniel,M,10th,Rodriguez High School,88,83
27734,Sandra Perkins,F,9th,Rodriguez High School,65,68
27735,Austin Willis,M,11th,Rodriguez High School,67,93
27736,Sara Mata,F,9th,Rodriguez High School,68,89
27737,Cristian Smith,M,11th,Rodriguez High School,78,57
27738,Russell Booth,M,11th,Rodriguez High School,84,58
27739,Duane Roberts ,M,9th,Rodriguez High School,69,76
27740,Rachel Ford,F,9th,Rodriguez High School,81,94
27741,Lisa Hernandez,F,10th,Rodriguez High School,75,93
27742,Kimberly Walsh,F,9th,Rodriguez High School,83,61
27743,Timothy Johnson,M,11th,Rodriguez High School,70,93
27744,Eric Odonnell,M,11th,Rodriguez High School,99,60
27745,Tammy Sanchez,F,11th,Rodriguez High School,86,76
27746,George Caldwell,M,10th,Rodriguez High School,65,55
27747,Jon Flores II,M,11th,Rodriguez High School,82,67
27748,Ebony Richardson,F,11th,Rodriguez High School,76,67
27749,Melanie Joseph,F,10th,Rodriguez High School,89,99
27750,Kevin Reed,M,10th,Rodriguez High School,65,99
27751,Tammy Daniel,F,11th,Rodriguez High School,66,89
27752,Charles Hamilton,M,12th,Rodriguez High School,88,99
27753,Katherine Nguyen,F,10th,Rodriguez High School,73,86
27754,Wayne Hill,M,11th,Rodriguez High School,96,79
27755,Angela Branch,F,9th,Rodriguez High School,63,73
27756,Amanda Perry,F,11th,Rodriguez High School,65,62
27757,Jessica Marshall,F,9th,Rodriguez High School,93,56
27758,Edward Brock,M,12th,Rodriguez High School,88,65
27759,Mrs. Lisa Lyons ,F,9th,Rodriguez High School,72,83
27760,Dawn Lamb,F,10th,Rodriguez High School,92,76
27761,Benjamin Hall,M,12th,Rodriguez High School,90,56
27762,Dylan Thornton,M,11th,Rodriguez High School,63,59
27763,Ronald Smith,M,10th,Rodriguez High School,71,56
27764,Rachel Moss,F,9th,Rodriguez High School,87,92
27765,Kristie Morse,F,10th,Rodriguez High School,93,63
27766,Tracey Stanley,F,12th,Rodriguez High School,69,96
27767,Matthew Blankenship,M,11th,Rodriguez High School,86,67
27768,Anthony Gates,M,12th,Rodriguez High School,63,67
27769,Andrew Smith,M,9th,Rodriguez High School,80,66
27770,Connie Henry,F,11th,Rodriguez High School,71,97
27771,Nathaniel Curry,M,12th,Rodriguez High School,65,99
27772,Dawn Meza,F,11th,Rodriguez High School,82,77
27773,Melissa Austin,F,12th,Rodriguez High School,65,94
27774,Matthew Roberts,M,11th,Rodriguez High School,76,99
27775,Roger Jimenez,M,9th,Rodriguez High School,82,60
27776,Barbara Williams,F,12th,Rodriguez High School,79,76
27777,Emily Johnson,F,9th,Rodriguez High School,78,65
27778,James Maxwell,M,10th,Rodriguez High School,76,73
27779,Laurie Decker,F,12th,Rodriguez High School,79,74
27780,Sarah Johnson,F,9th,Rodriguez High School,66,90
27781,Stephanie Fisher,F,9th,Rodriguez High School,79,90
27782,Keith Freeman,M,11th,Rodriguez High School,64,97
27783,Bryan Wheeler,M,12th,Rodriguez High School,79,70
27784,Tammy Williams,F,10th,Rodriguez High School,88,75
27785,Jennifer Mitchell,F,12th,Rodriguez High School,72,97
27786,Carol Ho,F,10th,Rodriguez High School,73,78
27787,Shawn Bond,M,12th,Rodriguez High School,91,56
27788,Chelsea Casey,F,9th,Rodriguez High School,66,65
27789,Hailey Richmond,F,9th,Rodriguez High School,68,83
27790,Joseph Perez,M,12th,Rodriguez High School,80,96
27791,Lauren Rice,F,11th,Rodriguez High School,91,96
27792,Jason Armstrong,M,11th,Rodriguez High School,92,65
27793,Jason Miller,M,12th,Rodriguez High School,93,91
27794,Chad Kirby,M,11th,Rodriguez High School,85,63
27795,Andrew Martinez,M,12th,Rodriguez High School,79,91
27796,Adam Dean,M,9th,Rodriguez High School,72,79
27797,Richard Parrish,M,9th,Rodriguez High School,67,63
27798,Christy Mclaughlin,F,10th,Rodriguez High School,95,60
27799,Timothy Sanchez,M,11th,Rodriguez High School,66,79
27800,Kathryn Mitchell,F,9th,Rodriguez High School,91,80
27801,Kimberly Ward,F,9th,Rodriguez High School,98,79
27802,Darius Gutierrez,M,9th,Rodriguez High School,84,58
27803,Megan Thompson,F,9th,Rodriguez High School,77,75
27804,Daniel Thomas,M,12th,Rodriguez High School,76,74
27805,Laura Clay,F,10th,Rodriguez High School,97,66
27806,Elizabeth Moore,F,11th,Rodriguez High School,73,61
27807,Hannah Gallagher,F,10th,Rodriguez High School,91,67
27808,Ebony Williams,F,9th,Rodriguez High School,97,69
27809,Laura Drake,F,10th,Rodriguez High School,92,89
27810,Cameron French,M,11th,Rodriguez High School,99,97
27811,Amber Williams,F,9th,Rodriguez High School,94,82
27812,Laura Daniel,F,9th,Rodriguez High School,77,82
27813,Alexander Moore,M,12th,Rodriguez High School,74,94
27814,Philip Jones Jr.,M,9th,Rodriguez High School,82,82
27815,Karina Gilbert,F,10th,Rodriguez High School,70,73
27816,Steven Holt,M,9th,Rodriguez High School,69,94
27817,Emma Ferguson,F,11th,Rodriguez High School,85,67
27818,Charles Walker,M,10th,Rodriguez High School,74,61
27819,Jaime Ryan,F,10th,Rodriguez High School,76,99
27820,Thomas Johnston,M,12th,Rodriguez High School,86,98
27821,Deborah Smith,F,11th,Rodriguez High School,90,88
27822,Michael Cobb,M,9th,Rodriguez High School,65,55
27823,Benjamin Stewart,M,11th,Rodriguez High School,77,69
27824,Melissa Copeland,F,12th,Rodriguez High School,78,77
27825,Nicolas Hardy,M,12th,Rodriguez High School,98,56
27826,Carrie Clarke,F,10th,Rodriguez High School,78,68
27827,Jason Cooper,M,10th,Rodriguez High School,92,81
27828,Jane Carroll,F,10th,Rodriguez High School,84,56
27829,Lisa Prince,F,10th,Rodriguez High School,71,81
27830,Leslie Green,F,12th,Rodriguez High School,93,92
27831,John Roberts,M,11th,Rodriguez High School,75,68
27832,Joshua Adams,M,9th,Rodriguez High School,68,83
27833,Dawn Hull,F,10th,Rodriguez High School,90,74
27834,Tonya Johnson,F,11th,Rodriguez High School,87,79
27835,Hannah Williams,F,9th,Rodriguez High School,80,70
27836,Joseph Perez,M,9th,Rodriguez High School,79,71
27837,Greg Joyce Jr.,M,9th,Rodriguez High School,77,88
27838,Rebecca Molina,F,9th,Rodriguez High School,84,93
27839,Lawrence Smith,M,10th,Rodriguez High School,68,76
27840,Rachel Rojas,F,9th,Rodriguez High School,85,66
27841,Tammy Richards,F,9th,Rodriguez High School,93,92
27842,Kara Lynch,F,9th,Rodriguez High School,90,72
27843,Jeremiah Lynch,M,9th,Rodriguez High School,65,98
27844,Kathleen Winters,F,12th,Rodriguez High School,63,78
27845,Linda King,F,10th,Rodriguez High School,72,65
27846,Savannah Gonzalez,F,9th,Rodriguez High School,93,68
27847,David White,M,11th,Rodriguez High School,67,90
27848,Angel Garrett,F,9th,Rodriguez High School,84,62
27849,Barbara Tran,F,10th,Rodriguez High School,68,93
27850,Jeanne Crawford,F,11th,Rodriguez High School,92,79
27851,Charles Henry,M,11th,Rodriguez High School,71,56
27852,Joseph Lawrence,M,10th,Rodriguez High School,96,81
27853,Sophia Conley,F,12th,Rodriguez High School,95,82
27854,Jeffrey Ryan,M,9th,Rodriguez High School,90,59
27855,Nathan Sandoval,M,12th,Rodriguez High School,73,72
27856,Keith Martinez,M,10th,Rodriguez High School,83,66
27857,Mary Walsh,F,12th,Rodriguez High School,64,65
27858,Crystal Schwartz,F,9th,Rodriguez High School,84,59
27859,Mrs. Mary Duarte ,F,9th,Rodriguez High School,81,71
27860,Paul Cox,M,12th,Rodriguez High School,66,56
27861,Edward Taylor,M,11th,Rodriguez High School,94,73
27862,Andrea Thomas,F,9th,Rodriguez High School,80,75
27863,Dylan Campos,M,9th,Rodriguez High School,88,90
27864,William Ramirez,M,9th,Rodriguez High School,95,70
27865,Tyler Harris,M,12th,Rodriguez High School,76,55
27866,Sue Pratt,F,12th,Rodriguez High School,75,79
27867,Ricky Brooks,M,10th,Rodriguez High School,80,57
27868,Barbara Blake,F,9th,Rodriguez High School,65,79
27869,Stephen Howe,M,11th,Rodriguez High School,95,84
27870,Christina Hull ,F,9th,Rodriguez High School,69,86
27871,Jennifer Morgan,F,9th,Rodriguez High School,78,65
27872,Benjamin Griffith,M,9th,Rodriguez High School,93,70
27873,Cody Jackson,M,10th,Rodriguez High School,84,60
27874,Raymond Combs,M,10th,Rodriguez High School,74,94
27875,Daniel Buck,M,11th,Rodriguez High School,80,58
27876,Caroline Ross,F,10th,Rodriguez High School,67,57
27877,Kristopher Perez,M,11th,Rodriguez High School,99,86
27878,Adam Wise,M,11th,Rodriguez High School,94,76
27879,James Pruitt,M,10th,Rodriguez High School,69,59
27880,Kirk Mullen,M,9th,Rodriguez High School,82,66
27881,Heidi Mccoy,F,11th,Rodriguez High School,66,65
27882,Kelly Foster,F,11th,Rodriguez High School,99,60
27883,Lisa Garcia,F,11th,Rodriguez High School,66,56
27884,Christina Bennett,F,10th,Rodriguez High School,81,70
27885,Jesus Reyes,M,9th,Rodriguez High School,65,70
27886,Paul Roberts,M,10th,Rodriguez High School,86,56
27887,Anthony Wilson,M,9th,Rodriguez High School,97,91
27888,Mrs. Lisa Baker,F,9th,Rodriguez High School,76,94
27889,Joseph Russell,M,10th,Rodriguez High School,68,76
27890,Michelle Walton,F,12th,Rodriguez High School,97,63
27891,Mary Sloan,F,12th,Rodriguez High School,91,56
27892,Valerie Morrison,F,9th,Rodriguez High School,63,65
27893,Donna Cherry,F,11th,Rodriguez High School,70,84
27894,Jennifer Hughes,F,10th,Rodriguez High School,99,85
27895,Daniel Wolfe,M,11th,Rodriguez High School,81,89
27896,Lindsey Hanna,F,9th,Rodriguez High School,96,76
27897,James Phillips,M,10th,Rodriguez High School,93,64
27898,Toni Jimenez,F,11th,Rodriguez High School,93,84
27899,Amanda Jimenez,F,9th,Rodriguez High School,90,75
27900,Brianna Church,F,9th,Rodriguez High School,69,95
27901,Samantha Kim,F,10th,Rodriguez High School,78,72
27902,Dana Soto,F,9th,Rodriguez High School,81,70
27903,Joshua King,M,9th,Rodriguez High School,74,57
27904,Shane Elliott,M,10th,Rodriguez High School,80,65
27905,Jennifer Scott,F,9th,Rodriguez High School,92,81
27906,Jason Moore,M,11th,Rodriguez High School,89,68
27907,Katherine Smith,F,11th,Rodriguez High School,91,63
27908,Jessica Walton,F,9th,Rodriguez High School,70,82
27909,Matthew Mitchell,M,12th,Rodriguez High School,78,63
27910,Kristen Palmer,F,9th,Rodriguez High School,88,68
27911,Eric Phillips,M,9th,Rodriguez High School,83,83
27912,Julie Khan,F,11th,Rodriguez High School,77,82
27913,Stephanie Mcclure,F,9th,Rodriguez High School,93,89
27914,Leonard Henry,M,12th,Rodriguez High School,89,82
27915,Stacey Coleman,F,11th,Rodriguez High School,76,71
27916,Jose Crawford,M,11th,Rodriguez High School,64,57
27917,Todd Mitchell,M,10th,Rodriguez High School,73,67
27918,Margaret Chavez,F,9th,Rodriguez High School,89,61
27919,Jonathan Marshall,M,10th,Rodriguez High School,87,88
27920,Debbie Gonzales,F,9th,Rodriguez High School,95,73
27921,Paul Lee,M,11th,Rodriguez High School,85,57
27922,Tiffany Santos,F,9th,Rodriguez High School,68,76
27923,Marilyn Perez,F,10th,Rodriguez High School,94,93
27924,Julia Rivers,F,11th,Rodriguez High School,94,98
27925,Jonathan Jacobs,M,10th,Rodriguez High School,64,76
27926,Jenna Perkins,F,9th,Rodriguez High School,73,85
27927,Patrick Heath,M,10th,Rodriguez High School,93,88
27928,Aaron Wilson,M,12th,Rodriguez High School,95,69
27929,Derek Robinson,M,9th,Rodriguez High School,67,63
27930,Laura Farrell,F,11th,Rodriguez High School,65,66
27931,Daniel Mckinney ,M,9th,Rodriguez High School,79,65
27932,Laura Gallegos,F,11th,Rodriguez High School,98,67
27933,Lisa Walker,F,10th,Rodriguez High School,74,56
27934,Amanda Morton,F,9th,Rodriguez High School,93,73
27935,Randy Bauer,M,9th,Rodriguez High School,90,78
27936,Erin Pham,F,12th,Rodriguez High School,96,64
27937,Debra Moran,F,12th,Rodriguez High School,88,67
27938,Patricia Pena,F,12th,Rodriguez High School,66,60
27939,Kara Henson,F,9th,Rodriguez High School,70,55
27940,Jordan Harvey,M,10th,Rodriguez High School,63,70
27941,Daniel King,M,10th,Rodriguez High School,78,89
27942,Lisa James,F,10th,Rodriguez High School,64,76
27943,Patricia Guerrero,F,9th,Rodriguez High School,97,67
27944,James Nelson,M,12th,Rodriguez High School,91,88
27945,Alison Chapman,F,11th,Rodriguez High School,92,55
27946,Samantha Richardson,F,10th,Rodriguez High School,66,64
27947,Heather Decker,F,11th,Rodriguez High School,91,98
27948,Keith Jackson,M,10th,Rodriguez High School,99,58
27949,Robert Ellis,M,10th,Rodriguez High School,89,95
27950,Tara Gardner,F,9th,Rodriguez High School,88,63
27951,Nicholas Maxwell,M,9th,Rodriguez High School,76,76
27952,Carlos Vasquez,M,11th,Rodriguez High School,99,83
27953,Brandi Leonard,F,9th,Rodriguez High School,80,69
27954,Courtney Sweeney,F,10th,Rodriguez High School,94,97
27955,Andrea King,F,12th,Rodriguez High School,93,91
27956,Gregory Green,M,12th,Rodriguez High School,76,81
27957,Anna Mcbride,F,9th,Rodriguez High School,98,56
27958,Benjamin Harper,M,9th,Rodriguez High School,66,80
27959,Brittany Davis,F,9th,Rodriguez High School,99,83
27960,Justin Harrison,M,9th,Rodriguez High School,66,71
27961,Lauren Burns,F,11th,Rodriguez High School,87,70
27962,Phillip Gates,M,12th,Rodriguez High School,83,87
27963,Bradley Fitzgerald,M,11th,Rodriguez High School,74,65
27964,Bruce Hernandez,M,11th,Rodriguez High School,94,72
27965,Tonya Mendoza,F,10th,Rodriguez High School,77,64
27966,Ashley Garza,F,12th,Rodriguez High School,68,80
27967,Lauren Collins,F,10th,Rodriguez High School,90,78
27968,Robert Jimenez,M,9th,Rodriguez High School,88,93
27969,Dale Rodriguez,M,11th,Rodriguez High School,64,63
27970,Jeffrey Porter,M,10th,Rodriguez High School,64,61
27971,Kristy Jackson,F,10th,Rodriguez High School,67,72
27972,Jackie Bishop,F,10th,Rodriguez High School,80,84
27973,Julia Clark,F,9th,Rodriguez High School,65,99
27974,Ryan West,M,11th,Rodriguez High School,93,97
27975,Austin Osborne,M,9th,Rodriguez High School,92,91
27976,Nicholas Moore,M,12th,Rodriguez High School,83,79
27977,Kristi Mitchell,F,10th,Rodriguez High School,84,96
27978,David Giles,M,10th,Rodriguez High School,93,74
27979,Jimmy Young,M,11th,Rodriguez High School,76,96
27980,Elizabeth Fitzgerald,F,11th,Rodriguez High School,72,94
27981,Heather Reed,F,9th,Rodriguez High School,72,59
27982,April Sawyer,F,11th,Rodriguez High School,93,80
27983,Cynthia Montoya,F,12th,Rodriguez High School,92,69
27984,James Jackson,M,9th,Rodriguez High School,82,66
27985,Michael Sanchez,M,12th,Rodriguez High School,85,78
27986,Troy Hooper,M,10th,Rodriguez High School,64,62
27987,Rachel Bowen,F,11th,Rodriguez High School,65,62
27988,Joseph Bush,M,11th,Rodriguez High School,64,96
27989,Mark Jefferson,M,10th,Rodriguez High School,78,70
27990,Jimmy Hess,M,11th,Rodriguez High School,89,66
27991,Danielle Avila,F,10th,Rodriguez High School,92,82
27992,Deborah Moon,F,10th,Rodriguez High School,80,90
27993,Gregory Thomas,M,10th,Rodriguez High School,74,88
27994,Tiffany Morgan,F,9th,Rodriguez High School,96,73
27995,Cindy Bird,F,9th,Rodriguez High School,96,55
27996,Brittany Garza,F,10th,Rodriguez High School,74,76
27997,Shelia Conley,F,9th,Rodriguez High School,67,58
27998,Lisa Long,F,12th,Rodriguez High School,69,62
27999,Sandy Juarez,F,10th,Rodriguez High School,64,67
28000,Carrie Byrd,F,10th,Rodriguez High School,64,56
28001,Terry Turner,M,9th,Rodriguez High School,99,74
28002,Teresa Munoz,F,10th,Rodriguez High School,80,89
28003,Dustin Quinn,M,11th,Rodriguez High School,74,90
28004,Tamara Young,F,12th,Rodriguez High School,88,86
28005,Luis Aguirre,M,9th,Rodriguez High School,72,88
28006,Christine Wright,F,10th,Rodriguez High School,97,69
28007,Joshua Garza,M,10th,Rodriguez High School,97,57
28008,John Greene,M,9th,Rodriguez High School,88,85
28009,Jill Carter,F,12th,Rodriguez High School,89,95
28010,Tamara Shepherd,F,9th,Rodriguez High School,85,71
28011,Michael Rosales,M,10th,Rodriguez High School,64,75
28012,Claire Nelson,F,10th,Rodriguez High School,83,55
28013,Ann Caldwell,F,10th,Rodriguez High School,87,59
28014,Samuel Anderson,M,9th,Rodriguez High School,95,69
28015,Jennifer Hall,F,9th,Rodriguez High School,91,77
28016,Lori Clarke,F,10th,Rodriguez High School,70,86
28017,Claire Singh,F,10th,Rodriguez High School,77,74
28018,Susan Taylor,F,9th,Rodriguez High School,98,66
28019,John Murray,M,10th,Rodriguez High School,89,97
28020,Amber Smith,F,10th,Rodriguez High School,77,94
28021,Allen Simmons,M,12th,Rodriguez High School,88,98
28022,Steven Rogers,M,9th,Rodriguez High School,67,58
28023,Nicole Martinez ,F,11th,Rodriguez High School,89,91
28024,Juan Nicholson,M,9th,Rodriguez High School,91,87
28025,Rose Rios,F,12th,Rodriguez High School,67,96
28026,Donna Olson,F,9th,Rodriguez High School,81,59
28027,Geoffrey Lowery,M,10th,Rodriguez High School,76,55
28028,David Robinson ,M,9th,Rodriguez High School,84,79
28029,Thomas Macdonald,M,9th,Rodriguez High School,97,89
28030,Mark Smith,M,10th,Rodriguez High School,87,81
28031,Joe Butler ,M,11th,Rodriguez High School,81,92
28032,Christina Gardner,F,11th,Rodriguez High School,77,55
28033,Joshua Thompson,M,9th,Rodriguez High School,86,57
28034,David Perez,M,10th,Rodriguez High School,68,73
28035,Tiffany Cain,F,9th,Rodriguez High School,86,80
28036,Douglas Mccarthy,M,9th,Rodriguez High School,84,60
28037,Susan Mercado,F,10th,Rodriguez High School,72,56
28038,Debra Lewis,F,9th,Rodriguez High School,83,64
28039,Thomas Alexander,M,9th,Rodriguez High School,63,88
28040,Brittany Torres,F,12th,Rodriguez High School,65,83
28041,April Scott,F,10th,Rodriguez High School,69,86
28042,Sarah Durham,F,12th,Rodriguez High School,99,70
28043,Brian Terry,M,9th,Rodriguez High School,92,60
28044,Danielle Harris,F,10th,Rodriguez High School,85,64
28045,Paul Hardy,M,11th,Rodriguez High School,71,82
28046,Felicia Garcia,F,11th,Rodriguez High School,96,58
28047,Stacey Baird,F,12th,Rodriguez High School,97,84
28048,Amy Price,F,10th,Rodriguez High School,87,80
28049,Melinda Thomas,F,10th,Rodriguez High School,84,87
28050,Heather Flores,F,9th,Rodriguez High School,86,59
28051,Larry Fritz,M,10th,Rodriguez High School,83,91
28052,Linda Miller,F,12th,Rodriguez High School,85,60
28053,Robert Richmond,M,11th,Rodriguez High School,76,72
28054,Zachary Strong,M,10th,Rodriguez High School,80,75
28055,Paula Wilson,F,11th,Rodriguez High School,88,72
28056,Julie Summers,F,9th,Rodriguez High School,70,92
28057,Sara Martinez,F,10th,Rodriguez High School,73,70
28058,Nathaniel Lowe,M,10th,Rodriguez High School,86,77
28059,Ashley Anderson,F,9th,Rodriguez High School,79,66
28060,Troy Murray,M,10th,Rodriguez High School,85,77
28061,Kim Willis,F,12th,Rodriguez High School,64,98
28062,Thomas Frye Jr.,M,9th,Rodriguez High School,80,73
28063,Paul Johnson,M,12th,Rodriguez High School,73,55
28064,Shelby Brown,F,9th,Rodriguez High School,90,63
28065,Angie Forbes,F,9th,Rodriguez High School,85,67
28066,Stephen Hudson,M,9th,Rodriguez High School,88,70
28067,Tyler Norton,M,10th,Rodriguez High School,73,76
28068,Dennis Stephens,M,9th,Rodriguez High School,85,65
28069,Valerie Sharp,F,12th,Rodriguez High School,95,57
28070,Dawn Kelley,F,10th,Rodriguez High School,66,72
28071,Sarah Obrien,F,12th,Rodriguez High School,80,61
28072,Robert Rangel,M,9th,Rodriguez High School,93,84
28073,Patricia Scott,F,9th,Rodriguez High School,64,77
28074,Melissa Anderson,F,11th,Rodriguez High School,85,68
28075,Emily Jenkins,F,9th,Rodriguez High School,95,68
28076,Bryan Dennis,M,12th,Rodriguez High School,85,75
28077,Charles Marshall,M,12th,Rodriguez High School,86,73
28078,Charles Thompson,M,9th,Rodriguez High School,80,58
28079,Melvin Webster,M,11th,Rodriguez High School,94,68
28080,Ashlee Williams,F,12th,Rodriguez High School,98,64
28081,Krystal Donovan,F,12th,Rodriguez High School,80,71
28082,Emily Brown,F,9th,Rodriguez High School,69,64
28083,Cameron Hopkins,M,10th,Rodriguez High School,81,64
28084,Bethany Summers,F,11th,Rodriguez High School,74,85
28085,Michele Landry,F,11th,Rodriguez High School,85,88
28086,Alexander Duncan,M,9th,Rodriguez High School,84,68
28087,Kristin Gonzales,F,9th,Rodriguez High School,83,85
28088,Scott Shannon,M,10th,Rodriguez High School,99,65
28089,Michael Chapman,M,12th,Rodriguez High School,86,76
28090,Andrea Davis,F,10th,Rodriguez High School,99,65
28091,Patricia Foster,F,12th,Rodriguez High School,97,69
28092,Alyssa Tran,F,11th,Rodriguez High School,79,73
28093,Lauren Moore,F,10th,Rodriguez High School,84,85
28094,Christopher Duffy,M,10th,Rodriguez High School,88,57
28095,David Singleton,M,12th,Rodriguez High School,83,79
28096,Jason Davis,M,11th,Rodriguez High School,76,86
28097,Madison Wilson,F,11th,Rodriguez High School,68,97
28098,Tristan Cummings,M,12th,Rodriguez High School,70,70
28099,Lindsey Greer,F,9th,Rodriguez High School,98,58
28100,Jeremiah Franklin,M,10th,Rodriguez High School,87,89
28101,Mark Schwartz,M,11th,Rodriguez High School,76,58
28102,Shawn Christensen,M,9th,Rodriguez High School,73,77
28103,Tim Tran,M,12th,Rodriguez High School,70,65
28104,Nancy Ramsey,F,12th,Rodriguez High School,72,98
28105,Tommy Johnson,M,12th,Rodriguez High School,71,57
28106,Kayla Farmer,F,12th,Rodriguez High School,85,63
28107,Eric Porter,M,9th,Rodriguez High School,90,78
28108,Sean Sullivan,M,10th,Rodriguez High School,80,85
28109,Rhonda Williams,F,10th,Rodriguez High School,65,65
28110,Mario Kramer,M,9th,Rodriguez High School,69,69
28111,David Delgado,M,12th,Rodriguez High School,84,90
28112,Thomas Phillips,M,12th,Rodriguez High School,63,72
28113,Stephanie Edwards,F,9th,Rodriguez High School,72,55
28114,Patrick Mcdaniel PhD,M,10th,Rodriguez High School,86,60
28115,Morgan Ramos,F,11th,Rodriguez High School,79,75
28116,Willie Dean,M,10th,Rodriguez High School,79,74
28117,John Hamilton,M,11th,Rodriguez High School,74,72
28118,Tyler Mora,M,9th,Rodriguez High School,88,99
28119,Anthony Tran,M,9th,Rodriguez High School,70,81
28120,Stephanie Mcintosh,F,9th,Rodriguez High School,96,62
28121,Gabriel Williams,M,12th,Rodriguez High School,83,78
28122,Benjamin Williams,M,10th,Rodriguez High School,75,99
28123,Jennifer Rowland,F,10th,Rodriguez High School,85,86
28124,Maria Weber,F,11th,Rodriguez High School,75,73
28125,Paula Wright,F,10th,Rodriguez High School,71,95
28126,Angela Garner,F,12th,Rodriguez High School,89,93
28127,Scott Black,M,9th,Rodriguez High School,95,60
28128,Shawn Jacobson,M,12th,Rodriguez High School,84,79
28129,Jennifer Massey,F,10th,Rodriguez High School,83,62
28130,Philip Martin,M,9th,Rodriguez High School,78,56
28131,Kristin Kennedy,F,10th,Rodriguez High School,92,69
28132,Patricia Jones,F,9th,Rodriguez High School,79,71
28133,Brooke Williams,F,12th,Rodriguez High School,65,84
28134,David Stanton,M,10th,Rodriguez High School,71,88
28135,Elizabeth Farmer,F,10th,Rodriguez High School,95,88
28136,Steven Lee,M,11th,Rodriguez High School,68,85
28137,Ashley Watson,F,11th,Rodriguez High School,75,87
28138,Ashley Serrano,F,12th,Rodriguez High School,84,68
28139,Stephanie Davis,F,11th,Rodriguez High School,98,93
28140,Connor Lowery,M,12th,Rodriguez High School,74,90
28141,Barbara Thompson,F,9th,Rodriguez High School,83,55
28142,Leah Ross,F,11th,Rodriguez High School,99,89
28143,Judith Taylor,F,11th,Rodriguez High School,64,78
28144,John Ferguson,M,12th,Rodriguez High School,98,56
28145,John Brown,M,11th,Rodriguez High School,80,70
28146,David Hanson,M,12th,Rodriguez High School,67,75
28147,Debra Perry,F,10th,Rodriguez High School,90,71
28148,Derrick Potter,M,11th,Rodriguez High School,68,90
28149,Joshua Simpson,M,12th,Rodriguez High School,72,75
28150,Duane Bailey,M,10th,Rodriguez High School,83,84
28151,Thomas Wagner,M,10th,Rodriguez High School,78,96
28152,Robert Edwards PhD,M,10th,Rodriguez High School,82,82
28153,Samuel Evans,M,12th,Rodriguez High School,69,94
28154,Ronald Norris,M,10th,Rodriguez High School,75,73
28155,Karen Grant,F,12th,Rodriguez High School,63,76
28156,Brittany Williams,F,12th,Rodriguez High School,88,96
28157,Rebecca Bates,F,10th,Rodriguez High School,83,64
28158,David Terry,M,11th,Rodriguez High School,72,98
28159,Joe Johnson,M,12th,Rodriguez High School,84,75
28160,David Perez,M,11th,Rodriguez High School,84,93
28161,Joshua Buchanan,M,11th,Rodriguez High School,95,56
28162,Joseph Randall,M,10th,Rodriguez High School,76,91
28163,Sean Bird,M,11th,Rodriguez High School,63,99
28164,Kimberly Wilson,F,11th,Rodriguez High School,88,57
28165,Brittney Moore,F,10th,Rodriguez High School,71,90
28166,David Williams,M,10th,Rodriguez High School,92,58
28167,Peter Martinez,M,10th,Rodriguez High School,81,83
28168,Michele Jacobs,F,11th,Rodriguez High School,75,98
28169,Ross Martinez,M,9th,Rodriguez High School,86,87
28170,Cameron Perez,M,10th,Rodriguez High School,90,99
28171,Ronald Doyle,M,11th,Rodriguez High School,90,95
28172,Chad Arnold,M,11th,Rodriguez High School,89,61
28173,Danielle Allen,F,10th,Rodriguez High School,68,83
28174,Joshua Hubbard,M,11th,Rodriguez High School,95,78
28175,Kelly Gutierrez,F,12th,Rodriguez High School,70,75
28176,Alexis Walker,F,11th,Rodriguez High School,72,61
28177,Christopher Freeman,M,12th,Rodriguez High School,73,81
28178,Casey Perry,M,9th,Rodriguez High School,97,97
28179,David Walker,M,10th,Rodriguez High School,71,99
28180,Laura Martin,F,9th,Rodriguez High School,81,69
28181,Christine Riley,F,12th,Rodriguez High School,67,59
28182,Christopher Griffith,M,11th,Rodriguez High School,74,92
28183,Timothy Miles,M,10th,Rodriguez High School,74,88
28184,Timothy Hill,M,10th,Rodriguez High School,77,62
28185,James Davis,M,10th,Rodriguez High School,75,81
28186,Dawn Scott,F,11th,Rodriguez High School,69,63
28187,William Hampton,M,12th,Rodriguez High School,94,99
28188,Kevin Gibbs,M,12th,Rodriguez High School,90,76
28189,Leah Wilcox,F,11th,Rodriguez High School,70,87
28190,Edward Byrd,M,10th,Rodriguez High School,72,60
28191,Erica Mccarty,F,11th,Rodriguez High School,76,77
28192,Sydney Owens,F,11th,Rodriguez High School,83,61
28193,Kelly Bates,F,11th,Rodriguez High School,92,79
28194,Kristin Jones,F,11th,Rodriguez High School,89,77
28195,Edwin Padilla,M,11th,Rodriguez High School,95,69
28196,Jack Perez,M,11th,Rodriguez High School,66,82
28197,Tyler Keller,M,10th,Rodriguez High School,66,57
28198,Cynthia Mclaughlin PhD,F,12th,Rodriguez High School,63,58
28199,Jason Ashley,M,9th,Rodriguez High School,75,55
28200,Jacob Brown,M,9th,Rodriguez High School,69,63
28201,Curtis Riley,M,10th,Rodriguez High School,75,63
28202,Billy Johnson,M,11th,Rodriguez High School,99,85
28203,Sarah Avery,F,12th,Rodriguez High School,87,71
28204,Gregory Davies,M,9th,Rodriguez High School,72,66
28205,Dustin Hernandez,M,10th,Rodriguez High School,93,91
28206,Jeffrey Le,M,10th,Rodriguez High School,98,84
28207,Angela Wang,F,10th,Rodriguez High School,66,72
28208,Louis Ortiz,M,12th,Rodriguez High School,79,97
28209,Michael Riley,M,12th,Rodriguez High School,66,85
28210,Sheryl Holmes,F,11th,Rodriguez High School,87,75
28211,Kevin Hamilton,M,9th,Rodriguez High School,83,77
28212,Mark Smith,M,9th,Rodriguez High School,73,68
28213,Kim Henderson,F,10th,Rodriguez High School,86,95
28214,Jessica Forbes,F,10th,Rodriguez High School,85,78
28215,Lindsay Mendoza,F,11th,Rodriguez High School,84,57
28216,Cassie Jacobs,F,9th,Rodriguez High School,93,91
28217,Tammy Powell,F,12th,Rodriguez High School,84,63
28218,Sean Davis,M,9th,Rodriguez High School,79,75
28219,Michelle Wells,F,10th,Rodriguez High School,69,58
28220,Gina Le,F,10th,Rodriguez High School,80,85
28221,Cathy Jones,F,12th,Rodriguez High School,95,56
28222,Melissa Wallace,F,12th,Rodriguez High School,69,63
28223,Wesley Taylor,M,10th,Rodriguez High School,97,92
28224,Paul Stephenson,M,9th,Rodriguez High School,64,78
28225,John Garrison,M,9th,Rodriguez High School,97,58
28226,Tyler Stephens,M,12th,Rodriguez High School,82,63
28227,Jim Alvarez,M,9th,Rodriguez High School,99,93
28228,Jerome Brooks,M,10th,Rodriguez High School,70,68
28229,William Padilla,M,10th,Rodriguez High School,69,75
28230,Valerie Scott,F,9th,Rodriguez High School,69,67
28231,Theresa May,F,10th,Rodriguez High School,63,66
28232,Richard Armstrong,M,9th,Rodriguez High School,81,72
28233,Christopher Mack,M,12th,Rodriguez High School,94,60
28234,Lisa Campbell,F,12th,Rodriguez High School,68,98
28235,Jason Conley,M,9th,Rodriguez High School,66,61
28236,Melissa Gross,F,12th,Rodriguez High School,72,68
28237,Mark Hardy ,M,9th,Rodriguez High School,92,57
28238,Amber Russell,F,9th,Rodriguez High School,84,59
28239,Kelly Hernandez,F,9th,Rodriguez High School,63,85
28240,Jordan Sandoval,F,9th,Rodriguez High School,63,86
28241,Erin Wilson,F,10th,Rodriguez High School,80,79
28242,David Mullen,M,11th,Rodriguez High School,72,67
28243,Adam Parrish,M,12th,Rodriguez High School,78,56
28244,Steven Carrillo,M,12th,Rodriguez High School,88,96
28245,Travis Anderson,M,9th,Rodriguez High School,84,64
28246,Karen Johnson,F,11th,Rodriguez High School,77,78
28247,Ryan Jones,M,9th,Rodriguez High School,81,95
28248,Jack Alexander,M,11th,Rodriguez High School,81,85
28249,Jo Wallace,F,12th,Rodriguez High School,71,80
28250,George Cunningham,M,10th,Rodriguez High School,73,78
28251,Jessica Willis,F,9th,Rodriguez High School,87,72
28252,Emily Young,F,9th,Rodriguez High School,83,88
28253,Kathryn Riley,F,12th,Rodriguez High School,80,97
28254,Jessica Pope,F,9th,Rodriguez High School,76,95
28255,Tracy Torres,F,10th,Rodriguez High School,71,58
28256,Allison Noble,F,11th,Rodriguez High School,95,79
28257,Sharon Mckenzie,F,10th,Rodriguez High School,81,88
28258,Mark Morrow,M,10th,Rodriguez High School,82,73
28259,Brian Smith,M,9th,Rodriguez High School,71,55
28260,Grace Williamson,F,11th,Rodriguez High School,94,97
28261,Haley Oliver,F,12th,Rodriguez High School,76,85
28262,Eric Hogan,M,11th,Rodriguez High School,96,81
28263,David Palmer,M,10th,Rodriguez High School,93,79
28264,Nathan Sandoval,M,10th,Rodriguez High School,63,93
28265,Grant Pena,M,11th,Rodriguez High School,86,92
28266,Thomas Cardenas,M,10th,Rodriguez High School,72,58
28267,Robert Garrett,M,12th,Rodriguez High School,71,67
28268,Garrett Solomon,M,9th,Rodriguez High School,65,94
28269,Scott Hansen,M,12th,Rodriguez High School,96,83
28270,Emily Sanchez,F,9th,Rodriguez High School,66,97
28271,Wendy Boyd,F,12th,Rodriguez High School,97,64
28272,Sara Moss,F,10th,Rodriguez High School,86,80
28273,Robert Hatfield,M,12th,Rodriguez High School,80,60
28274,Veronica Lamb,F,9th,Rodriguez High School,88,77
28275,David Walker,M,12th,Rodriguez High School,95,75
28276,Elizabeth Sutton,F,9th,Rodriguez High School,75,87
28277,Megan Pena,F,12th,Rodriguez High School,65,81
28278,Sarah Walsh,F,9th,Rodriguez High School,98,77
28279,Kevin Bell,M,10th,Rodriguez High School,96,98
28280,Jennifer Jackson,F,9th,Rodriguez High School,76,84
28281,Julie Jennings,F,11th,Rodriguez High School,84,82
28282,John Bradley,M,12th,Rodriguez High School,67,98
28283,Katelyn Elliott,F,12th,Rodriguez High School,95,95
28284,Jason Lewis,M,10th,Rodriguez High School,67,55
28285,Traci Burch,F,12th,Rodriguez High School,92,64
28286,Gary Liu,M,12th,Rodriguez High School,75,55
28287,Kristen Kim,F,11th,Rodriguez High School,97,75
28288,Courtney Thomas,F,11th,Rodriguez High School,96,91
28289,Carol Thompson,F,12th,Rodriguez High School,90,78
28290,Roberta Carpenter,F,9th,Rodriguez High School,83,82
28291,Megan Sanford,F,9th,Rodriguez High School,98,65
28292,Mrs. Heather Price,F,10th,Rodriguez High School,88,73
28293,Ann Murray,F,12th,Rodriguez High School,66,63
28294,Terry Hensley,M,9th,Rodriguez High School,90,98
28295,Laura Williamson,F,11th,Rodriguez High School,70,89
28296,Brandon Nguyen,M,10th,Rodriguez High School,66,74
28297,Savannah Tate,F,9th,Rodriguez High School,84,76
28298,Stephanie Hayes,F,11th,Rodriguez High School,93,78
28299,Catherine Ramirez,F,12th,Rodriguez High School,74,99
28300,Javier Harris,M,9th,Rodriguez High School,64,66
28301,Brittany Parker,F,11th,Rodriguez High School,80,98
28302,Stephen Alexander,M,9th,Rodriguez High School,65,55
28303,Ashley Howell,F,12th,Rodriguez High School,75,93
28304,Michelle Smith,F,11th,Rodriguez High School,63,99
28305,Victoria Atkins,F,12th,Rodriguez High School,78,94
28306,Seth Pitts,M,11th,Rodriguez High School,73,58
28307,Brandon Wilson,M,10th,Rodriguez High School,78,80
28308,Noah Khan,M,9th,Rodriguez High School,67,75
28309,Craig Turner,M,11th,Rodriguez High School,65,70
28310,Natasha Parker,F,10th,Rodriguez High School,98,64
28311,Dana Hunt,F,11th,Rodriguez High School,85,60
28312,Gregory Burton,M,12th,Rodriguez High School,73,79
28313,Michael Burgess,M,9th,Rodriguez High School,91,59
28314,Bryan Evans,M,12th,Rodriguez High School,67,86
28315,Rita Ward,F,11th,Rodriguez High School,81,83
28316,Matthew Fischer,M,9th,Rodriguez High School,93,79
28317,James Adams,M,9th,Rodriguez High School,81,66
28318,Shelly Grant,F,10th,Rodriguez High School,90,66
28319,Robert Hendrix,M,11th,Rodriguez High School,75,64
28320,Lynn Williams,F,10th,Rodriguez High School,84,97
28321,Michael Eaton,M,9th,Rodriguez High School,82,75
28322,Kathleen Dunn,F,9th,Rodriguez High School,69,65
28323,William Lawson,M,9th,Rodriguez High School,98,82
28324,Sharon Lee,F,10th,Rodriguez High School,73,74
28325,Natalie Montgomery,F,9th,Rodriguez High School,98,64
28326,Kevin Kemp,M,12th,Rodriguez High School,79,89
28327,Sarah Kennedy,F,11th,Rodriguez High School,99,88
28328,Wanda Smith,F,9th,Rodriguez High School,86,85
28329,Christopher Key,M,11th,Rodriguez High School,80,70
28330,Adam Ramirez,M,9th,Rodriguez High School,93,65
28331,Kimberly Schmidt,F,10th,Rodriguez High School,89,59
28332,Erin Ibarra,F,9th,Rodriguez High School,93,83
28333,William Dominguez,M,10th,Rodriguez High School,99,97
28334,Brooke Roth,F,10th,Rodriguez High School,72,68
28335,Omar Tucker,M,11th,Rodriguez High School,92,94
28336,Melissa Santiago,F,12th,Rodriguez High School,94,76
28337,Matthew Andersen,M,10th,Rodriguez High School,69,86
28338,Joseph Marquez Jr.,M,11th,Rodriguez High School,65,62
28339,Matthew Wade,M,11th,Rodriguez High School,84,62
28340,Yvonne Cabrera,F,9th,Rodriguez High School,90,76
28341,Sarah Zamora,F,9th,Rodriguez High School,98,66
28342,Rebecca Suarez,F,11th,Rodriguez High School,99,82
28343,Deborah Williams,F,9th,Rodriguez High School,74,65
28344,Angela Lyons,F,10th,Rodriguez High School,68,95
28345,Garrett Crosby,M,10th,Rodriguez High School,95,59
28346,Autumn Martinez,F,11th,Rodriguez High School,79,58
28347,Eric Long,M,9th,Rodriguez High School,64,92
28348,Nancy Johnson,F,10th,Rodriguez High School,78,69
28349,Lucas Jackson,M,10th,Rodriguez High School,81,87
28350,Lisa Sanders,F,11th,Rodriguez High School,80,90
28351,Anna Juarez,F,9th,Rodriguez High School,68,86
28352,Ryan Cochran,M,9th,Rodriguez High School,81,84
28353,Jose Jackson,M,11th,Rodriguez High School,68,94
28354,Megan Medina,F,10th,Rodriguez High School,64,93
28355,Megan Haynes,F,9th,Rodriguez High School,90,76
28356,Ashley Rogers,F,11th,Rodriguez High School,64,98
28357,Sheila Castro,F,9th,Rodriguez High School,87,99
28358,Tracey Jackson,F,10th,Rodriguez High School,87,88
28359,Daniel Alvarado,M,12th,Rodriguez High School,75,95
28360,Zachary Waters,M,9th,Rodriguez High School,94,69
28361,Ashley Villa,F,10th,Rodriguez High School,76,84
28362,Paula Dawson,F,11th,Rodriguez High School,95,57
28363,Hector Rodriguez,M,9th,Rodriguez High School,93,85
28364,Zachary Herring,M,9th,Rodriguez High School,71,86
28365,Samuel Chavez,M,11th,Rodriguez High School,98,55
28366,Alicia Adkins,F,12th,Rodriguez High School,87,68
28367,Michelle Cox,F,10th,Rodriguez High School,74,75
28368,Kimberly Gibson,F,9th,Rodriguez High School,97,77
28369,Amanda Orr,F,11th,Rodriguez High School,63,79
28370,Blake Morrison,M,12th,Rodriguez High School,90,68
28371,Hector Douglas,M,9th,Rodriguez High School,98,94
28372,James Hebert,M,10th,Rodriguez High School,80,64
28373,Kelly Novak,F,12th,Rodriguez High School,79,72
28374,Marissa Douglas,F,10th,Rodriguez High School,76,81
28375,Kenneth Mitchell,M,9th,Rodriguez High School,75,56
28376,Harold Reyes,M,12th,Rodriguez High School,79,70
28377,Jennifer Phillips,F,11th,Rodriguez High School,69,62
28378,Charles Gonzales,M,12th,Rodriguez High School,66,94
28379,Lori Wade,F,10th,Rodriguez High School,88,64
28380,Jacob Cobb,M,9th,Rodriguez High School,85,95
28381,William Valdez,M,11th,Rodriguez High School,80,99
28382,Danielle Mercer ,F,10th,Rodriguez High School,69,68
28383,William Wilson,M,9th,Rodriguez High School,66,97
28384,Zachary Pham,M,10th,Rodriguez High School,72,58
28385,Jonathan Newton,M,12th,Rodriguez High School,63,59
28386,Richard Mendoza,M,9th,Rodriguez High School,98,85
28387,Danielle Ray,F,9th,Rodriguez High School,71,60
28388,Kenneth Barr,M,10th,Rodriguez High School,64,71
28389,Craig Perez,M,10th,Rodriguez High School,67,66
28390,Martin Conley,M,9th,Rodriguez High School,94,91
28391,Kayla Marshall,F,11th,Rodriguez High School,65,55
28392,Jody Heath,F,11th,Rodriguez High School,73,63
28393,Ashley Mahoney,F,10th,Rodriguez High School,96,95
28394,Brian Joseph,M,10th,Rodriguez High School,88,70
28395,Ann Sheppard,F,12th,Rodriguez High School,77,83
28396,Austin Evans,M,12th,Rodriguez High School,80,87
28397,Margaret Valenzuela,F,11th,Rodriguez High School,78,70
28398,Sara Gonzalez,F,10th,Rodriguez High School,93,97
28399,Robert Bell,M,9th,Rodriguez High School,89,55
28400,Brenda Costa,F,9th,Rodriguez High School,95,64
28401,James Munoz,M,9th,Rodriguez High School,86,93
28402,Nicole Woods,F,11th,Rodriguez High School,91,98
28403,Jason Jones,M,10th,Rodriguez High School,90,96
28404,Sierra Fischer,F,9th,Rodriguez High School,67,83
28405,Penny Barnes,F,10th,Rodriguez High School,97,88
28406,Brenda Vaughn,F,9th,Rodriguez High School,75,81
28407,Donald Williams,M,11th,Rodriguez High School,87,57
28408,Brenda Carter,F,11th,Rodriguez High School,78,94
28409,Dalton Nixon,M,11th,Rodriguez High School,88,88
28410,Gregory Edwards,M,10th,Rodriguez High School,68,71
28411,Karen Acosta,F,9th,Rodriguez High School,66,87
28412,Jacqueline York ,F,9th,Rodriguez High School,80,86
28413,Paula Jones,F,9th,Rodriguez High School,96,70
28414,Dylan Blanchard,M,11th,Rodriguez High School,77,80
28415,Kristina Burke,F,11th,Rodriguez High School,94,99
28416,Alyssa Byrd,F,9th,Rodriguez High School,68,56
28417,Clifford Gordon,M,12th,Rodriguez High School,66,81
28418,Breanna Nunez,F,10th,Rodriguez High School,78,84
28419,Alexandra Garcia,F,12th,Rodriguez High School,83,95
28420,Jessica Ford,F,12th,Rodriguez High School,75,98
28421,Brandi Martinez,F,9th,Rodriguez High School,80,91
28422,Dwayne Hunt,M,11th,Rodriguez High School,77,86
28423,Leah Charles,F,11th,Rodriguez High School,82,75
28424,Joseph Garcia,M,11th,Rodriguez High School,73,87
28425,William Mcdonald,M,11th,Rodriguez High School,98,92
28426,Lori Davis,F,9th,Rodriguez High School,93,78
28427,Olivia Hill,F,12th,Rodriguez High School,84,94
28428,Jennifer Parker,F,12th,Rodriguez High School,80,83
28429,Caitlin Shepherd,F,9th,Rodriguez High School,90,98
28430,Mikayla Mills,F,12th,Rodriguez High School,74,93
28431,Elizabeth Castaneda,F,9th,Rodriguez High School,85,84
28432,Donna Robinson,F,10th,Rodriguez High School,73,56
28433,Barbara Cole,F,10th,Rodriguez High School,76,57
28434,Kelly Black,F,10th,Rodriguez High School,98,66
28435,Brittany Walker,F,9th,Rodriguez High School,75,59
28436,Megan Miller,F,12th,Rodriguez High School,94,61
28437,Nicholas Mullins,M,10th,Rodriguez High School,77,86
28438,Allen White,M,9th,Rodriguez High School,91,55
28439,Javier Garcia,M,9th,Rodriguez High School,73,67
28440,Melvin Zuniga,M,9th,Rodriguez High School,63,67
28441,Brooke Nash,F,11th,Rodriguez High School,67,55
28442,Michele Jones,F,11th,Rodriguez High School,87,77
28443,Rachel Christian,F,10th,Rodriguez High School,67,67
28444,Tommy Daniels,M,12th,Rodriguez High School,88,87
28445,Ann Smith,F,9th,Rodriguez High School,67,76
28446,Vicki Wallace,F,9th,Rodriguez High School,95,61
28447,Kim Duran,F,9th,Rodriguez High School,82,60
28448,Marcus Valencia,M,11th,Rodriguez High School,92,70
28449,James Lynch,M,11th,Rodriguez High School,89,61
28450,Melissa Jacobson,F,12th,Rodriguez High School,86,77
28451,Dennis Johnson,M,12th,Rodriguez High School,80,80
28452,Ashley Brown,F,9th,Rodriguez High School,66,84
28453,Maria Hall,F,9th,Rodriguez High School,71,75
28454,Dustin Riley,M,9th,Rodriguez High School,90,94
28455,Jessica Valdez,F,9th,Rodriguez High School,81,79
28456,Ashley Tapia,F,9th,Rodriguez High School,89,68
28457,Bridget Jackson,F,9th,Rodriguez High School,91,60
28458,Jennifer Wilkinson,F,12th,Rodriguez High School,65,74
28459,Dylan Norris,M,12th,Rodriguez High School,76,69
28460,David Harvey,M,12th,Rodriguez High School,67,74
28461,Michelle Nelson,F,10th,Rodriguez High School,65,76
28462,Dylan Lynch,M,9th,Rodriguez High School,79,70
28463,Steven Dawson,M,11th,Rodriguez High School,79,57
28464,Jason Cook,M,10th,Rodriguez High School,97,69
28465,Jonathan Allison,M,11th,Rodriguez High School,76,95
28466,Grant Martin,M,9th,Rodriguez High School,64,92
28467,James Solomon,M,9th,Rodriguez High School,75,76
28468,Barbara Kelly,F,11th,Rodriguez High School,74,82
28469,Michael Johnson,M,12th,Rodriguez High School,72,95
28470,Casey Young,F,10th,Rodriguez High School,93,79
28471,Karen Morris,F,10th,Rodriguez High School,89,94
28472,Roger Reynolds,M,11th,Rodriguez High School,71,91
28473,Hunter Carter,M,10th,Rodriguez High School,75,72
28474,Gregory Parker,M,11th,Rodriguez High School,82,74
28475,John Cook,M,10th,Rodriguez High School,80,63
28476,Kerry Fitzgerald,F,11th,Rodriguez High School,89,81
28477,Dennis Burton,M,11th,Rodriguez High School,96,77
28478,Kimberly Bryant,F,9th,Rodriguez High School,64,91
28479,Sabrina Cohen,F,11th,Rodriguez High School,78,71
28480,Heidi Olson,F,11th,Rodriguez High School,63,98
28481,Thomas Malone,M,12th,Rodriguez High School,64,76
28482,Daniel Blair,M,10th,Rodriguez High School,64,85
28483,Mrs. Barbara Sanchez,F,10th,Rodriguez High School,80,88
28484,Megan Cardenas,F,12th,Rodriguez High School,72,62
28485,Mathew Thornton,M,10th,Rodriguez High School,95,60
28486,Brittany Miller,F,10th,Rodriguez High School,74,55
28487,Steven Parker,M,12th,Rodriguez High School,80,94
28488,John Green,M,9th,Rodriguez High School,97,99
28489,Matthew Smith,M,9th,Rodriguez High School,73,66
28490,Joshua Perry,M,11th,Rodriguez High School,86,77
28491,Juan Meyer,M,9th,Rodriguez High School,67,55
28492,Nicholas Jones,M,11th,Rodriguez High School,75,80
28493,Dawn Martinez,F,12th,Rodriguez High School,64,89
28494,David Henderson,M,9th,Rodriguez High School,93,65
28495,Amy Brown,F,10th,Rodriguez High School,96,99
28496,Jeff Henson,M,10th,Rodriguez High School,72,81
28497,Cynthia Robinson,F,10th,Rodriguez High School,81,77
28498,Katrina Martin,F,11th,Rodriguez High School,84,84
28499,Valerie Kline,F,11th,Rodriguez High School,89,59
28500,Benjamin Mccall,M,10th,Rodriguez High School,71,83
28501,Mary Orozco,F,9th,Rodriguez High School,80,91
28502,John Johnson,M,11th,Rodriguez High School,70,64
28503,Renee Montgomery,F,10th,Rodriguez High School,97,98
28504,Tony Cobb,M,10th,Rodriguez High School,86,88
28505,Steve Hall,M,11th,Rodriguez High School,83,83
28506,Sandra Bolton,F,10th,Rodriguez High School,94,79
28507,Lori Perez,F,11th,Rodriguez High School,94,70
28508,Kimberly Le,F,12th,Rodriguez High School,92,83
28509,Sheena Perkins,F,9th,Rodriguez High School,71,95
28510,Kathleen Carroll,F,10th,Rodriguez High School,89,90
28511,Justin Jarvis,M,9th,Rodriguez High School,96,67
28512,Jill Johnson,F,11th,Rodriguez High School,84,64
28513,Thomas Jimenez,M,11th,Rodriguez High School,97,64
28514,Mark Wilson,M,10th,Rodriguez High School,71,56
28515,Nichole Novak ,F,10th,Rodriguez High School,80,78
28516,Rebecca Velazquez,F,9th,Rodriguez High School,68,87
28517,Jeremy Sparks,M,11th,Rodriguez High School,90,77
28518,Jeffery Leon,M,11th,Rodriguez High School,98,79
28519,Joshua Adams,M,11th,Rodriguez High School,86,93
28520,Jessica Ritter,F,10th,Rodriguez High School,93,64
28521,Edward Williams,M,9th,Rodriguez High School,87,92
28522,Lee Cohen,M,11th,Rodriguez High School,71,76
28523,Jennifer Bishop,F,12th,Rodriguez High School,80,89
28524,Jennifer Wilson,F,10th,Rodriguez High School,73,70
28525,Timothy Boyd,M,12th,Rodriguez High School,87,70
28526,Kelsey Fisher,F,10th,Rodriguez High School,99,81
28527,Timothy Combs,M,11th,Rodriguez High School,77,58
28528,Andrea Miller,F,11th,Rodriguez High School,81,79
28529,Jesse Andrews,M,10th,Rodriguez High School,95,66
28530,Jim Wise,M,11th,Rodriguez High School,81,80
28531,Rachel White,F,9th,Rodriguez High School,99,86
28532,Jeremy Scott,M,12th,Rodriguez High School,86,64
28533,Holly Buchanan,F,9th,Rodriguez High School,69,75
28534,Jordan Wilson,M,10th,Rodriguez High School,67,64
28535,Stacey Lane,F,12th,Rodriguez High School,90,88
28536,Margaret Lyons,F,10th,Rodriguez High School,83,70
28537,Tommy Martinez,M,10th,Rodriguez High School,90,77
28538,Kaitlyn Reyes,F,10th,Rodriguez High School,80,70
28539,Andrew Rush,M,10th,Rodriguez High School,73,61
28540,Veronica Stark,F,10th,Rodriguez High School,63,60
28541,Jessica Sanders,F,10th,Rodriguez High School,89,61
28542,Christopher Davis,M,10th,Rodriguez High School,79,67
28543,Christina Smith,F,9th,Rodriguez High School,92,93
28544,Craig Riley,M,12th,Rodriguez High School,66,95
28545,Michelle Williams,F,11th,Rodriguez High School,86,73
28546,Brian Johnson,M,9th,Rodriguez High School,88,65
28547,Nicholas Ward,M,12th,Rodriguez High School,96,85
28548,Maria Willis,F,12th,Rodriguez High School,84,92
28549,Jasmine Walsh,F,9th,Rodriguez High School,98,78
28550,Michael Evans,M,9th,Rodriguez High School,75,92
28551,Amy Williams,F,11th,Rodriguez High School,85,62
28552,Tina Murillo,F,10th,Rodriguez High School,68,90
28553,Casey Jackson,F,9th,Rodriguez High School,84,67
28554,Alexander Davis,M,11th,Rodriguez High School,91,78
28555,David Allen,M,10th,Rodriguez High School,91,61
28556,Casey Adams,M,11th,Rodriguez High School,84,75
28557,Alexis Martinez,F,9th,Rodriguez High School,95,79
28558,Justin Sexton,M,9th,Rodriguez High School,74,73
28559,Megan Lester,F,9th,Rodriguez High School,64,97
28560,Charles Wheeler,M,10th,Rodriguez High School,83,84
28561,Emily Burgess,F,9th,Rodriguez High School,75,55
28562,Michael Morgan,M,12th,Rodriguez High School,93,80
28563,Jessica Lloyd,F,9th,Rodriguez High School,76,57
28564,Leonard Brooks,M,11th,Rodriguez High School,94,63
28565,Sharon Baxter,F,11th,Rodriguez High School,98,89
28566,Ricardo Norris,M,9th,Rodriguez High School,80,74
28567,Kristy Jordan,F,11th,Rodriguez High School,95,77
28568,Anthony Ward,M,10th,Rodriguez High School,77,88
28569,Willie Butler,M,9th,Rodriguez High School,66,66
28570,Kayla Williamson,F,10th,Rodriguez High School,75,63
28571,Isaiah Thomas,M,11th,Rodriguez High School,70,84
28572,Dawn Anderson,F,11th,Rodriguez High School,63,98
28573,Stephen Henderson,M,12th,Rodriguez High School,91,71
28574,Jamie Gross,F,10th,Rodriguez High School,88,97
28575,Melanie Jacobson,F,10th,Rodriguez High School,74,70
28576,Jordan Barrett,F,10th,Rodriguez High School,78,64
28577,Allison Mays,F,11th,Rodriguez High School,85,61
28578,Brittany Carter,F,10th,Rodriguez High School,71,90
28579,Michael Holt,M,12th,Rodriguez High School,67,85
28580,Sean Terry,M,12th,Rodriguez High School,68,59
28581,Michael Faulkner,M,12th,Rodriguez High School,63,57
28582,Jordan Lindsey,M,10th,Rodriguez High School,74,94
28583,Tyler Gonzales,M,12th,Rodriguez High School,90,71
28584,Michelle Wright,F,11th,Rodriguez High School,68,76
28585,Frank Wood,M,10th,Rodriguez High School,76,92
28586,Lydia Jones,F,10th,Rodriguez High School,77,69
28587,Patricia Bruce,F,11th,Rodriguez High School,94,59
28588,Noah Contreras,M,10th,Rodriguez High School,69,93
28589,Alexis Craig,F,11th,Rodriguez High School,71,81
28590,John Moran,M,11th,Rodriguez High School,74,91
28591,Allison Rodriguez,F,9th,Rodriguez High School,82,84
28592,Harry Gordon,M,10th,Rodriguez High School,65,79
28593,Katherine Morrison,F,9th,Rodriguez High School,86,63
28594,Sharon Davis,F,11th,Rodriguez High School,94,89
28595,Gregory Meadows,M,9th,Rodriguez High School,73,72
28596,Justin Herrera,M,10th,Rodriguez High School,80,86
28597,Robert Jenkins,M,11th,Rodriguez High School,98,60
28598,Debbie Brock,F,10th,Rodriguez High School,76,64
28599,Courtney Davis,F,12th,Rodriguez High School,88,94
28600,William Mendoza,M,11th,Rodriguez High School,65,94
28601,Sonia Elliott,F,10th,Rodriguez High School,64,62
28602,Philip Rodriguez,M,10th,Rodriguez High School,82,63
28603,Douglas Hanna,M,9th,Rodriguez High School,91,68
28604,Michael Obrien,M,11th,Rodriguez High School,66,69
28605,Johnny Pineda,M,9th,Rodriguez High School,89,91
28606,Melissa Chang,F,10th,Rodriguez High School,65,74
28607,Samantha Wheeler,F,11th,Rodriguez High School,89,66
28608,Jennifer Walker,F,11th,Rodriguez High School,82,70
28609,April Soto,F,11th,Rodriguez High School,82,92
28610,Terry Flores,M,10th,Rodriguez High School,66,88
28611,Isaac Douglas,M,11th,Rodriguez High School,77,58
28612,Steven Dodson,M,12th,Rodriguez High School,86,81
28613,Penny Poole,F,12th,Rodriguez High School,67,75
28614,David Smith,M,9th,Rodriguez High School,74,75
28615,Christine Elliott,F,10th,Rodriguez High School,89,93
28616,Allison Smith,F,11th,Rodriguez High School,79,92
28617,Kayla Gutierrez,F,11th,Rodriguez High School,83,59
28618,Todd Nelson,M,10th,Rodriguez High School,95,56
28619,Mark Haney,M,10th,Rodriguez High School,85,84
28620,William Lloyd,M,9th,Rodriguez High School,66,94
28621,Jessica Cole,F,11th,Rodriguez High School,65,78
28622,Matthew Cameron,M,9th,Rodriguez High School,99,65
28623,Mary Herman,F,11th,Rodriguez High School,64,70
28624,Michael Robinson ,M,11th,Rodriguez High School,94,55
28625,Kevin Mcmahon,M,10th,Rodriguez High School,84,68
28626,Jose Lee,M,12th,Rodriguez High School,73,55
28627,Danielle Goodwin,F,11th,Rodriguez High School,67,60
28628,John Santiago,M,12th,Rodriguez High School,99,56
28629,Ebony Horne,F,11th,Rodriguez High School,69,84
28630,Joseph Wolfe,M,10th,Rodriguez High School,86,90
28631,Jonathan Ellis,M,11th,Rodriguez High School,73,60
28632,Katherine Jones,F,9th,Rodriguez High School,86,88
28633,Denise Gonzalez,F,12th,Rodriguez High School,74,63
28634,James Scott,M,9th,Rodriguez High School,89,96
28635,Keith Morse,M,10th,Rodriguez High School,76,66
28636,Sue Hill,F,12th,Rodriguez High School,86,97
28637,Rachel Smith,F,12th,Rodriguez High School,65,96
28638,Diana Pitts,F,10th,Rodriguez High School,63,69
28639,Julie Vargas,F,11th,Rodriguez High School,68,77
28640,Adam Munoz PhD,M,10th,Rodriguez High School,82,97
28641,Kathryn Morgan,F,9th,Rodriguez High School,98,70
28642,Sarah Jackson,F,12th,Rodriguez High School,77,58
28643,Catherine Harris,F,11th,Rodriguez High School,95,59
28644,Holly Howard,F,12th,Rodriguez High School,66,69
28645,Anne Jones,F,12th,Rodriguez High School,99,85
28646,Scott Caldwell,M,9th,Rodriguez High School,76,99
28647,Brianna Floyd,F,10th,Rodriguez High School,87,66
28648,Michael Green,M,12th,Rodriguez High School,74,72
28649,Mario Turner,M,11th,Rodriguez High School,76,64
28650,Dana Trujillo,F,9th,Rodriguez High School,96,88
28651,Aaron Ellis,M,9th,Rodriguez High School,65,82
28652,Stephen Vaughan,M,11th,Rodriguez High School,88,90
28653,Robert Gray,M,12th,Rodriguez High School,68,97
28654,Lawrence Nguyen,M,10th,Rodriguez High School,65,78
28655,Valerie Chung,F,11th,Rodriguez High School,67,97
28656,Pam Smith,F,12th,Rodriguez High School,65,80
28657,Daniel Hale,M,10th,Rodriguez High School,77,79
28658,Jeff White,M,10th,Rodriguez High School,78,89
28659,Manuel Gomez,M,10th,Rodriguez High School,80,61
28660,Susan James,F,11th,Rodriguez High School,89,76
28661,Gerald Nielsen,M,11th,Rodriguez High School,82,74
28662,Matthew Middleton,M,9th,Rodriguez High School,69,73
28663,Julia Hernandez,F,9th,Rodriguez High School,77,74
28664,William Terrell,M,10th,Rodriguez High School,96,56
28665,George George,M,12th,Rodriguez High School,83,57
28666,Daniel Johnson,M,12th,Rodriguez High School,92,90
28667,Shelly Thompson,F,10th,Rodriguez High School,97,58
28668,Stacey Holmes,F,10th,Rodriguez High School,78,87
28669,Douglas Ruiz,M,12th,Rodriguez High School,74,92
28670,Barbara Hodge,F,11th,Rodriguez High School,91,57
28671,Angela Clark,F,10th,Rodriguez High School,67,89
28672,Diane Stewart,F,11th,Rodriguez High School,77,75
28673,Joshua Edwards,M,12th,Rodriguez High School,86,70
28674,Amber Collins,F,9th,Rodriguez High School,98,62
28675,Catherine Steele,F,9th,Rodriguez High School,99,57
28676,Deborah Gonzalez,F,12th,Rodriguez High School,79,68
28677,Kelsey Hayes,F,9th,Rodriguez High School,71,79
28678,James Houston,M,10th,Rodriguez High School,89,64
28679,Jacqueline Andersen,F,12th,Rodriguez High School,67,94
28680,Amanda Brady,F,12th,Rodriguez High School,67,74
28681,James Cook,M,11th,Rodriguez High School,88,72
28682,Jeffrey Becker,M,9th,Rodriguez High School,74,71
28683,Jessica Morales,F,9th,Rodriguez High School,79,62
28684,Jamie Fleming,F,10th,Rodriguez High School,68,72
28685,Robert Holmes,M,11th,Rodriguez High School,72,56
28686,Felicia Wilkins,F,9th,Rodriguez High School,89,80
28687,Molly Jackson,F,12th,Rodriguez High School,90,80
28688,Bryan Banks,M,11th,Rodriguez High School,64,80
28689,Carrie Patton,F,10th,Rodriguez High School,86,85
28690,Jeffrey Walters,M,9th,Rodriguez High School,89,91
28691,Erika Lloyd,F,10th,Rodriguez High School,93,93
28692,Kim Lee,F,12th,Rodriguez High School,85,64
28693,Catherine Moore,F,11th,Rodriguez High School,91,96
28694,Gina Johnson,F,10th,Rodriguez High School,83,82
28695,Jason Duncan,M,9th,Rodriguez High School,83,66
28696,Kayla Woods,F,9th,Rodriguez High School,76,90
28697,Jacob Mosley,M,10th,Rodriguez High School,64,56
28698,Juan Lawson,M,12th,Rodriguez High School,72,66
28699,Luis Moreno,M,10th,Rodriguez High School,95,96
28700,Sara Peters,F,9th,Rodriguez High School,88,74
28701,Lori Payne,F,9th,Rodriguez High School,73,68
28702,John Bowman,M,10th,Rodriguez High School,85,90
28703,Jonathan Rubio,M,9th,Rodriguez High School,79,67
28704,Douglas Wilson,M,11th,Rodriguez High School,68,80
28705,Victoria Perez,F,9th,Rodriguez High School,81,68
28706,Anthony Peterson,M,10th,Rodriguez High School,76,73
28707,Laura Smith,F,10th,Rodriguez High School,88,98
28708,Ashlee Roy,F,9th,Rodriguez High School,67,94
28709,Ryan Gray,M,9th,Rodriguez High School,89,99
28710,Brandi Roth,F,11th,Rodriguez High School,87,64
28711,Walter Johnson,M,11th,Rodriguez High School,72,72
28712,Nicole Patterson,F,9th,Rodriguez High School,77,73
28713,Tracy Hayes,F,12th,Rodriguez High School,73,99
28714,Jennifer Reid,F,12th,Rodriguez High School,88,59
28715,Zachary Park,M,11th,Rodriguez High School,64,71
28716,Anne Nguyen,F,10th,Rodriguez High School,67,92
28717,Michael Jensen,M,9th,Rodriguez High School,68,85
28718,Dylan Atkins,M,10th,Rodriguez High School,81,79
28719,Gary Ramos,M,9th,Rodriguez High School,65,79
28720,Gary Patrick,M,10th,Rodriguez High School,82,59
28721,Eric Tyler,M,11th,Rodriguez High School,90,99
28722,Marcus Goodman,M,9th,Rodriguez High School,90,60
28723,Tamara Simmons,F,11th,Rodriguez High School,89,89
28724,William Pratt,M,12th,Rodriguez High School,97,55
28725,Jessica Jenkins,F,10th,Rodriguez High School,78,57
28726,Daniel Moyer,M,10th,Rodriguez High School,83,91
28727,Darren Williams,M,10th,Rodriguez High School,87,78
28728,Debra Reese,F,11th,Rodriguez High School,75,64
28729,Dominique Huff,F,9th,Rodriguez High School,93,96
28730,Daniel Knight,M,9th,Rodriguez High School,66,98
28731,Erin Sherman,F,10th,Rodriguez High School,99,86
28732,Lee Cruz,M,10th,Rodriguez High School,79,74
28733,Edward Petersen,M,11th,Rodriguez High School,68,69
28734,Jessica Schwartz,F,10th,Rodriguez High School,90,96
28735,Timothy Rowe,M,9th,Rodriguez High School,87,65
28736,Frederick Manning,M,11th,Rodriguez High School,93,96
28737,Sarah Hughes,F,12th,Rodriguez High School,83,91
28738,David Maddox,M,12th,Rodriguez High School,78,83
28739,Felicia Davis,F,9th,Rodriguez High School,90,64
28740,Catherine Lara,F,9th,Rodriguez High School,65,65
28741,Stephanie Walker,F,10th,Rodriguez High School,78,55
28742,Jorge Henderson,M,10th,Rodriguez High School,71,96
28743,Deborah Green,F,11th,Rodriguez High School,68,85
28744,Shelby Lara,F,9th,Rodriguez High School,90,58
28745,Jonathan Foster,M,12th,Rodriguez High School,63,98
28746,Timothy Patterson,M,11th,Rodriguez High School,64,95
28747,Scott Ortega,M,10th,Rodriguez High School,88,63
28748,Nathan Cortez,M,9th,Rodriguez High School,73,85
28749,Larry Barnes,M,10th,Rodriguez High School,73,55
28750,Tom Kelly,M,11th,Rodriguez High School,76,83
28751,Larry Cruz,M,9th,Rodriguez High School,74,76
28752,Garrett Tucker,M,10th,Rodriguez High School,64,87
28753,Terry Hunt,M,12th,Rodriguez High School,86,82
28754,Frederick Burgess,M,10th,Rodriguez High School,69,72
28755,Virginia Smith,F,9th,Rodriguez High School,68,66
28756,Brandon Reed,M,10th,Rodriguez High School,91,64
28757,Jessica Reyes,F,10th,Rodriguez High School,69,67
28758,Gloria Spence,F,10th,Rodriguez High School,87,66
28759,Michael Blankenship,M,12th,Rodriguez High School,93,89
28760,Blake Conley,M,12th,Rodriguez High School,86,65
28761,Valerie Mccormick ,F,9th,Rodriguez High School,67,83
28762,Sarah Lewis,F,9th,Rodriguez High School,82,89
28763,Peter Mosley,M,9th,Rodriguez High School,89,98
28764,Jonathan Leonard,M,10th,Rodriguez High School,83,95
28765,Michael Martinez,M,10th,Rodriguez High School,94,71
28766,Robert Smith Jr.,M,11th,Rodriguez High School,70,89
28767,Kimberly Hardy,F,11th,Rodriguez High School,79,93
28768,Jessica Sullivan,F,10th,Rodriguez High School,94,63
28769,Christopher Robinson,M,9th,Rodriguez High School,99,98
28770,Jason Palmer,M,12th,Rodriguez High School,82,88
28771,Luis Valentine,M,10th,Rodriguez High School,92,67
28772,Curtis Johnson,M,9th,Rodriguez High School,72,86
28773,Matthew Wells,M,11th,Rodriguez High School,85,57
28774,Jennifer Obrien,F,11th,Rodriguez High School,99,70
28775,Nicholas Leon,M,11th,Rodriguez High School,75,93
28776,Michael Lam,M,9th,Rodriguez High School,77,64
28777,Kelly Stewart,F,9th,Rodriguez High School,97,95
28778,Crystal Anderson,F,9th,Rodriguez High School,76,64
28779,Jennifer Tate,F,12th,Rodriguez High School,70,65
28780,Jorge Mckinney,M,10th,Rodriguez High School,67,77
28781,David Beck Jr.,M,9th,Rodriguez High School,76,77
28782,Alexis Miller,F,12th,Rodriguez High School,97,69
28783,Stephanie Blevins,F,9th,Rodriguez High School,69,65
28784,Amber Richards,F,10th,Rodriguez High School,79,75
28785,Thomas Preston,M,11th,Rodriguez High School,88,85
28786,Lisa Barnes,F,12th,Rodriguez High School,66,89
28787,Angel Callahan,M,12th,Rodriguez High School,94,67
28788,Emily Meyers,F,10th,Rodriguez High School,78,64
28789,Tanya Brown,F,10th,Rodriguez High School,86,94
28790,Brian Bell,M,10th,Rodriguez High School,77,62
28791,Elizabeth Ortiz,F,10th,Rodriguez High School,98,94
28792,Erin Hernandez,F,10th,Rodriguez High School,65,83
28793,William Paul,M,9th,Rodriguez High School,95,67
28794,Edgar Hudson,M,10th,Rodriguez High School,70,83
28795,Jean Evans,F,9th,Rodriguez High School,74,82
28796,Ann Scott,F,12th,Rodriguez High School,65,73
28797,Alejandra Murray,F,11th,Rodriguez High School,79,96
28798,Veronica Martinez,F,10th,Rodriguez High School,75,79
28799,Melissa Palmer,F,12th,Rodriguez High School,85,92
28800,Kayla Valenzuela,F,9th,Rodriguez High School,69,90
28801,Dana Bennett ,F,10th,Rodriguez High School,85,99
28802,Amber Morrow,F,10th,Rodriguez High School,92,85
28803,Jonathan Nguyen,M,10th,Rodriguez High School,64,55
28804,Tina Woodard,F,11th,Rodriguez High School,78,98
28805,Jason Salas,M,12th,Rodriguez High School,84,63
28806,Jade Anderson,F,12th,Rodriguez High School,81,60
28807,Melissa Wilkins,F,11th,Rodriguez High School,67,70
28808,Jacob Jensen,M,10th,Rodriguez High School,77,58
28809,Michael Sexton,M,10th,Rodriguez High School,96,78
28810,Cynthia Burgess,F,11th,Rodriguez High School,71,91
28811,Michelle Nelson,F,12th,Rodriguez High School,94,99
28812,Timothy Schultz,M,9th,Rodriguez High School,93,93
28813,James Smith ,M,10th,Rodriguez High School,73,57
28814,Kathleen Aguirre,F,9th,Rodriguez High School,67,84
28815,Robin Barnes,F,10th,Rodriguez High School,77,82
28816,Erin Ross,F,10th,Rodriguez High School,96,59
28817,Christina Short,F,12th,Rodriguez High School,82,78
28818,Alfred Gentry,M,9th,Rodriguez High School,71,74
28819,James Pruitt,M,9th,Rodriguez High School,90,86
28820,Christopher Bailey,M,11th,Rodriguez High School,79,65
28821,Charles Morrow,M,12th,Rodriguez High School,75,80
28822,Austin Forbes,M,11th,Rodriguez High School,73,65
28823,Jill Ingram,F,10th,Rodriguez High School,77,72
28824,Stephen Lewis,M,11th,Rodriguez High School,90,72
28825,Joseph Mcfarland,M,10th,Rodriguez High School,67,71
28826,Anna Wilson,F,9th,Rodriguez High School,89,63
28827,Sherry Lyons,F,11th,Rodriguez High School,87,66
28828,Hector Fowler,M,12th,Rodriguez High School,65,97
28829,Kelly Collier,F,11th,Rodriguez High School,94,55
28830,Emily Pearson,F,11th,Rodriguez High School,76,65
28831,Steven Ware,M,11th,Rodriguez High School,99,85
28832,Dylan Shepherd,M,9th,Rodriguez High School,93,70
28833,Samantha Jackson,F,12th,Rodriguez High School,76,55
28834,Natasha Thompson,F,9th,Rodriguez High School,74,92
28835,Charles Adams,M,11th,Rodriguez High School,88,65
28836,Karen Riley,F,9th,Rodriguez High School,79,79
28837,Misty Nichols,F,9th,Rodriguez High School,97,72
28838,Jessica Mcclain,F,12th,Rodriguez High School,73,99
28839,Jeanne Ward,F,10th,Rodriguez High School,87,95
28840,Melissa Glass,F,10th,Rodriguez High School,72,79
28841,Brandon Ochoa,M,9th,Rodriguez High School,90,96
28842,Jamie Villegas,F,11th,Rodriguez High School,63,87
28843,Jennifer Smith,F,10th,Rodriguez High School,67,87
28844,Keith Oconnor,M,9th,Rodriguez High School,92,74
28845,Stephanie Poole,F,10th,Rodriguez High School,95,63
28846,James Payne,M,9th,Rodriguez High School,66,80
28847,Nathan Wilson,M,9th,Rodriguez High School,63,69
28848,Charles Macias,M,9th,Rodriguez High School,68,71
28849,James Garcia,M,12th,Rodriguez High School,83,83
28850,Lauren Simpson,F,9th,Rodriguez High School,86,58
28851,Jill Ashley,F,11th,Rodriguez High School,76,63
28852,Robert Lee,M,9th,Rodriguez High School,76,98
28853,Adam Reed,M,9th,Rodriguez High School,71,56
28854,Trevor Green,M,9th,Rodriguez High School,74,75
28855,Joseph Lopez,M,9th,Rodriguez High School,82,91
28856,Ronald Walker,M,9th,Rodriguez High School,80,93
28857,Michael Nguyen,M,10th,Rodriguez High School,93,63
28858,Angela Wang,F,11th,Rodriguez High School,89,80
28859,Garrett Mason,M,11th,Rodriguez High School,89,63
28860,Derek Grant,M,12th,Rodriguez High School,83,74
28861,John Williams,M,10th,Rodriguez High School,76,94
28862,Kristie Moore,F,9th,Rodriguez High School,91,84
28863,William Ortiz,M,10th,Rodriguez High School,65,88
28864,Carla Quinn,F,12th,Rodriguez High School,99,99
28865,Laura Benitez,F,10th,Rodriguez High School,95,68
28866,Justin Nelson,M,12th,Rodriguez High School,77,73
28867,Whitney Gordon,F,12th,Rodriguez High School,95,92
28868,Tara Sandoval,F,9th,Rodriguez High School,97,66
28869,Rachel Wright,F,9th,Rodriguez High School,67,79
28870,Linda Houston,F,9th,Rodriguez High School,70,93
28871,Joshua Dunn,M,9th,Rodriguez High School,75,59
28872,Melissa Craig,F,9th,Rodriguez High School,76,86
28873,Brittany Bradley,F,12th,Rodriguez High School,82,95
28874,Jaime Elliott,M,10th,Rodriguez High School,86,78
28875,Bethany Mitchell,F,9th,Rodriguez High School,68,65
28876,Lori Evans,F,9th,Rodriguez High School,68,73
28877,John Jackson,M,12th,Rodriguez High School,98,92
28878,Eric Evans,M,9th,Rodriguez High School,82,58
28879,Tina Taylor,F,11th,Rodriguez High School,97,82
28880,Amanda Wood,F,11th,Rodriguez High School,88,68
28881,Cody Ramirez,M,9th,Rodriguez High School,91,69
28882,Darren Craig,M,9th,Rodriguez High School,90,89
28883,Sabrina Harris,F,11th,Rodriguez High School,92,86
28884,Chad Arnold,M,10th,Rodriguez High School,64,75
28885,Kimberly Morgan,F,9th,Rodriguez High School,76,93
28886,Gerald Ortiz,M,10th,Rodriguez High School,93,69
28887,Brady Smith,M,9th,Rodriguez High School,75,87
28888,Madison George,F,10th,Rodriguez High School,94,72
28889,Christopher Flynn,M,12th,Rodriguez High School,88,71
28890,Daniel Barry,M,10th,Rodriguez High School,99,91
28891,Linda Simmons,F,12th,Rodriguez High School,68,95
28892,Phillip Moody,M,11th,Rodriguez High School,84,58
28893,Jennifer Miller,F,11th,Rodriguez High School,87,67
28894,Lisa Crane,F,11th,Rodriguez High School,72,93
28895,Deborah Simon,F,10th,Rodriguez High School,94,76
28896,Lisa Anderson,F,11th,Rodriguez High School,93,83
28897,Kyle Dixon,M,9th,Rodriguez High School,96,96
28898,Michael Mcclain,M,9th,Rodriguez High School,94,62
28899,Shannon Williams,F,9th,Rodriguez High School,75,72
28900,Sabrina Wood,F,9th,Rodriguez High School,97,89
28901,Edward Carpenter,M,12th,Rodriguez High School,82,64
28902,Karen Fisher,F,11th,Rodriguez High School,70,95
28903,Richard Young,M,9th,Rodriguez High School,89,68
28904,Christine Howard,F,10th,Rodriguez High School,97,71
28905,Kimberly Bennett,F,10th,Rodriguez High School,95,84
28906,Aaron Johnson,M,9th,Rodriguez High School,94,62
28907,Keith Perez,M,10th,Rodriguez High School,98,93
28908,Martin Thomas,M,9th,Rodriguez High School,92,85
28909,Ashlee Roberson,F,9th,Rodriguez High School,69,91
28910,Travis Graham,M,10th,Rodriguez High School,86,84
28911,Stephen Lane,M,12th,Rodriguez High School,65,68
28912,David Mcclure,M,9th,Rodriguez High School,84,73
28913,Rhonda Howard,F,10th,Rodriguez High School,77,71
28914,Ryan Guzman,M,10th,Rodriguez High School,74,99
28915,John Marks,M,12th,Rodriguez High School,99,77
28916,Paula Holmes,F,10th,Rodriguez High School,90,84
28917,Vicki Macias,F,9th,Rodriguez High School,73,83
28918,Cynthia Weaver,F,12th,Rodriguez High School,73,78
28919,Emily Foster,F,11th,Rodriguez High School,79,66
28920,Jessica Guerrero,F,11th,Rodriguez High School,76,99
28921,Charles Collier,M,10th,Rodriguez High School,90,99
28922,Patricia Price,F,9th,Rodriguez High School,82,56
28923,Jacob Miller,M,11th,Rodriguez High School,68,81
28924,Kimberly Vargas,F,9th,Rodriguez High School,80,87
28925,Crystal West,F,11th,Rodriguez High School,83,76
28926,Tracy Parsons,F,10th,Rodriguez High School,75,88
28927,Christina Cowan,F,9th,Rodriguez High School,66,83
28928,Lori Hernandez,F,9th,Rodriguez High School,70,74
28929,Nicole Hall,F,9th,Rodriguez High School,94,85
28930,Amber Silva,F,12th,Rodriguez High School,71,81
28931,Lauren Wu,F,10th,Rodriguez High School,81,93
28932,Latoya Moss,F,9th,Rodriguez High School,64,80
28933,Shawn Scott,M,10th,Rodriguez High School,71,60
28934,Ryan Hayes,M,10th,Rodriguez High School,80,95
28935,Cynthia Evans,F,11th,Rodriguez High School,82,89
28936,Henry Wilkins,M,10th,Rodriguez High School,90,59
28937,April Barry,F,10th,Rodriguez High School,94,66
28938,Heather Barber,F,9th,Rodriguez High School,64,72
28939,Kelly Johnson,F,11th,Rodriguez High School,85,99
28940,Joseph Thompson,M,10th,Rodriguez High School,72,85
28941,Tiffany Ponce,F,9th,Rodriguez High School,65,92
28942,Sarah Burnett,F,11th,Rodriguez High School,78,96
28943,John Madden,M,9th,Rodriguez High School,65,79
28944,Timothy Valenzuela,M,10th,Rodriguez High School,75,92
28945,Katie Warner,F,10th,Rodriguez High School,74,85
28946,Kimberly Ray,F,12th,Rodriguez High School,85,62
28947,Nicholas Ochoa,M,11th,Rodriguez High School,82,73
28948,Mark Hansen,M,9th,Rodriguez High School,75,65
28949,John Petersen,M,12th,Rodriguez High School,65,76
28950,John Santos,M,12th,Rodriguez High School,99,95
28951,George Peterson,M,10th,Rodriguez High School,98,97
28952,Shari Collins,F,9th,Rodriguez High School,77,63
28953,Craig Briggs,M,10th,Rodriguez High School,87,96
28954,Wendy Rodriguez,F,11th,Rodriguez High School,83,72
28955,Kimberly Bryan,F,10th,Rodriguez High School,64,84
28956,Troy Ramirez,M,10th,Rodriguez High School,75,81
28957,Matthew Orozco,M,9th,Rodriguez High School,97,92
28958,Veronica Lawrence,F,12th,Rodriguez High School,89,95
28959,Thomas Powell,M,11th,Rodriguez High School,81,65
28960,Steven Fuller,M,11th,Rodriguez High School,90,62
28961,Amy Benson,F,11th,Rodriguez High School,85,82
28962,Taylor Ochoa,F,11th,Rodriguez High School,73,67
28963,David Lee,M,11th,Rodriguez High School,63,55
28964,Allison Mcdonald,F,10th,Rodriguez High School,86,89
28965,Gabriel Coleman,M,11th,Rodriguez High School,68,58
28966,Kevin Black,M,12th,Rodriguez High School,84,74
28967,Amanda Schroeder,F,10th,Rodriguez High School,86,69
28968,Christy Johnson,F,9th,Rodriguez High School,90,82
28969,Jerry Norton,M,12th,Rodriguez High School,79,91
28970,Trevor Fields,M,12th,Rodriguez High School,91,55
28971,Donald Gonzalez,M,11th,Rodriguez High School,90,60
28972,Veronica Cross,F,10th,Rodriguez High School,97,74
28973,Tracy Ramirez,F,11th,Rodriguez High School,67,75
28974,Christine Dixon,F,9th,Rodriguez High School,72,84
28975,Christine Wilkerson,F,11th,Rodriguez High School,63,91
28976,Grant White,M,9th,Rodriguez High School,76,56
28977,Tammy Hernandez,F,10th,Rodriguez High School,96,84
28978,Billy Hall ,M,11th,Rodriguez High School,63,85
28979,Carl Evans,M,12th,Rodriguez High School,92,95
28980,Jon Rodriguez,M,12th,Rodriguez High School,82,89
28981,April Gonzalez,F,11th,Rodriguez High School,81,79
28982,Connor Mckay,M,9th,Rodriguez High School,93,84
28983,Kelly Dawson,F,10th,Rodriguez High School,82,60
28984,Lori Garcia,F,12th,Rodriguez High School,87,86
28985,Lisa Walker,F,9th,Rodriguez High School,66,67
28986,David Sheppard,M,11th,Rodriguez High School,91,67
28987,Sherry Brooks,F,12th,Rodriguez High School,85,90
28988,Nathaniel Small,M,11th,Rodriguez High School,91,76
28989,Laurie Potts,F,10th,Rodriguez High School,75,71
28990,Christina Mack,F,9th,Rodriguez High School,78,73
28991,Jeffrey Richardson,M,9th,Rodriguez High School,80,77
28992,Amber Waters,F,10th,Rodriguez High School,88,72
28993,Kendra Collier,F,9th,Rodriguez High School,72,99
28994,Christina Campbell,F,11th,Rodriguez High School,96,95
28995,Tracy Schneider,F,12th,Rodriguez High School,71,82
28996,Andrea Austin,F,11th,Rodriguez High School,68,89
28997,Jennifer Ramirez,F,10th,Rodriguez High School,65,65
28998,Ann Nelson,F,9th,Rodriguez High School,87,74
28999,Melissa Mejia,F,11th,Rodriguez High School,77,98
29000,Gavin Jones,M,9th,Rodriguez High School,85,70
29001,Daniel Harris,M,10th,Rodriguez High School,81,72
29002,Miguel Cunningham,M,10th,Rodriguez High School,86,89
29003,Erica Patel,F,10th,Rodriguez High School,74,73
29004,Jeffrey Wright,M,12th,Rodriguez High School,79,60
29005,David Villarreal,M,12th,Rodriguez High School,87,95
29006,Michael Shepard,M,12th,Rodriguez High School,83,60
29007,Leah Dickerson,F,11th,Rodriguez High School,80,76
29008,Katherine Hughes,F,10th,Rodriguez High School,80,87
29009,Veronica Brown,F,10th,Rodriguez High School,77,59
29010,Laura Chandler,F,11th,Rodriguez High School,79,56
29011,Dave Palmer,M,11th,Rodriguez High School,65,72
29012,Chelsea Thomas,F,12th,Rodriguez High School,68,95
29013,Tommy Becker,M,9th,Rodriguez High School,75,83
29014,Tyler Gallagher,M,11th,Rodriguez High School,83,59
29015,Andrea Strong,F,9th,Rodriguez High School,73,97
29016,Steven Gregory,M,12th,Rodriguez High School,74,66
29017,Alexis Nguyen,F,9th,Rodriguez High School,74,60
29018,Danny Williams,M,9th,Rodriguez High School,78,55
29019,Stephen Mcdonald,M,11th,Rodriguez High School,69,75
29020,John Cross,M,12th,Rodriguez High School,69,81
29021,Debra Harrison,F,9th,Rodriguez High School,85,75
29022,Rachel Roberts,F,10th,Rodriguez High School,83,90
29023,Derek Kim,M,12th,Rodriguez High School,80,55
29024,Abigail Miller,F,11th,Rodriguez High School,79,72
29025,Connor Ramsey,M,10th,Rodriguez High School,64,97
29026,Martha Heath,F,10th,Rodriguez High School,65,75
29027,Dana Dixon,F,10th,Rodriguez High School,72,90
29028,Kristopher Harris,M,9th,Rodriguez High School,73,69
29029,Albert Young,M,9th,Rodriguez High School,75,59
29030,Luis Young,M,9th,Rodriguez High School,71,83
29031,Jackie Flores,F,11th,Rodriguez High School,98,82
29032,Brianna Sheppard,F,12th,Rodriguez High School,86,69
29033,Anthony Cole,M,9th,Rodriguez High School,99,69
29034,James Rodriguez,M,10th,Rodriguez High School,88,83
29035,Sean Moore,M,12th,Rodriguez High School,89,80
29036,Jaclyn Campbell,F,9th,Rodriguez High School,74,61
29037,John Sanders,M,11th,Rodriguez High School,84,75
29038,Lisa Riley,F,11th,Rodriguez High School,66,66
29039,Johnathan Edwards,M,11th,Rodriguez High School,87,60
29040,Patrick Maxwell,M,12th,Rodriguez High School,94,59
29041,Lauren Robertson ,F,10th,Rodriguez High School,96,90
29042,Steven French,M,9th,Rodriguez High School,64,55
29043,Thomas Wagner,M,12th,Rodriguez High School,86,87
29044,James Silva,M,9th,Rodriguez High School,77,71
29045,Kimberly Morales,F,12th,Rodriguez High School,74,81
29046,Lori Hernandez,F,9th,Rodriguez High School,75,67
29047,Terri Scott,F,12th,Rodriguez High School,86,96
29048,Daniel Whitehead,M,9th,Rodriguez High School,88,71
29049,Hannah Stewart,F,9th,Rodriguez High School,89,74
29050,Brandi Baker,F,9th,Rodriguez High School,63,89
29051,John Decker,M,9th,Rodriguez High School,94,77
29052,Katherine Garcia,F,9th,Rodriguez High School,95,83
29053,Rebecca Rice,F,10th,Rodriguez High School,65,59
29054,Heather Lopez,F,9th,Rodriguez High School,69,81
29055,Lindsay Gonzalez,F,9th,Rodriguez High School,65,91
29056,Amanda Moss,F,12th,Rodriguez High School,88,83
29057,Shawn James,M,9th,Rodriguez High School,93,73
29058,Carlos Vargas,M,10th,Rodriguez High School,97,90
29059,Maria Jackson,F,11th,Rodriguez High School,80,98
29060,Steven Garcia,M,11th,Rodriguez High School,73,87
29061,Kelly Williams,F,9th,Rodriguez High School,99,57
29062,Patrick Hooper,M,10th,Rodriguez High School,96,71
29063,Amanda Shelton,F,9th,Rodriguez High School,92,87
29064,Richard Schneider,M,12th,Rodriguez High School,98,70
29065,David Young,M,9th,Rodriguez High School,78,91
29066,Sara Serrano,F,12th,Rodriguez High School,88,86
29067,Joseph Mcconnell,M,12th,Rodriguez High School,67,72
29068,Nicholas Smith,M,12th,Rodriguez High School,63,86
29069,Steven Jones,M,11th,Rodriguez High School,94,85
29070,Elizabeth Nichols,F,11th,Rodriguez High School,92,92
29071,Brandon Jones,M,9th,Rodriguez High School,75,91
29072,Steven Hayes,M,12th,Rodriguez High School,69,70
29073,Sylvia Smith,F,10th,Rodriguez High School,90,73
29074,Meghan Boyer,F,10th,Rodriguez High School,68,61
29075,Jacqueline Wright,F,11th,Rodriguez High School,75,80
29076,Kim Rodriguez,F,9th,Rodriguez High School,98,77
29077,Joshua Thomas,M,11th,Rodriguez High School,71,66
29078,Michael Ray,M,10th,Rodriguez High School,69,71
29079,Benjamin Stuart,M,11th,Rodriguez High School,81,79
29080,Debbie Knapp,F,10th,Rodriguez High School,77,78
29081,James Rivers,M,12th,Rodriguez High School,75,67
29082,Julie Jones,F,10th,Rodriguez High School,98,77
29083,Tammy Mann,F,9th,Rodriguez High School,81,56
29084,Valerie Carr,F,9th,Rodriguez High School,92,79
29085,Mrs. Joyce Cunningham,F,9th,Rodriguez High School,97,96
29086,Jennifer Adams,F,11th,Rodriguez High School,77,83
29087,Logan Coleman,M,11th,Rodriguez High School,90,89
29088,Jennifer Turner,F,9th,Rodriguez High School,88,70
29089,Oscar Nguyen,M,9th,Rodriguez High School,76,68
29090,Michael Jackson,M,9th,Rodriguez High School,77,78
29091,Carl Parker,M,9th,Rodriguez High School,66,76
29092,Kevin Frye,M,11th,Rodriguez High School,82,94
29093,David Mcintosh,M,12th,Rodriguez High School,67,76
29094,Caitlin Mack,F,10th,Rodriguez High School,89,62
29095,Richard Ferguson,M,9th,Rodriguez High School,94,67
29096,Adam Tapia,M,11th,Rodriguez High School,85,85
29097,Patricia Perez,F,10th,Rodriguez High School,84,77
29098,Samantha Edwards,F,9th,Rodriguez High School,95,94
29099,Matthew Robles,M,11th,Rodriguez High School,75,87
29100,Shawn Mejia,M,9th,Rodriguez High School,94,83
29101,Raymond Wagner,M,10th,Rodriguez High School,86,66
29102,Diana Prince,F,9th,Rodriguez High School,88,74
29103,Alisha Watson,F,11th,Rodriguez High School,63,93
29104,Michael Miller,M,9th,Rodriguez High School,88,73
29105,Steven White,M,10th,Rodriguez High School,99,55
29106,Karen Garcia,F,9th,Rodriguez High School,87,88
29107,Leslie Carter,F,11th,Rodriguez High School,78,62
29108,Matthew Reilly,M,11th,Rodriguez High School,76,67
29109,Kathy Robinson,F,11th,Rodriguez High School,68,67
29110,Stephanie Coleman,F,9th,Rodriguez High School,81,87
29111,Travis Webb,M,10th,Rodriguez High School,82,93
29112,Walter Moyer,M,11th,Rodriguez High School,95,55
29113,Kayla Russell,F,9th,Rodriguez High School,98,95
29114,Heather Austin,F,9th,Rodriguez High School,71,84
29115,Austin Russo,M,9th,Rodriguez High School,94,80
29116,Brandy Wells,F,10th,Rodriguez High School,64,82
29117,Tamara Lopez,F,11th,Rodriguez High School,81,61
29118,Paul Clark,M,9th,Rodriguez High School,95,98
29119,Matthew Williams,M,9th,Rodriguez High School,77,71
29120,Sergio Campbell,M,11th,Rodriguez High School,91,85
29121,Natalie Berg,F,10th,Rodriguez High School,92,69
29122,Erik Lowe ,M,11th,Rodriguez High School,73,84
29123,Amy Boyer,F,11th,Rodriguez High School,78,83
29124,James Jones,M,11th,Rodriguez High School,97,62
29125,Martin Lee,M,12th,Rodriguez High School,95,61
29126,Mrs. Tara Lee,F,9th,Rodriguez High School,83,81
29127,Troy Mccall,M,12th,Rodriguez High School,68,59
29128,James Washington,M,9th,Rodriguez High School,75,64
29129,Anthony Pena,M,10th,Rodriguez High School,78,66
29130,David Nguyen,M,12th,Rodriguez High School,73,57
29131,Daniel Johnson,M,11th,Rodriguez High School,98,94
29132,Theresa Gaines ,F,10th,Rodriguez High School,92,67
29133,John Mendez,M,11th,Rodriguez High School,93,69
29134,Linda Hughes,F,11th,Rodriguez High School,82,81
29135,Angela Guerrero,F,11th,Rodriguez High School,80,60
29136,Nicole Wright,F,10th,Rodriguez High School,84,97
29137,Sharon Guzman,F,9th,Rodriguez High School,69,57
29138,Carla Smith,F,12th,Rodriguez High School,88,78
29139,Raymond Farley,M,10th,Rodriguez High School,89,78
29140,Crystal Tate,F,9th,Rodriguez High School,73,91
29141,Kevin Zavala,M,9th,Rodriguez High School,69,87
29142,Derek Webb,M,12th,Rodriguez High School,78,89
29143,Christina Anderson,F,11th,Rodriguez High School,94,66
29144,David Collins,M,9th,Rodriguez High School,81,57
29145,Jessica Griffith,F,10th,Rodriguez High School,73,84
29146,Denise Fox,F,9th,Rodriguez High School,88,90
29147,Nicole Davis,F,10th,Rodriguez High School,77,60
29148,Terry Ramsey,M,9th,Rodriguez High School,80,94
29149,Michelle Fox,F,10th,Rodriguez High School,90,79
29150,Luis Stokes,M,12th,Rodriguez High School,68,55
29151,Tanner Williams,M,10th,Rodriguez High School,88,98
29152,Pamela Hansen,F,9th,Rodriguez High School,63,55
29153,Sara Heath,F,12th,Rodriguez High School,97,81
29154,Brianna Martinez,F,10th,Rodriguez High School,84,77
29155,Tami Gilbert,F,11th,Rodriguez High School,84,75
29156,James Floyd,M,9th,Rodriguez High School,97,79
29157,Wendy Wright,F,11th,Rodriguez High School,93,85
29158,Brooke Wagner,F,9th,Rodriguez High School,97,61
29159,Ashley Morrison,F,12th,Rodriguez High School,91,72
29160,Paul Turner,M,10th,Rodriguez High School,92,81
29161,Heidi Mayo,F,11th,Rodriguez High School,66,83
29162,Thomas Aguilar,M,11th,Rodriguez High School,71,59
29163,Stephen Gutierrez,M,10th,Rodriguez High School,78,61
29164,Kristen Wilson,F,12th,Rodriguez High School,65,97
29165,Sandra Gray,F,10th,Rodriguez High School,65,77
29166,Alyssa Fritz,F,9th,Rodriguez High School,99,87
29167,John Robinson,M,11th,Rodriguez High School,90,67
29168,Michelle Wood,F,11th,Rodriguez High School,81,72
29169,Sharon Carpenter,F,11th,Rodriguez High School,87,81
29170,Janet Howell,F,10th,Rodriguez High School,70,57
29171,Steven White,M,9th,Rodriguez High School,64,77
29172,Brandon Bernard,M,11th,Rodriguez High School,94,73
29173,Brian Thomas,M,9th,Rodriguez High School,75,65
29174,James Thompson,M,10th,Rodriguez High School,64,60
29175,Jessica Morris,F,10th,Rodriguez High School,95,92
29176,Brandon Murphy,M,10th,Rodriguez High School,95,89
29177,Brenda Cohen,F,10th,Rodriguez High School,88,93
29178,Joseph Gibson,M,12th,Rodriguez High School,85,77
29179,Dawn Torres,F,12th,Rodriguez High School,77,85
29180,Andrea Bell,F,10th,Rodriguez High School,91,83
29181,Adam Curtis,M,11th,Rodriguez High School,67,64
29182,Ashley Patel,F,11th,Rodriguez High School,98,94
29183,Jennifer Simmons,F,12th,Rodriguez High School,74,73
29184,Rachel Mitchell,F,10th,Rodriguez High School,77,86
29185,Victoria Schultz,F,9th,Rodriguez High School,80,59
29186,Tamara Sloan,F,10th,Rodriguez High School,77,68
29187,Jack Powell,M,11th,Rodriguez High School,67,64
29188,Charles Smith,M,9th,Rodriguez High School,81,96
29189,Shawn Farmer,M,9th,Rodriguez High School,80,67
29190,Karen Cortez,F,11th,Rodriguez High School,94,73
29191,Dylan Briggs,M,9th,Rodriguez High School,84,73
29192,Denise Boone,F,11th,Rodriguez High School,81,66
29193,Erika Grant,F,9th,Rodriguez High School,97,74
29194,Matthew Marks,M,11th,Rodriguez High School,91,56
29195,James Steele,M,10th,Rodriguez High School,89,91
29196,Janice Schaefer,F,11th,Rodriguez High School,87,88
29197,Ruben Mullins,M,9th,Rodriguez High School,99,62
29198,Cory Butler,M,9th,Rodriguez High School,81,82
29199,Julie Meyer,F,12th,Rodriguez High School,90,96
29200,Jennifer Snyder,F,11th,Rodriguez High School,72,84
29201,Danielle Brown ,F,11th,Rodriguez High School,93,82
29202,Emily Lyons,F,9th,Rodriguez High School,64,86
29203,Emma Tanner,F,10th,Rodriguez High School,82,77
29204,Joanne Diaz,F,10th,Rodriguez High School,64,79
29205,Lawrence Jones,M,11th,Rodriguez High School,63,75
29206,Melissa Martinez,F,9th,Rodriguez High School,76,55
29207,Jorge Stanley,M,12th,Rodriguez High School,93,96
29208,Kyle Ford,M,9th,Rodriguez High School,69,71
29209,Chad Clark,M,9th,Rodriguez High School,99,62
29210,Robert Holloway,M,12th,Rodriguez High School,67,82
29211,Jacqueline Brown,F,9th,Rodriguez High School,95,97
29212,Natasha Harding,F,12th,Rodriguez High School,97,78
29213,Sheila Rios,F,10th,Rodriguez High School,83,76
29214,Cesar James,M,11th,Rodriguez High School,77,58
29215,Meagan Oconnor,F,11th,Rodriguez High School,86,63
29216,Megan Walker,F,10th,Rodriguez High School,85,63
29217,Brittany York,F,10th,Rodriguez High School,83,95
29218,Kelly Frey,F,10th,Rodriguez High School,89,85
29219,Jeremy Scott,M,12th,Rodriguez High School,74,70
29220,Alan Ramos,M,11th,Rodriguez High School,81,90
29221,Scott Stanton,M,12th,Rodriguez High School,76,61
29222,John Salinas,M,12th,Rodriguez High School,99,57
29223,Robert Keller,M,12th,Rodriguez High School,69,94
29224,Amanda Frederick,F,10th,Rodriguez High School,83,58
29225,Audrey Rhodes,F,10th,Rodriguez High School,73,81
29226,Jessica Spears,F,10th,Rodriguez High School,78,63
29227,Jason Barr,M,9th,Rodriguez High School,83,59
29228,Kimberly Alvarado,F,10th,Rodriguez High School,82,71
29229,Kristen Henderson,F,10th,Rodriguez High School,73,95
29230,Mark Garcia,M,9th,Rodriguez High School,97,68
29231,James Harvey,M,12th,Rodriguez High School,64,57
29232,Margaret Price,F,11th,Rodriguez High School,65,56
29233,Harry Yates,M,11th,Rodriguez High School,76,63
29234,Nathaniel Ellison,M,9th,Rodriguez High School,75,86
29235,Connie Hernandez,F,10th,Rodriguez High School,68,84
29236,David Morales,M,11th,Rodriguez High School,90,72
29237,Chase Morrison,M,10th,Rodriguez High School,93,66
29238,Andrea Morales,F,12th,Rodriguez High School,70,83
29239,Brenda Wallace,F,11th,Rodriguez High School,86,60
29240,Ashley Hamilton,F,9th,Rodriguez High School,73,58
29241,Lindsey Morris,F,11th,Rodriguez High School,87,98
29242,Misty Wood,F,9th,Rodriguez High School,83,63
29243,Julie Lawrence,F,10th,Rodriguez High School,88,96
29244,Jeffrey Everett,M,10th,Rodriguez High School,77,63
29245,Michael Jenkins,M,12th,Rodriguez High School,82,92
29246,Brooke Thompson,F,12th,Rodriguez High School,80,86
29247,Terry Morris,M,9th,Rodriguez High School,66,88
29248,Tyler Williams,M,10th,Rodriguez High School,95,55
29249,Kenneth Mills,M,11th,Rodriguez High School,74,87
29250,Joyce White,F,11th,Rodriguez High School,94,60
29251,Jason Daugherty,M,10th,Rodriguez High School,85,85
29252,Maria Nelson,F,10th,Rodriguez High School,67,84
29253,Martin Jones,M,10th,Rodriguez High School,69,86
29254,Sarah Marshall,F,11th,Rodriguez High School,67,97
29255,Elizabeth Brown,F,9th,Rodriguez High School,80,71
29256,Mary Huff,F,11th,Rodriguez High School,72,91
29257,Joshua Anderson,M,10th,Rodriguez High School,94,97
29258,Michael Grimes,M,12th,Rodriguez High School,77,95
29259,Tara Gordon,F,11th,Rodriguez High School,70,74
29260,Michael Rivas,M,12th,Rodriguez High School,63,68
29261,Lawrence Jackson,M,10th,Rodriguez High School,88,76
29262,Heather Hart,F,12th,Rodriguez High School,67,81
29263,Crystal Torres,F,11th,Rodriguez High School,73,69
29264,Valerie Jones,F,11th,Rodriguez High School,91,57
29265,Linda Chavez,F,10th,Rodriguez High School,83,95
29266,Jesse Massey,M,12th,Rodriguez High School,63,77
29267,Sara Bryant,F,9th,Rodriguez High School,84,80
29268,Tyler Cantu,M,9th,Rodriguez High School,77,75
29269,Michelle Hayes,F,12th,Rodriguez High School,93,68
29270,Shawn Johnson,M,12th,Rodriguez High School,66,78
29271,Candice Howard,F,11th,Rodriguez High School,86,71
29272,Christopher Chambers,M,10th,Rodriguez High School,95,72
29273,George Reyes,M,12th,Rodriguez High School,71,98
29274,Ryan Walker,M,9th,Rodriguez High School,73,95
29275,Vincent Newman,M,10th,Rodriguez High School,64,99
29276,Hector Brooks,M,12th,Rodriguez High School,94,95
29277,Philip Willis,M,12th,Rodriguez High School,72,95
29278,William Harrison,M,10th,Rodriguez High School,67,82
29279,James Norman,M,12th,Rodriguez High School,78,76
29280,Jason Vargas,M,9th,Rodriguez High School,77,71
29281,Robin Lee,F,11th,Rodriguez High School,79,89
29282,Matthew Miller,M,11th,Rodriguez High School,69,63
29283,Ryan Gomez,M,9th,Rodriguez High School,78,70
29284,Cindy Lee,F,11th,Rodriguez High School,97,73
29285,Christopher Baker,M,11th,Rodriguez High School,89,68
29286,Brian Lee,M,10th,Rodriguez High School,94,89
29287,Matthew Walton,M,11th,Rodriguez High School,84,95
29288,David Jimenez,M,10th,Rodriguez High School,91,94
29289,Tyler Ellison,M,12th,Rodriguez High School,84,74
29290,April Duarte,F,9th,Rodriguez High School,89,73
29291,Bobby Miller,M,12th,Rodriguez High School,83,63
29292,Samantha Schmitt,F,10th,Rodriguez High School,92,84
29293,Nancy Smith,F,12th,Rodriguez High School,84,69
29294,Michael Hicks,M,10th,Rodriguez High School,91,79
29295,Kayla Simpson,F,10th,Rodriguez High School,92,93
29296,Travis Howell,M,9th,Rodriguez High School,69,71
29297,Christine Clark,F,9th,Rodriguez High School,99,60
29298,Austin Armstrong,M,11th,Rodriguez High School,93,85
29299,Karen Rivers,F,11th,Rodriguez High School,71,66
29300,Christopher Rodriguez,M,10th,Rodriguez High School,95,64
29301,Charles King,M,9th,Rodriguez High School,96,89
29302,Jonathan Maldonado ,M,12th,Rodriguez High School,73,75
29303,Shannon Willis,F,10th,Rodriguez High School,95,74
29304,Michelle Osborne,F,9th,Rodriguez High School,92,75
29305,Kim Reynolds,F,10th,Rodriguez High School,64,83
29306,Brad Ross,M,10th,Rodriguez High School,77,93
29307,Rachel Allen,F,9th,Rodriguez High School,90,56
29308,Edward Taylor,M,9th,Rodriguez High School,85,93
29309,Jillian Douglas,F,11th,Rodriguez High School,85,81
29310,Mrs. Ashley Martin,F,10th,Rodriguez High School,76,61
29311,Cody Powers,M,11th,Rodriguez High School,71,88
29312,Jeremy Bryant,M,10th,Rodriguez High School,76,96
29313,Michael Quinn,M,11th,Rodriguez High School,72,65
29314,William Wagner,M,9th,Rodriguez High School,63,79
29315,Linda Smith,F,12th,Rodriguez High School,81,91
29316,Sharon Hill,F,12th,Rodriguez High School,88,83
29317,Monique Clark,F,11th,Rodriguez High School,89,82
29318,Craig Hill,M,11th,Rodriguez High School,89,89
29319,Jason Mcgee,M,9th,Rodriguez High School,73,83
29320,Matthew Coleman,M,10th,Rodriguez High School,67,67
29321,Kelsey Jones,F,10th,Rodriguez High School,85,78
29322,Michael Aguilar,M,10th,Rodriguez High School,80,55
29323,Tracey Lopez,F,12th,Rodriguez High School,90,57
29324,Carrie Norman,F,10th,Rodriguez High School,98,82
29325,Damon Shah,M,9th,Rodriguez High School,74,75
29326,Christina Bryant,F,9th,Rodriguez High School,68,97
29327,Steven Schroeder,M,10th,Rodriguez High School,78,79
29328,Heather Schwartz,F,12th,Rodriguez High School,88,64
29329,Nicole Johnston,F,11th,Rodriguez High School,74,58
29330,Kathy Moreno,F,10th,Rodriguez High School,89,59
29331,Dennis Guzman,M,10th,Rodriguez High School,99,70
29332,Mark Hines,M,11th,Rodriguez High School,65,88
29333,Daniel Phillips,M,9th,Rodriguez High School,76,64
29334,Tammy Mcgrath,F,10th,Rodriguez High School,68,78
29335,Shawn Smith,M,12th,Rodriguez High School,81,87
29336,Heidi Anderson,F,10th,Rodriguez High School,90,58
29337,Deborah Gill,F,11th,Rodriguez High School,87,63
29338,Albert Johnson,M,11th,Rodriguez High School,73,83
29339,Alison Estrada,F,11th,Rodriguez High School,82,88
29340,Angel Smith,M,12th,Rodriguez High School,98,62
29341,Dawn Perkins,F,9th,Rodriguez High School,99,70
29342,Erin Rivera,F,10th,Rodriguez High School,82,65
29343,Samantha West,F,10th,Rodriguez High School,77,62
29344,Justin Cline,M,12th,Rodriguez High School,95,65
29345,Charles Collins,M,9th,Rodriguez High School,80,63
29346,Jasmine Marks,F,11th,Rodriguez High School,70,79
29347,Janet Fields,F,12th,Rodriguez High School,84,74
29348,Regina Maldonado,F,11th,Rodriguez High School,96,71
29349,Shelly Davis,F,9th,Rodriguez High School,76,91
29350,Erica Knight,F,9th,Rodriguez High School,87,90
29351,Patrick Smith,M,9th,Rodriguez High School,92,79
29352,Aaron Pratt,M,9th,Rodriguez High School,91,97
29353,Taylor Johnson,F,10th,Rodriguez High School,65,92
29354,Julia Serrano,F,11th,Rodriguez High School,76,56
29355,Jonathan Bryant,M,10th,Rodriguez High School,86,74
29356,Sarah Davidson,F,9th,Rodriguez High School,82,73
29357,Krista Davis,F,9th,Rodriguez High School,75,64
29358,Spencer Pope,M,11th,Rodriguez High School,73,96
29359,Dominic Martinez,M,10th,Rodriguez High School,63,81
29360,Cynthia Williams,F,9th,Rodriguez High School,78,63
29361,Rhonda Owens,F,9th,Rodriguez High School,82,97
29362,James Webb,M,9th,Rodriguez High School,72,91
29363,Katherine Edwards,F,11th,Rodriguez High School,80,55
29364,Courtney Curtis,F,9th,Rodriguez High School,96,57
29365,Rebecca Matthews,F,11th,Rodriguez High School,69,70
29366,Terry Mitchell,M,9th,Rodriguez High School,73,92
29367,Jessica Fleming,F,11th,Rodriguez High School,89,58
29368,Dawn Wright,F,12th,Rodriguez High School,99,90
29369,David Barton,M,9th,Rodriguez High School,89,99
29370,Alyssa Brown,F,12th,Rodriguez High School,64,87
29371,Emily Ford,F,9th,Rodriguez High School,93,55
29372,Lance Jackson,M,10th,Rodriguez High School,89,70
29373,Barry Nelson,M,11th,Rodriguez High School,68,80
29374,Johnny Martin,M,10th,Rodriguez High School,69,65
29375,Linda Jenkins,F,12th,Rodriguez High School,97,61
29376,Tyler Gonzalez,M,9th,Rodriguez High School,75,71
29377,Jay Martinez,M,12th,Rodriguez High School,65,96
29378,Kevin Cummings,M,12th,Rodriguez High School,70,90
29379,Bradley Torres,M,9th,Rodriguez High School,79,90
29380,Matthew Griffin,M,11th,Rodriguez High School,91,97
29381,Kyle Jones,M,10th,Rodriguez High School,64,71
29382,Angela Campbell,F,9th,Rodriguez High School,93,87
29383,Brian Bryant,M,12th,Rodriguez High School,96,79
29384,Nathan Lowe,M,9th,Rodriguez High School,88,78
29385,Darren Vincent,M,11th,Rodriguez High School,95,56
29386,Timothy White,M,9th,Rodriguez High School,73,68
29387,Isaiah Martinez ,M,10th,Rodriguez High School,82,75
29388,Louis Freeman,M,10th,Rodriguez High School,65,87
29389,Kayla Ryan,F,12th,Rodriguez High School,91,94
29390,Monica Wilson,F,9th,Rodriguez High School,68,89
29391,Christopher Moore PhD,M,11th,Rodriguez High School,99,98
29392,Dillon Hill,M,11th,Rodriguez High School,78,56
29393,Christopher Tate,M,11th,Rodriguez High School,69,89
29394,Jordan Torres,F,9th,Rodriguez High School,70,59
29395,Jeffrey Robles,M,12th,Rodriguez High School,73,73
29396,Melinda Miller,F,10th,Rodriguez High School,66,58
29397,Robert Davis,M,11th,Rodriguez High School,68,73
29398,Logan Williams,M,9th,Rodriguez High School,92,87
29399,Richard Watson,M,11th,Rodriguez High School,96,85
29400,Timothy Burke,M,10th,Rodriguez High School,84,92
29401,Gregory Jones,M,12th,Rodriguez High School,63,72
29402,Sarah Austin,F,10th,Rodriguez High School,88,86
29403,Joanne Weiss,F,11th,Rodriguez High School,98,91
29404,Amanda Jennings,F,11th,Rodriguez High School,84,64
29405,Barbara Thomas,F,12th,Rodriguez High School,71,60
29406,Elizabeth Bell,F,10th,Rodriguez High School,75,99
29407,Michael Sullivan,M,9th,Rodriguez High School,76,59
29408,David Mahoney,M,12th,Rodriguez High School,65,90
29409,Carolyn Abbott,F,10th,Rodriguez High School,79,80
29410,Thomas Taylor,M,9th,Rodriguez High School,73,99
29411,Megan James,F,9th,Rodriguez High School,76,55
29412,Susan Velez,F,12th,Rodriguez High School,72,65
29413,Jeffrey Buck,M,10th,Rodriguez High School,95,81
29414,Sabrina Thompson,F,12th,Rodriguez High School,82,84
29415,John Velasquez,M,10th,Rodriguez High School,65,55
29416,Nicholas Fischer,M,9th,Rodriguez High School,72,73
29417,Andrew Robinson,M,11th,Rodriguez High School,85,79
29418,Rebecca Smith,F,12th,Rodriguez High School,68,84
29419,Shelly Holmes,F,12th,Rodriguez High School,71,80
29420,Ryan Gates,M,12th,Rodriguez High School,96,59
29421,Seth Santos,M,11th,Rodriguez High School,71,55
29422,Matthew Marshall,M,11th,Rodriguez High School,72,85
29423,Laura Brady,F,12th,Rodriguez High School,74,63
29424,Thomas Powell,M,11th,Rodriguez High School,71,57
29425,Kelly Hampton,F,9th,Rodriguez High School,79,89
29426,Rachel Lane,F,11th,Rodriguez High School,63,79
29427,Julie Bass,F,9th,Rodriguez High School,89,69
29428,Dustin Johnson,M,11th,Rodriguez High School,77,93
29429,Sarah Arnold,F,10th,Rodriguez High School,96,59
29430,Susan Ford,F,12th,Rodriguez High School,65,61
29431,Bryan Torres,M,9th,Rodriguez High School,79,68
29432,James Sawyer,M,11th,Rodriguez High School,99,85
29433,Catherine Carney,F,10th,Rodriguez High School,76,55
29434,Todd Cox,M,11th,Rodriguez High School,86,72
29435,Pamela Morgan,F,9th,Rodriguez High School,65,76
29436,Linda Schmidt,F,9th,Rodriguez High School,80,99
29437,Olivia Cook,F,9th,Rodriguez High School,63,79
29438,Shelby Jimenez,F,10th,Rodriguez High School,79,76
29439,Marilyn Green,F,11th,Rodriguez High School,63,67
29440,Whitney Allen,F,11th,Rodriguez High School,64,67
29441,Donna Collins,F,10th,Rodriguez High School,71,61
29442,Grace Palmer,F,9th,Rodriguez High School,74,60
29443,Kelly Gonzalez,F,9th,Rodriguez High School,91,98
29444,Jennifer Hawkins,F,11th,Rodriguez High School,97,94
29445,Jean Allen,F,9th,Rodriguez High School,96,83
29446,Ethan Roberts,M,10th,Rodriguez High School,96,64
29447,Katrina Diaz,F,9th,Rodriguez High School,94,96
29448,Kristin Perez,F,11th,Rodriguez High School,65,70
29449,Barbara Jefferson,F,9th,Rodriguez High School,95,60
29450,Stephanie Robinson,F,12th,Rodriguez High School,84,73
29451,John Nelson,M,12th,Rodriguez High School,67,74
29452,Joseph Harrison,M,12th,Rodriguez High School,83,90
29453,Julie Reynolds,F,11th,Rodriguez High School,96,70
29454,Mary Wood,F,11th,Rodriguez High School,95,86
29455,Mary Gomez,F,10th,Rodriguez High School,91,82
29456,John Fitzgerald ,M,11th,Rodriguez High School,69,67
29457,Desiree Torres,F,11th,Rodriguez High School,85,74
29458,Dawn Banks,F,10th,Rodriguez High School,71,66
29459,Justin Conrad,M,11th,Rodriguez High School,98,99
29460,Gail Page PhD,F,10th,Rodriguez High School,82,65
29461,Cheryl Richards ,F,10th,Rodriguez High School,64,80
29462,Amber Roberts,F,11th,Rodriguez High School,95,78
29463,Sean Andrews,M,9th,Rodriguez High School,71,73
29464,Stephen Martin,M,11th,Rodriguez High School,93,87
29465,Gary Levy,M,11th,Rodriguez High School,75,78
29466,Miranda Taylor,F,12th,Rodriguez High School,88,93
29467,Todd Sandoval ,M,10th,Rodriguez High School,89,90
29468,Brendan Watson,M,9th,Rodriguez High School,86,95
29469,Jennifer Jackson,F,10th,Rodriguez High School,82,91
29470,David Lane,M,9th,Rodriguez High School,89,66
29471,Danielle Rivera,F,10th,Rodriguez High School,92,70
29472,Jeffrey Wallace,M,11th,Rodriguez High School,72,76
29473,Casey Smith,M,11th,Rodriguez High School,63,79
29474,Amanda Gonzalez,F,11th,Rodriguez High School,88,63
29475,Matthew Sawyer,M,12th,Rodriguez High School,89,97
29476,Darlene Garrison,F,10th,Rodriguez High School,72,75
29477,Brandon Bryan,M,11th,Rodriguez High School,87,92
29478,Mrs. Karen Wright ,F,9th,Rodriguez High School,81,86
29479,Katie Martin,F,10th,Rodriguez High School,72,72
29480,Theresa Smith,F,9th,Rodriguez High School,70,79
29481,Patrick Jackson,M,9th,Rodriguez High School,90,66
29482,Walter Jones,M,9th,Rodriguez High School,63,78
29483,Carolyn Whitehead,F,11th,Rodriguez High School,73,60
29484,Stacy Duncan,F,9th,Rodriguez High School,85,93
29485,Elizabeth Taylor,F,10th,Rodriguez High School,64,94
29486,Susan Schultz,F,11th,Rodriguez High School,67,89
29487,Nicholas Clark,M,9th,Rodriguez High School,88,71
29488,Daryl Hernandez,M,11th,Rodriguez High School,63,98
29489,Elizabeth Smith,F,9th,Rodriguez High School,72,94
29490,Jason Gordon,M,11th,Rodriguez High School,66,81
29491,Bradley Diaz,M,12th,Rodriguez High School,63,88
29492,Samantha Ross,F,11th,Rodriguez High School,80,60
29493,Jason Ortiz,M,9th,Rodriguez High School,96,69
29494,Adrian Smith,M,12th,Rodriguez High School,71,91
29495,Taylor Blevins,F,11th,Rodriguez High School,90,96
29496,Rhonda Stevenson ,F,11th,Rodriguez High School,72,95
29497,Kara Hawkins,F,9th,Rodriguez High School,70,81
29498,John Blake,M,11th,Rodriguez High School,76,57
29499,Christopher Hines,M,12th,Rodriguez High School,70,92
29500,Robin Ramsey,F,11th,Rodriguez High School,68,74
29501,Taylor Brown,M,9th,Rodriguez High School,99,82
29502,Nicole Cannon,F,12th,Rodriguez High School,91,68
29503,Danielle Cook ,F,12th,Rodriguez High School,95,57
29504,Amy Smith,F,10th,Rodriguez High School,63,75
29505,Eric Hernandez,M,12th,Rodriguez High School,84,82
29506,James Hall,M,9th,Rodriguez High School,95,84
29507,Holly Smith,F,11th,Rodriguez High School,92,73
29508,Tyrone Gomez,M,10th,Rodriguez High School,72,93
29509,Taylor Velazquez,F,10th,Rodriguez High School,83,57
29510,Lori Chavez,F,12th,Rodriguez High School,97,97
29511,Linda Wilson,F,12th,Rodriguez High School,86,91
29512,Julie Wells,F,10th,Rodriguez High School,77,60
29513,Jennifer Mosley,F,10th,Rodriguez High School,97,58
29514,Derek Green,M,9th,Rodriguez High School,75,99
29515,Michelle Porter ,F,11th,Rodriguez High School,81,75
29516,Renee Reeves,F,10th,Rodriguez High School,97,81
29517,Jordan White,M,12th,Rodriguez High School,82,93
29518,Carolyn May,F,11th,Rodriguez High School,66,60
29519,Ernest Burke,M,9th,Rodriguez High School,80,64
29520,Jeffrey Gonzales,M,10th,Rodriguez High School,68,96
29521,Larry Nunez,M,12th,Rodriguez High School,81,57
29522,Ryan Gomez II,M,10th,Rodriguez High School,89,73
29523,Linda Tucker,F,9th,Rodriguez High School,78,80
29524,Thomas Sanders,M,10th,Rodriguez High School,73,66
29525,Jesse Nguyen,M,9th,Rodriguez High School,72,91
29526,Alexis Bates,F,9th,Rodriguez High School,85,58
29527,Christopher Herrera,M,11th,Rodriguez High School,91,64
29528,Jason Harrington,M,11th,Rodriguez High School,99,63
29529,Ashley Marshall,F,9th,Rodriguez High School,79,76
29530,Michaela Campbell,F,10th,Rodriguez High School,91,88
29531,Amanda Griffin,F,11th,Rodriguez High School,72,68
29532,Alexandra Henderson,F,9th,Rodriguez High School,91,93
29533,Ross Gentry,M,12th,Rodriguez High School,89,78
29534,Kristy Adkins,F,9th,Rodriguez High School,86,68
29535,James Guzman,M,12th,Rodriguez High School,64,57
29536,Caitlin Jacobson,F,12th,Rodriguez High School,71,55
29537,Melissa Campos,F,11th,Rodriguez High School,93,70
29538,Lee Wilson,M,12th,Rodriguez High School,90,97
29539,Tonya Butler,F,9th,Rodriguez High School,77,82
29540,Peggy Reynolds,F,10th,Rodriguez High School,94,82
29541,Terry Hatfield,M,10th,Rodriguez High School,69,67
29542,Andre Mann,M,12th,Rodriguez High School,86,56
29543,Shawn Berger,M,11th,Rodriguez High School,81,96
29544,Terry Price,M,11th,Rodriguez High School,98,65
29545,Stacy Cunningham,F,12th,Rodriguez High School,63,56
29546,Ashley Cooper,F,11th,Rodriguez High School,65,90
29547,Benjamin Rose,M,9th,Rodriguez High School,69,67
29548,Jason Greene,M,12th,Rodriguez High School,97,91
29549,David Evans,M,10th,Rodriguez High School,81,71
29550,Melissa Wagner,F,11th,Rodriguez High School,64,92
29551,Austin Morrison,M,10th,Rodriguez High School,85,66
29552,Brent Ramirez,M,9th,Rodriguez High School,98,91
29553,Lori Burnett,F,11th,Rodriguez High School,69,93
29554,Heather Drake,F,9th,Rodriguez High School,68,64
29555,Aaron Jackson,M,9th,Rodriguez High School,92,98
29556,Sheila Bennett,F,9th,Rodriguez High School,97,87
29557,Cheryl Herrera,F,12th,Rodriguez High School,78,69
29558,Anna Olson,F,12th,Rodriguez High School,91,82
29559,Bryan Aguirre,M,12th,Rodriguez High School,85,76
29560,Lauren Mosley,F,10th,Rodriguez High School,90,70
29561,Amy Andrews,F,9th,Rodriguez High School,97,85
29562,Angela Hall,F,10th,Rodriguez High School,79,73
29563,Kathryn Goodwin,F,9th,Rodriguez High School,95,59
29564,Nathan Moore,M,9th,Rodriguez High School,65,77
29565,Teresa Carter,F,12th,Rodriguez High School,96,72
29566,Jason Wood,M,12th,Rodriguez High School,76,95
29567,Michael Lee,M,10th,Rodriguez High School,83,71
29568,David Wilson,M,9th,Rodriguez High School,98,69
29569,Angela Scott,F,9th,Rodriguez High School,88,96
29570,Edward Santiago,M,10th,Rodriguez High School,68,64
29571,Robert Evans,M,12th,Rodriguez High School,66,68
29572,Joseph Fisher,M,10th,Rodriguez High School,70,85
29573,David Smith,M,11th,Rodriguez High School,66,99
29574,Matthew Ramsey,M,10th,Rodriguez High School,73,78
29575,Andrew Gates,M,10th,Rodriguez High School,63,93
29576,Sharon Friedman,F,12th,Rodriguez High School,76,73
29577,Katherine Brown,F,11th,Rodriguez High School,64,73
29578,Laura Castillo,F,10th,Rodriguez High School,90,86
29579,Logan Russell,M,11th,Rodriguez High School,79,67
29580,Michelle Clark,F,9th,Rodriguez High School,64,82
29581,Melissa Stewart,F,9th,Rodriguez High School,88,83
29582,Deborah Harris,F,9th,Rodriguez High School,92,70
29583,Tyler Jones,M,10th,Rodriguez High School,82,70
29584,Steven Lee,M,9th,Rodriguez High School,76,91
29585,Kaitlin Harvey,F,11th,Rodriguez High School,97,57
29586,Cynthia Mendoza,F,9th,Rodriguez High School,75,87
29587,Tyler Jones,M,9th,Rodriguez High School,95,57
29588,Brian Martin,M,9th,Rodriguez High School,85,77
29589,Richard Scott,M,9th,Rodriguez High School,99,56
29590,Kerry Andersen,M,11th,Rodriguez High School,64,79
29591,John Parker,M,9th,Rodriguez High School,76,94
29592,Ashley Sanchez,F,11th,Rodriguez High School,96,78
29593,Alex Cooper,M,9th,Rodriguez High School,74,60
29594,Gregory Hughes,M,10th,Rodriguez High School,83,75
29595,John Campbell,M,9th,Rodriguez High School,96,71
29596,Trevor Barber,M,10th,Rodriguez High School,88,87
29597,Nancy Byrd,F,10th,Rodriguez High School,86,60
29598,Mrs. Rachel Hensley,F,11th,Rodriguez High School,70,84
29599,Matthew Campbell,M,12th,Rodriguez High School,71,92
29600,Laura Williams,F,12th,Rodriguez High School,71,84
29601,Monica Lee,F,10th,Rodriguez High School,86,75
29602,Lynn Steele,F,9th,Rodriguez High School,63,84
29603,Thomas Smith,M,9th,Rodriguez High School,64,58
29604,Christopher Olson,M,10th,Rodriguez High School,98,62
29605,Wayne Fowler,M,11th,Rodriguez High School,75,79
29606,David Harmon,M,9th,Rodriguez High School,75,93
29607,Devin Hicks,M,9th,Rodriguez High School,84,78
29608,Ryan Evans,M,9th,Rodriguez High School,89,60
29609,Savannah Alexander,F,9th,Rodriguez High School,93,82
29610,Tony Ruiz,M,11th,Rodriguez High School,97,70
29611,Alejandro Simpson,M,11th,Rodriguez High School,93,78
29612,Ronald Brown,M,11th,Rodriguez High School,68,56
29613,Richard West,M,10th,Rodriguez High School,80,84
29614,Michelle Long,F,11th,Rodriguez High School,88,60
29615,John Brown,M,11th,Rodriguez High School,73,88
29616,Donald Gordon,M,12th,Rodriguez High School,74,86
29617,Melissa Shannon,F,9th,Rodriguez High School,74,96
29618,Eric Ward,M,9th,Rodriguez High School,88,90
29619,Joan Rice,F,10th,Rodriguez High School,79,77
29620,Alexa Hayes,F,10th,Rodriguez High School,75,76
29621,Kimberly Watson,F,9th,Rodriguez High School,81,60
29622,Cody Nguyen,M,9th,Rodriguez High School,92,88
29623,Aaron Meyers,M,10th,Rodriguez High School,87,62
29624,Aaron Welch,M,11th,Rodriguez High School,98,69
29625,Laurie Carrillo,F,11th,Rodriguez High School,72,90
29626,Joshua Wilson,M,9th,Rodriguez High School,87,64
29627,Vincent Hill,M,10th,Rodriguez High School,68,89
29628,Mrs. Cynthia Lawrence,F,9th,Rodriguez High School,68,63
29629,Mark Norris,M,10th,Rodriguez High School,96,81
29630,Ashley Aguirre,F,11th,Rodriguez High School,87,59
29631,Shannon Braun,F,9th,Rodriguez High School,87,73
29632,Jonathon Ortega,M,10th,Rodriguez High School,73,67
29633,Noah Chandler,M,9th,Rodriguez High School,95,74
29634,Austin Gordon,M,10th,Rodriguez High School,95,69
29635,Erik Gentry,M,11th,Rodriguez High School,94,58
29636,Mariah Jackson,F,11th,Rodriguez High School,84,70
29637,William Mckenzie,M,9th,Rodriguez High School,82,57
29638,Melissa Taylor,F,11th,Rodriguez High School,99,76
29639,Michael Barry,M,9th,Rodriguez High School,94,60
29640,Sarah King,F,10th,Rodriguez High School,92,84
29641,Jeffrey Figueroa,M,11th,Rodriguez High School,68,70
29642,Daniel Smith,M,12th,Rodriguez High School,70,76
29643,Linda Lawson,F,9th,Rodriguez High School,76,72
29644,Steven Davies,M,10th,Rodriguez High School,81,55
29645,Daniel Thompson,M,12th,Rodriguez High School,95,58
29646,Daniel Hall,M,12th,Rodriguez High School,63,90
29647,Stephanie Davis,F,11th,Rodriguez High School,78,67
29648,Julia Johnson,F,11th,Rodriguez High School,75,87
29649,Michael Frost,M,11th,Rodriguez High School,73,66
29650,Beth Goodwin,F,10th,Rodriguez High School,96,90
29651,George Miller,M,10th,Rodriguez High School,64,82
29652,Steven Brown,M,9th,Rodriguez High School,67,56
29653,Nicholas Duncan,M,9th,Rodriguez High School,73,67
29654,Stacy Taylor,F,9th,Rodriguez High School,86,70
29655,Scott Morris,M,12th,Rodriguez High School,80,59
29656,Mary Burton,F,12th,Rodriguez High School,80,96
29657,Elizabeth Potts,F,9th,Rodriguez High School,85,85
29658,Jennifer Cooper,F,12th,Rodriguez High School,68,59
29659,Christian Martinez,M,9th,Rodriguez High School,90,82
29660,Mark Greene,M,9th,Rodriguez High School,68,60
29661,Allen Gross,M,10th,Rodriguez High School,93,94
29662,Daniel Ramirez,M,11th,Rodriguez High School,84,68
29663,Curtis Fitzpatrick,M,11th,Rodriguez High School,93,86
29664,Matthew Pratt,M,10th,Rodriguez High School,66,57
29665,Lisa Hudson,F,11th,Rodriguez High School,95,87
29666,Douglas Sandoval,M,9th,Rodriguez High School,75,72
29667,Jeremy Smith,M,11th,Rodriguez High School,84,86
29668,Alex Osborne,M,9th,Rodriguez High School,90,98
29669,Katrina Murillo,F,11th,Rodriguez High School,91,97
29670,Roberto Allen,M,12th,Rodriguez High School,94,62
29671,Michael Hester,M,11th,Rodriguez High School,84,63
29672,Jeffrey Graham,M,10th,Rodriguez High School,68,81
29673,Christopher Carr,M,9th,Rodriguez High School,95,86
29674,Aaron Schultz,M,11th,Rodriguez High School,90,89
29675,William Ferguson,M,11th,Rodriguez High School,82,69
29676,Peggy Duffy,F,12th,Rodriguez High School,94,86
29677,Joseph Zamora,M,9th,Rodriguez High School,94,64
29678,Patricia Warren,F,9th,Rodriguez High School,79,71
29679,Andrew Mckenzie,M,11th,Rodriguez High School,66,85
29680,Jordan Delgado,F,10th,Rodriguez High School,85,60
29681,Kenneth Johnson,M,11th,Rodriguez High School,87,92
29682,Tammy Smith,F,9th,Rodriguez High School,77,94
29683,James Bradley,M,10th,Rodriguez High School,66,81
29684,Zachary Ramos,M,11th,Rodriguez High School,98,99
29685,Jaime Lloyd,F,9th,Rodriguez High School,73,73
29686,Andrea Alvarez,F,9th,Rodriguez High School,69,63
29687,Scott White,M,10th,Rodriguez High School,68,64
29688,Nicole Savage,F,9th,Rodriguez High School,94,55
29689,Andrew Crawford,M,9th,Rodriguez High School,82,58
29690,Aaron Deleon,M,9th,Rodriguez High School,96,84
29691,Jesse Becker,M,10th,Rodriguez High School,87,92
29692,Gregory Romero,M,10th,Rodriguez High School,64,61
29693,Kara Bailey,F,9th,Rodriguez High School,64,77
29694,Jon Little,M,10th,Rodriguez High School,92,61
29695,Jessica Green,F,12th,Rodriguez High School,63,88
29696,Glenda Conner,F,10th,Rodriguez High School,63,57
29697,Denise Johnson,F,12th,Rodriguez High School,92,70
29698,Shane Porter,M,10th,Rodriguez High School,77,86
29699,Jason Green,M,11th,Rodriguez High School,73,58
29700,Joseph Hamilton,M,10th,Rodriguez High School,98,95
29701,Jose White,M,12th,Rodriguez High School,78,97
29702,Hunter Brown,M,12th,Rodriguez High School,83,67
29703,Heather Bauer,F,9th,Rodriguez High School,87,72
29704,Anthony Krause,M,11th,Rodriguez High School,75,84
29705,Joel Morrison,M,11th,Rodriguez High School,89,78
29706,Michael Harris,M,10th,Rodriguez High School,85,71
29707,Lindsay King,F,10th,Rodriguez High School,90,99
29708,Tammy Cooper,F,11th,Rodriguez High School,96,59
29709,Nancy Carpenter,F,9th,Rodriguez High School,79,64
29710,Andrea Howard,F,10th,Rodriguez High School,97,97
29711,Robert Rodriguez,M,10th,Rodriguez High School,73,72
29712,Matthew Berry,M,9th,Rodriguez High School,67,98
29713,Darryl Turner,M,10th,Rodriguez High School,77,97
29714,Christopher Adams,M,11th,Rodriguez High School,70,74
29715,Jane Love,F,11th,Rodriguez High School,70,73
29716,Wayne Reyes,M,12th,Rodriguez High School,80,88
29717,Samantha Wilcox,F,11th,Rodriguez High School,81,72
29718,Lisa Collier,F,10th,Rodriguez High School,91,70
29719,Ashley Perez,F,10th,Rodriguez High School,85,58
29720,Kelly Smith,F,9th,Rodriguez High School,74,63
29721,Jasmine Barrett,F,10th,Rodriguez High School,73,97
29722,Judy Mata,F,11th,Rodriguez High School,99,61
29723,Karen Gomez,F,9th,Rodriguez High School,82,95
29724,Rebecca Garner,F,9th,Rodriguez High School,69,57
29725,Amanda Richmond,F,11th,Rodriguez High School,66,99
29726,Brandy Anderson,F,12th,Rodriguez High School,98,56
29727,Harold Taylor,M,10th,Rodriguez High School,88,69
29728,Matthew Burnett,M,10th,Rodriguez High School,91,90
29729,Sandra Burke,F,11th,Rodriguez High School,83,68
29730,Melissa Gonzalez ,F,9th,Rodriguez High School,72,65
29731,Gina Moss,F,12th,Rodriguez High School,74,67
29732,Timothy Fitzgerald,M,9th,Rodriguez High School,76,74
29733,Donna Kennedy,F,11th,Rodriguez High School,96,75
29734,Jason Castillo,M,9th,Rodriguez High School,90,73
29735,Desiree Guzman,F,12th,Rodriguez High School,64,75
29736,Edward Stevens,M,11th,Rodriguez High School,77,65
29737,Lee Shaw,M,12th,Rodriguez High School,85,68
29738,Cindy Dominguez,F,12th,Rodriguez High School,76,58
29739,Christina Clark,F,10th,Rodriguez High School,85,55
29740,Nicholas Henderson,M,11th,Rodriguez High School,71,74
29741,Max Nguyen,M,10th,Rodriguez High School,70,58
29742,Kimberly Morris,F,11th,Rodriguez High School,96,78
29743,Chad Morris,M,9th,Rodriguez High School,96,97
29744,John Nguyen,M,12th,Rodriguez High School,76,76
29745,Heather Howe,F,12th,Rodriguez High School,63,65
29746,Rebecca Moore,F,10th,Rodriguez High School,66,81
29747,April Parker,F,9th,Rodriguez High School,67,59
29748,Robert Elliott,M,11th,Rodriguez High School,65,58
29749,Richard Morrison,M,10th,Rodriguez High School,77,61
29750,Julia Williams,F,12th,Rodriguez High School,96,80
29751,Candace Torres,F,11th,Rodriguez High School,82,74
29752,Heather Miller,F,9th,Rodriguez High School,71,95
29753,Nicole Scott,F,11th,Rodriguez High School,87,65
29754,Jeffrey James,M,9th,Rodriguez High School,74,56
29755,Lawrence Lane,M,12th,Rodriguez High School,79,83
29756,Julia Durham,F,12th,Rodriguez High School,75,77
29757,Laura Tyler,F,11th,Rodriguez High School,90,73
29758,Bob Erickson,M,11th,Rodriguez High School,92,85
29759,Tara Townsend,F,12th,Rodriguez High School,82,59
29760,Kevin Johnson,M,11th,Rodriguez High School,84,63
29761,Natasha Jensen,F,11th,Rodriguez High School,82,57
29762,Nicole Ruiz,F,12th,Rodriguez High School,68,66
29763,Nancy Clark,F,11th,Rodriguez High School,92,95
29764,Valerie Young,F,12th,Rodriguez High School,65,59
29765,Eric Hunt,M,11th,Rodriguez High School,64,61
29766,Christopher Hopkins,M,9th,Rodriguez High School,95,86
29767,Brad Green,M,10th,Rodriguez High School,63,80
29768,Stephanie Hicks,F,12th,Rodriguez High School,68,61
29769,Tonya Park,F,11th,Rodriguez High School,79,74
29770,Jill Carroll,F,11th,Rodriguez High School,80,63
29771,Sherry Smith,F,11th,Rodriguez High School,88,80
29772,Sharon Rogers,F,10th,Rodriguez High School,80,86
29773,Robin Washington,F,9th,Rodriguez High School,79,60
29774,Howard Harris,M,10th,Rodriguez High School,93,72
29775,Vincent Marshall,M,12th,Rodriguez High School,69,86
29776,Erik Smith Jr.,M,12th,Rodriguez High School,76,55
29777,Daniel Flores,M,10th,Rodriguez High School,65,74
29778,James Frazier,M,12th,Rodriguez High School,66,69
29779,Angie Clarke ,F,11th,Rodriguez High School,70,83
29780,Jeffrey Morgan,M,9th,Rodriguez High School,72,57
29781,Bruce Raymond,M,11th,Rodriguez High School,78,55
29782,Thomas Butler,M,12th,Rodriguez High School,64,72
29783,Sean Robinson,M,12th,Rodriguez High School,63,65
29784,Donna King,F,11th,Rodriguez High School,70,81
29785,Kathleen Taylor,F,11th,Rodriguez High School,92,83
29786,Mackenzie Fernandez,F,11th,Rodriguez High School,79,87
29787,Jamie Crawford,F,12th,Rodriguez High School,80,67
29788,Sharon Nguyen,F,10th,Rodriguez High School,64,65
29789,Joel Mcdonald,M,10th,Rodriguez High School,79,89
29790,Deanna Love,F,10th,Rodriguez High School,88,55
29791,Ethan Ingram,M,9th,Rodriguez High School,67,95
29792,Laurie Ross,F,9th,Rodriguez High School,81,75
29793,Jennifer Raymond,F,11th,Rodriguez High School,99,82
29794,Wesley Gardner,M,10th,Rodriguez High School,72,67
29795,Suzanne Mcknight,F,11th,Rodriguez High School,98,91
29796,Andrea Rios,F,10th,Rodriguez High School,71,91
29797,Michael Aguilar,M,9th,Rodriguez High School,87,92
29798,Roger Ritter,M,12th,Rodriguez High School,91,55
29799,Tracy Bartlett,F,10th,Rodriguez High School,86,89
29800,Mark Martin,M,9th,Rodriguez High School,81,66
29801,Kathy Williams,F,9th,Rodriguez High School,98,56
29802,Nathan Kemp,M,9th,Rodriguez High School,83,74
29803,Katherine Larson,F,11th,Rodriguez High School,91,89
29804,Crystal Hess,F,9th,Rodriguez High School,94,84
29805,Dana Barnett,F,10th,Rodriguez High School,77,68
29806,Rodney Martin,M,9th,Rodriguez High School,68,88
29807,Robert Jones,M,10th,Rodriguez High School,82,84
29808,Michelle Johnson,F,10th,Rodriguez High School,86,76
29809,David Carson,M,9th,Rodriguez High School,99,92
29810,John Allison,M,12th,Rodriguez High School,79,73
29811,Dakota Sanchez,M,9th,Rodriguez High School,63,75
29812,Jennifer Garrett,F,9th,Rodriguez High School,89,58
29813,Lisa Baird,F,10th,Rodriguez High School,82,77
29814,Stephanie Garcia,F,11th,Rodriguez High School,73,57
29815,Elizabeth Stevens,F,11th,Rodriguez High School,86,83
29816,Vanessa Hill,F,10th,Rodriguez High School,70,68
29817,Anna Espinoza,F,9th,Rodriguez High School,71,66
29818,Donna Gutierrez,F,12th,Rodriguez High School,78,95
29819,Matthew Jordan,M,10th,Rodriguez High School,92,68
29820,Jack Stanley,M,11th,Rodriguez High School,76,96
29821,Anthony Maldonado,M,10th,Rodriguez High School,73,93
29822,Charles King,M,11th,Rodriguez High School,81,82
29823,Cheryl Ross,F,9th,Rodriguez High School,93,74
29824,Tina Sandoval,F,9th,Rodriguez High School,66,63
29825,Julie Green,F,12th,Rodriguez High School,96,65
29826,Tamara Clark,F,9th,Rodriguez High School,89,65
29827,Sue Potter,F,12th,Rodriguez High School,65,73
29828,Laura Torres,F,11th,Rodriguez High School,68,75
29829,Courtney Dickerson,F,11th,Rodriguez High School,72,71
29830,Laura Wheeler,F,9th,Rodriguez High School,70,59
29831,Angela Matthews,F,9th,Rodriguez High School,72,93
29832,Natalie Mccoy,F,11th,Rodriguez High School,80,82
29833,Christie Duncan,F,10th,Rodriguez High School,63,78
29834,Scott White,M,11th,Rodriguez High School,66,93
29835,Joshua Frye,M,12th,Rodriguez High School,71,90
29836,Michael Cooke,M,12th,Rodriguez High School,88,75
29837,Tracey Rodriguez,F,10th,Rodriguez High School,87,71
29838,Jamie Bray,F,11th,Rodriguez High School,67,87
29839,Meagan Gutierrez,F,11th,Rodriguez High School,66,77
29840,Randy Torres,M,9th,Rodriguez High School,88,72
29841,Joshua May,M,10th,Rodriguez High School,78,63
29842,Kathy Chavez,F,9th,Rodriguez High School,93,84
29843,Melissa Butler,F,9th,Rodriguez High School,71,74
29844,Gregory Beck,M,9th,Rodriguez High School,77,56
29845,Kathleen Bell,F,9th,Rodriguez High School,74,90
29846,Laura Smith,F,11th,Rodriguez High School,78,69
29847,Harold Dixon,M,12th,Rodriguez High School,87,67
29848,Susan Davis,F,10th,Rodriguez High School,97,82
29849,Charlene Romero,F,11th,Rodriguez High School,83,76
29850,Samuel Thompson,M,12th,Rodriguez High School,88,87
29851,George Gallagher,M,9th,Rodriguez High School,94,65
29852,Alicia Gallagher,F,9th,Rodriguez High School,88,89
29853,Joshua Smith,M,10th,Rodriguez High School,70,98
29854,Frank Bennett,M,11th,Rodriguez High School,86,73
29855,Curtis Johnson,M,12th,Rodriguez High School,80,79
29856,Christopher Lambert,M,10th,Rodriguez High School,96,93
29857,Tracey Walsh,F,10th,Rodriguez High School,63,89
29858,Jenna Beck,F,10th,Rodriguez High School,66,79
29859,Michelle Marshall,F,10th,Rodriguez High School,83,75
29860,Jill Arnold,F,11th,Rodriguez High School,89,90
29861,Rachel Hoffman,F,11th,Rodriguez High School,71,94
29862,Frank Kelly,M,12th,Rodriguez High School,87,91
29863,Michael Goodman,M,12th,Rodriguez High School,83,64
29864,Catherine Ford,F,12th,Rodriguez High School,64,99
29865,Beth Wagner,F,10th,Rodriguez High School,82,72
29866,Angela Harrison,F,11th,Rodriguez High School,70,82
29867,Amy Ramirez,F,9th,Rodriguez High School,98,87
29868,Erin Sandoval,F,12th,Rodriguez High School,81,98
29869,Jennifer Olson ,F,10th,Rodriguez High School,89,87
29870,Jamie Barker,F,9th,Rodriguez High School,94,68
29871,Michelle Garcia,F,12th,Rodriguez High School,98,95
29872,Betty Cohen,F,11th,Rodriguez High School,89,63
29873,Donna Maddox,F,9th,Rodriguez High School,75,85
29874,Carl Perez,M,11th,Rodriguez High School,97,84
29875,Robert Ramirez,M,10th,Rodriguez High School,69,76
29876,Elizabeth Valentine,F,11th,Rodriguez High School,63,90
29877,James Alexander,M,12th,Rodriguez High School,85,62
29878,Katherine Castro,F,10th,Rodriguez High School,95,89
29879,Becky Bond,F,9th,Rodriguez High School,98,88
29880,Jessica Bryan,F,9th,Rodriguez High School,96,86
29881,Stacy Harris,F,9th,Rodriguez High School,72,79
29882,Steven Jones,M,9th,Rodriguez High School,65,90
29883,Brandon Duran,M,10th,Rodriguez High School,81,97
29884,Gail Pearson,F,11th,Rodriguez High School,80,87
29885,Nathan Reynolds,M,9th,Rodriguez High School,94,92
29886,Laura Thomas,F,11th,Rodriguez High School,87,63
29887,Alan Jensen,M,11th,Rodriguez High School,66,74
29888,Regina Mejia,F,10th,Rodriguez High School,92,88
29889,Lindsey Walters,F,10th,Rodriguez High School,66,78
29890,John Williams,M,12th,Rodriguez High School,71,84
29891,Elizabeth Smith,F,11th,Rodriguez High School,79,91
29892,Carol Navarro,F,12th,Rodriguez High School,69,93
29893,Victoria Gutierrez,F,12th,Rodriguez High School,77,98
29894,Amy Rollins,F,11th,Rodriguez High School,92,58
29895,Jeffery Smith,M,10th,Rodriguez High School,75,84
29896,Robin Stanley,F,9th,Rodriguez High School,76,89
29897,Emily Paul,F,12th,Rodriguez High School,63,94
29898,Renee Foster,F,10th,Rodriguez High School,73,69
29899,William Cooley,M,9th,Rodriguez High School,94,57
29900,Christopher Hoffman,M,9th,Rodriguez High School,92,68
29901,Joseph Moss,M,9th,Rodriguez High School,82,93
29902,David Torres,M,12th,Rodriguez High School,68,98
29903,Darrell Wagner,M,11th,Rodriguez High School,89,79
29904,Adriana Davis,F,10th,Rodriguez High School,81,78
29905,Antonio Hill,M,10th,Rodriguez High School,98,77
29906,Benjamin Meyer,M,11th,Rodriguez High School,92,63
29907,Nancy Townsend,F,10th,Rodriguez High School,83,93
29908,John Orr,M,12th,Rodriguez High School,92,71
29909,Wendy Williams,F,12th,Rodriguez High School,85,79
29910,James Flores,M,12th,Rodriguez High School,86,74
29911,Diane Graham,F,10th,Rodriguez High School,78,88
29912,Rebecca Holloway,F,10th,Rodriguez High School,81,88
29913,Russell Ward,M,10th,Rodriguez High School,92,70
29914,Omar Thompson Jr.,M,10th,Rodriguez High School,95,98
29915,Megan Wilkins,F,10th,Rodriguez High School,90,68
29916,John Beck,M,11th,Rodriguez High School,66,86
29917,Joy Bush,F,9th,Rodriguez High School,88,98
29918,Lori Evans,F,9th,Rodriguez High School,91,85
29919,George Hansen,M,9th,Rodriguez High School,84,87
29920,Alicia Odonnell,F,11th,Rodriguez High School,70,70
29921,Kevin Nelson,M,10th,Rodriguez High School,77,66
29922,Traci Jones,F,10th,Rodriguez High School,90,90
29923,Tanya Braun,F,11th,Rodriguez High School,83,61
29924,Dawn Diaz,F,10th,Rodriguez High School,77,93
29925,Michael Harris,M,10th,Rodriguez High School,72,56
29926,Diamond Williams,F,12th,Rodriguez High School,86,72
29927,Connie Johnson,F,9th,Rodriguez High School,94,87
29928,Deborah Hernandez,F,11th,Rodriguez High School,68,58
29929,Travis Petty,M,10th,Rodriguez High School,69,69
29930,Charles Stevens,M,11th,Rodriguez High School,66,94
29931,Kathleen Rose,F,9th,Rodriguez High School,91,74
29932,Brittany Boyd,F,11th,Rodriguez High School,97,98
29933,Jason Marshall,M,11th,Rodriguez High School,92,88
29934,Tyrone Smith,M,12th,Rodriguez High School,74,91
29935,Lucas Young,M,11th,Rodriguez High School,93,79
29936,Cody Lin,M,10th,Rodriguez High School,99,69
29937,Janet Davis,F,12th,Rodriguez High School,98,86
29938,Eric Lopez,M,11th,Rodriguez High School,85,72
29939,Kenneth Jackson,M,9th,Rodriguez High School,68,55
29940,Cristian Thompson,M,11th,Rodriguez High School,66,67
29941,Kristin Soto,F,10th,Rodriguez High School,74,67
29942,Jane Hurley,F,12th,Rodriguez High School,70,96
29943,Jamie Huynh,F,12th,Rodriguez High School,67,59
29944,Thomas Wilson,M,11th,Rodriguez High School,74,92
29945,Andrew Williams,M,12th,Rodriguez High School,81,61
29946,Kaylee Gibson,F,12th,Rodriguez High School,92,96
29947,Victor Smith,M,11th,Rodriguez High School,96,64
29948,Shannon Moore,F,11th,Rodriguez High School,97,68
29949,Joyce Mcguire,F,9th,Rodriguez High School,94,90
29950,David Lam,M,12th,Rodriguez High School,84,93
29951,Paul Davis,M,9th,Rodriguez High School,83,94
29952,Veronica Lucas,F,12th,Rodriguez High School,66,63
29953,Dennis Williams,M,11th,Rodriguez High School,98,72
29954,William Smith ,M,12th,Rodriguez High School,74,99
29955,Ashley Duncan,F,9th,Rodriguez High School,65,67
29956,Nicole Bailey,F,10th,Rodriguez High School,89,86
29957,Vicki Liu,F,12th,Rodriguez High School,64,78
29958,Heather Johnson,F,10th,Rodriguez High School,82,72
29959,Kristen Krueger,F,11th,Rodriguez High School,94,69
29960,John Sutton,M,12th,Rodriguez High School,94,84
29961,Mitchell Barton,M,11th,Rodriguez High School,67,88
29962,Darren Sharp,M,12th,Rodriguez High School,93,77
29963,Adrian Brown,M,11th,Rodriguez High School,81,75
29964,Deborah Meyer,F,10th,Rodriguez High School,91,69
29965,Andrea Taylor,F,10th,Rodriguez High School,68,71
29966,Katherine Gibbs,F,12th,Rodriguez High School,73,66
29967,Marvin Stewart,M,10th,Rodriguez High School,99,93
29968,Matthew Tucker,M,12th,Rodriguez High School,79,87
29969,Robert Austin,M,9th,Rodriguez High School,71,80
29970,Kenneth Brown,M,11th,Rodriguez High School,95,84
29971,Amanda Murray,F,11th,Rodriguez High School,64,70
29972,Denise Watson,F,12th,Rodriguez High School,81,94
29973,Emily Sawyer,F,12th,Rodriguez High School,89,91
29974,Terry Parker,M,12th,Rodriguez High School,95,70
29975,Thomas Jones,M,10th,Rodriguez High School,81,74
29976,Scott Ritter,M,10th,Rodriguez High School,84,89
29977,Brandon Chase,M,12th,Rodriguez High School,97,93
29978,Brooke Adkins,F,9th,Rodriguez High School,84,79
29979,Rachel Larson,F,10th,Rodriguez High School,83,65
29980,Krista Williams,F,9th,Rodriguez High School,92,59
29981,Alicia Williams,F,11th,Rodriguez High School,72,58
29982,Angela Nguyen,F,9th,Rodriguez High School,73,72
29983,James Sanders,M,12th,Rodriguez High School,66,63
29984,Jessica Smith ,F,11th,Rodriguez High School,71,66
29985,Brandon Cobb,M,12th,Rodriguez High School,73,79
29986,Wendy Rose,F,11th,Rodriguez High School,90,82
29987,Misty Burton,F,9th,Rodriguez High School,75,80
29988,Chris Stanton,M,9th,Rodriguez High School,65,63
29989,Alexander Pruitt,M,12th,Rodriguez High School,73,91
29990,Charles Mendoza,M,9th,Rodriguez High School,63,65
29991,Carla Wallace,F,11th,Rodriguez High School,81,72
29992,Shaun Benton,M,10th,Rodriguez High School,94,96
29993,Michael Chandler,M,12th,Rodriguez High School,99,70
29994,Lynn Bautista,F,10th,Rodriguez High School,66,75
29995,Brett Garner,M,9th,Rodriguez High School,73,77
29996,Jacqueline Clark,F,10th,Rodriguez High School,77,96
29997,Justin Parker,M,9th,Rodriguez High School,64,64
29998,Gloria Blackwell,F,9th,Rodriguez High School,70,71
29999,Brandon Hayes,M,11th,Rodriguez High School,69,81
30000,Mark Richmond,M,11th,Rodriguez High School,87,81
30001,Anthony Alexander,M,11th,Rodriguez High School,95,92
30002,Patricia Palmer,F,11th,Rodriguez High School,89,90
30003,Jared Mcfarland,M,11th,Rodriguez High School,63,67
30004,Jerry Knight,M,11th,Rodriguez High School,64,69
30005,Brenda Contreras,F,10th,Rodriguez High School,78,62
30006,Michael Ross,M,12th,Rodriguez High School,82,75
30007,Mark Gonzalez,M,9th,Rodriguez High School,82,63
30008,Jennifer Nichols,F,9th,Rodriguez High School,67,90
30009,Andrew Andrews,M,10th,Rodriguez High School,74,84
30010,David Carter,M,11th,Rodriguez High School,91,82
30011,Jennifer Acosta,F,11th,Rodriguez High School,76,59
30012,William Williams,M,12th,Rodriguez High School,82,93
30013,Taylor Hayes,F,10th,Rodriguez High School,85,81
30014,Samuel Delgado,M,11th,Rodriguez High School,70,90
30015,Anthony Smith,M,11th,Rodriguez High School,78,96
30016,Jessica Smith,F,11th,Rodriguez High School,95,84
30017,Francisco Brewer,M,9th,Rodriguez High School,72,92
30018,Adam Watson,M,9th,Rodriguez High School,75,61
30019,Justin Mccoy,M,12th,Rodriguez High School,87,63
30020,Benjamin Martinez,M,9th,Rodriguez High School,80,67
30021,Heather Rush,F,9th,Rodriguez High School,77,97
30022,Bobby Evans,M,10th,Rodriguez High School,70,66
30023,Richard Black,M,11th,Rodriguez High School,97,84
30024,Julia Woodard,F,11th,Rodriguez High School,75,60
30025,Samantha Santana,F,10th,Rodriguez High School,67,85
30026,Kathryn Morris,F,11th,Rodriguez High School,96,72
30027,Sara Smith,F,12th,Rodriguez High School,84,85
30028,Kelly Hamilton,F,9th,Rodriguez High School,85,72
30029,Patrick Hopkins,M,10th,Rodriguez High School,85,88
30030,Gina Blevins,F,12th,Rodriguez High School,76,62
30031,Shannon Mack,F,9th,Rodriguez High School,87,93
30032,Hayley Snyder,F,12th,Rodriguez High School,97,79
30033,Kayla Ruiz,F,10th,Rodriguez High School,76,62
30034,Andrew Clark,M,10th,Rodriguez High School,90,95
30035,Lisa Casey,F,12th,Johnson High School,87,87
30036,Jessica Lopez,F,9th,Johnson High School,98,62
30037,Anna Wilkins,F,11th,Johnson High School,89,77
30038,Andrew Smith,M,9th,Johnson High School,66,85
30039,Robert Allison,M,11th,Johnson High School,63,85
30040,Andrew Wilson,M,11th,Johnson High School,70,84
30041,Kevin Odonnell,M,9th,Johnson High School,77,73
30042,Courtney Ramirez,F,10th,Johnson High School,98,58
30043,Walter Turner,M,9th,Johnson High School,79,80
30044,Kayla Day,F,11th,Johnson High School,81,56
30045,Tamara Mitchell,F,12th,Johnson High School,63,56
30046,Martin Hudson,M,12th,Johnson High School,70,88
30047,Shawn Black,M,12th,Johnson High School,67,89
30048,Samantha Bailey,F,10th,Johnson High School,75,56
30049,Robert Nguyen ,M,11th,Johnson High School,73,66
30050,Joshua Robertson,M,12th,Johnson High School,74,92
30051,Daniel Ochoa,M,9th,Johnson High School,67,73
30052,Patrick Fritz,M,9th,Johnson High School,90,79
30053,Melanie Johnson,F,9th,Johnson High School,92,71
30054,Adam Townsend,M,11th,Johnson High School,75,64
30055,Anita Cobb,F,9th,Johnson High School,74,91
30056,Cody Day,M,10th,Johnson High School,75,67
30057,Wendy Hale,F,12th,Johnson High School,84,93
30058,Rachel Baker,F,11th,Johnson High School,81,95
30059,Austin Clayton,M,10th,Johnson High School,89,62
30060,John Carney,M,10th,Johnson High School,79,96
30061,Michael Williams,M,9th,Johnson High School,78,85
30062,Christopher Mays,M,12th,Johnson High School,86,81
30063,Emily Carter,F,12th,Johnson High School,86,95
30064,Leonard Roberts Jr.,M,9th,Johnson High School,77,76
30065,Ashley Dudley,F,9th,Johnson High School,68,94
30066,Nicholas Rodriguez,M,11th,Johnson High School,87,69
30067,Christopher Campbell,M,11th,Johnson High School,78,92
30068,Cassie Hammond,F,11th,Johnson High School,91,63
30069,Riley Johnson,M,10th,Johnson High School,72,64
30070,Steven Caldwell,M,9th,Johnson High School,81,90
30071,Dominic Singh,M,9th,Johnson High School,82,56
30072,Brittany Diaz,F,10th,Johnson High School,90,90
30073,Jeffrey Castaneda,M,9th,Johnson High School,98,63
30074,Paul Johnson,M,10th,Johnson High School,68,72
30075,Carlos Porter,M,12th,Johnson High School,67,88
30076,Justin Murray,M,9th,Johnson High School,87,69
30077,Madeline Harrington,F,11th,Johnson High School,90,87
30078,Bryan Diaz,M,12th,Johnson High School,96,67
30079,Julie Gross,F,11th,Johnson High School,84,95
30080,Cody Martinez ,M,12th,Johnson High School,97,76
30081,James Cunningham,M,11th,Johnson High School,64,80
30082,Jeffrey Huynh,M,10th,Johnson High School,90,81
30083,Michael Smith,M,11th,Johnson High School,76,71
30084,Carol Morris,F,9th,Johnson High School,79,59
30085,Tracy Garrison,F,11th,Johnson High School,71,57
30086,Evelyn Shelton,F,9th,Johnson High School,94,74
30087,Duane Li Jr.,M,10th,Johnson High School,87,70
30088,Edward Santana,M,12th,Johnson High School,74,75
30089,Geoffrey Robertson,M,9th,Johnson High School,66,81
30090,Tina Miller,F,11th,Johnson High School,95,80
30091,Allison Cunningham,F,12th,Johnson High School,63,76
30092,Michael Moreno,M,11th,Johnson High School,76,84
30093,Connor Wilkins,M,11th,Johnson High School,90,60
30094,Robert Hurley,M,12th,Johnson High School,76,59
30095,Melissa Blake,F,12th,Johnson High School,66,65
30096,Laura Santos,F,9th,Johnson High School,74,56
30097,Barbara Austin,F,12th,Johnson High School,73,99
30098,Eduardo Wood,M,11th,Johnson High School,99,94
30099,Bryan Melton,M,9th,Johnson High School,97,94
30100,Jeff Cortez,M,9th,Johnson High School,81,63
30101,Virginia Davidson,F,11th,Johnson High School,68,61
30102,Jessica Sutton,F,10th,Johnson High School,71,65
30103,Mark Stark,M,12th,Johnson High School,89,73
30104,Marc Alvarez,M,12th,Johnson High School,68,58
30105,Thomas Brooks,M,10th,Johnson High School,92,98
30106,Charles Powell,M,11th,Johnson High School,75,65
30107,Dakota Garcia,M,12th,Johnson High School,94,94
30108,Mary Bennett,F,10th,Johnson High School,67,56
30109,Paul Jackson,M,12th,Johnson High School,83,70
30110,Melissa Miller,F,11th,Johnson High School,67,96
30111,Jeremy Mejia,M,9th,Johnson High School,70,55
30112,Cristian Ewing,M,11th,Johnson High School,71,89
30113,Robert Wallace,M,11th,Johnson High School,65,98
30114,Cynthia Jimenez,F,12th,Johnson High School,91,58
30115,Joseph Case,M,10th,Johnson High School,83,59
30116,Mrs. Ashley Floyd,F,9th,Johnson High School,82,77
30117,Jennifer Blanchard,F,9th,Johnson High School,77,69
30118,Jessica Mercer,F,11th,Johnson High School,68,72
30119,Phillip Franklin,M,12th,Johnson High School,67,96
30120,Brianna Rios,F,12th,Johnson High School,95,90
30121,Hunter James ,M,10th,Johnson High School,72,78
30122,Karen Alexander,F,9th,Johnson High School,88,73
30123,Daniel Wallace,M,11th,Johnson High School,73,86
30124,Cynthia Clark,F,9th,Johnson High School,63,87
30125,Angela Mason,F,12th,Johnson High School,76,98
30126,Rachael Simmons,F,11th,Johnson High School,64,61
30127,Kelly Kelley,F,11th,Johnson High School,63,68
30128,Malik Parks,M,11th,Johnson High School,65,69
30129,Nicholas Parker,M,10th,Johnson High School,71,99
30130,Richard Garza,M,12th,Johnson High School,81,82
30131,Craig Saunders,M,9th,Johnson High School,80,97
30132,Jesus Jones,M,9th,Johnson High School,65,75
30133,Dustin Rogers,M,12th,Johnson High School,67,61
30134,Melissa Juarez,F,11th,Johnson High School,63,77
30135,Michael Owens,M,11th,Johnson High School,81,94
30136,Lisa Osborn,F,12th,Johnson High School,70,74
30137,Vincent Gonzalez,M,12th,Johnson High School,98,68
30138,Nancy Stewart,F,10th,Johnson High School,71,96
30139,David Wagner,M,11th,Johnson High School,98,64
30140,Dorothy Alvarez,F,9th,Johnson High School,92,69
30141,Micheal Lynn,M,12th,Johnson High School,66,67
30142,Robert Lucas,M,9th,Johnson High School,68,72
30143,Joshua Chandler,M,9th,Johnson High School,94,93
30144,Joanna Ho,F,11th,Johnson High School,98,61
30145,Sarah Chang,F,10th,Johnson High School,83,93
30146,Nicole Watson,F,9th,Johnson High School,90,95
30147,Martin Newman,M,12th,Johnson High School,69,87
30148,Matthew Hill,M,9th,Johnson High School,83,78
30149,Emma Martinez,F,10th,Johnson High School,82,91
30150,Kim Olson,F,12th,Johnson High School,92,86
30151,Kristen Cooper,F,10th,Johnson High School,79,81
30152,Anthony Chang,M,12th,Johnson High School,98,92
30153,Gary Tucker,M,12th,Johnson High School,63,72
30154,William Frederick,M,9th,Johnson High School,96,56
30155,Kevin Williams,M,12th,Johnson High School,94,92
30156,Cynthia Porter,F,11th,Johnson High School,71,99
30157,Susan Hill,F,9th,Johnson High School,81,79
30158,Kimberly Martinez,F,12th,Johnson High School,63,92
30159,Richard Owens,M,10th,Johnson High School,91,97
30160,Thomas Carlson,M,10th,Johnson High School,99,81
30161,Tracy Kim,F,10th,Johnson High School,83,92
30162,Tamara Robles,F,9th,Johnson High School,63,77
30163,Gabriella Larson,F,9th,Johnson High School,83,70
30164,Ashlee Santos,F,11th,Johnson High School,64,99
30165,Melissa Reid,F,11th,Johnson High School,70,59
30166,Seth Clark,M,10th,Johnson High School,85,71
30167,Scott Phillips,M,9th,Johnson High School,63,83
30168,Zachary Silva,M,12th,Johnson High School,71,94
30169,Natalie Gray,F,11th,Johnson High School,98,90
30170,Kathleen Ortiz,F,11th,Johnson High School,88,91
30171,Timothy Ramirez,M,12th,Johnson High School,82,68
30172,Sharon Jones,F,10th,Johnson High School,90,77
30173,Danny Ford,M,9th,Johnson High School,78,94
30174,Sarah French,F,11th,Johnson High School,80,92
30175,Andrea Bowen,F,9th,Johnson High School,73,90
30176,Shannon Smith,F,11th,Johnson High School,88,62
30177,Ernest Stout,M,10th,Johnson High School,64,83
30178,Amanda Johnson,F,9th,Johnson High School,63,79
30179,Chad Howard,M,11th,Johnson High School,84,91
30180,Erica Rocha,F,9th,Johnson High School,91,57
30181,Joshua Mathis,M,9th,Johnson High School,89,78
30182,Andrew Mclean,M,11th,Johnson High School,76,57
30183,Colleen Woodard,F,9th,Johnson High School,64,85
30184,Catherine Montoya,F,10th,Johnson High School,79,95
30185,Randy Branch,M,10th,Johnson High School,82,68
30186,Robert Cooper,M,10th,Johnson High School,84,60
30187,Janet Lane,F,12th,Johnson High School,83,66
30188,Jennifer Anderson,F,11th,Johnson High School,99,73
30189,Martin Knapp,M,9th,Johnson High School,96,89
30190,Allison Gaines,F,10th,Johnson High School,94,80
30191,Mike Meyer,M,9th,Johnson High School,90,63
30192,John Walker,M,10th,Johnson High School,91,71
30193,Erik Santiago,M,11th,Johnson High School,76,85
30194,Anne Ballard,F,11th,Johnson High School,71,68
30195,Brittany Curtis,F,11th,Johnson High School,92,73
30196,Monica Prince,F,9th,Johnson High School,67,77
30197,Christine Chung,F,9th,Johnson High School,73,92
30198,Amanda Cox,F,10th,Johnson High School,82,62
30199,April Guzman,F,11th,Johnson High School,67,81
30200,Michelle Hernandez,F,9th,Johnson High School,89,68
30201,Rebecca Moreno,F,12th,Johnson High School,89,56
30202,Desiree Olsen,F,12th,Johnson High School,73,81
30203,Amanda Smith,F,11th,Johnson High School,84,71
30204,Christopher Anderson,M,9th,Johnson High School,80,62
30205,Veronica Zuniga,F,9th,Johnson High School,87,74
30206,Christopher Gonzales,M,10th,Johnson High School,77,65
30207,Makayla Martinez,F,12th,Johnson High School,86,86
30208,Michael Anderson,M,11th,Johnson High School,90,81
30209,Taylor Novak,F,10th,Johnson High School,99,60
30210,Gabriel Huerta,M,9th,Johnson High School,63,78
30211,Mark Williams,M,11th,Johnson High School,68,88
30212,David Smith,M,11th,Johnson High School,68,67
30213,Jason Smith,M,12th,Johnson High School,99,78
30214,Steven Smith,M,9th,Johnson High School,96,79
30215,Sean Rush,M,12th,Johnson High School,92,81
30216,Chris Roman,M,10th,Johnson High School,88,84
30217,Jodi Banks,F,9th,Johnson High School,70,60
30218,Miranda Bernard,F,12th,Johnson High School,96,86
30219,David Guzman,M,9th,Johnson High School,80,60
30220,Cassandra Porter,F,9th,Johnson High School,67,94
30221,Kimberly Boyd,F,12th,Johnson High School,90,58
30222,Amanda French,F,10th,Johnson High School,89,74
30223,Angela Love,F,10th,Johnson High School,96,95
30224,Brianna Greene ,F,11th,Johnson High School,83,82
30225,Christopher Santiago,M,10th,Johnson High School,64,97
30226,Deborah Cox,F,9th,Johnson High School,70,97
30227,Ruben Barker,M,9th,Johnson High School,75,59
30228,Kelly Fox,F,12th,Johnson High School,68,96
30229,Denise Anderson,F,9th,Johnson High School,82,70
30230,Chase Reed,M,11th,Johnson High School,91,88
30231,Joseph Johnson,M,10th,Johnson High School,88,70
30232,Melanie Blake,F,9th,Johnson High School,97,62
30233,Robert Owens,M,11th,Johnson High School,97,98
30234,Lisa Thornton,F,12th,Johnson High School,79,82
30235,Wanda Martin,F,10th,Johnson High School,65,74
30236,Kevin Wagner,M,9th,Johnson High School,96,67
30237,Scott Henry,M,12th,Johnson High School,69,68
30238,Desiree Dougherty,F,9th,Johnson High School,70,58
30239,Paula Mckenzie,F,9th,Johnson High School,73,85
30240,Matthew Higgins PhD,M,11th,Johnson High School,77,91
30241,Jessica Kelly,F,10th,Johnson High School,66,95
30242,Daniel Nichols,M,9th,Johnson High School,63,56
30243,Theresa Gonzalez,F,11th,Johnson High School,75,68
30244,Willie Moore,M,11th,Johnson High School,76,81
30245,Kim Gonzalez,F,9th,Johnson High School,76,56
30246,Eric Tucker,M,9th,Johnson High School,88,93
30247,Julie Watts,F,11th,Johnson High School,87,65
30248,Joshua Morgan,M,9th,Johnson High School,80,99
30249,Eric Kent,M,11th,Johnson High School,82,98
30250,Mackenzie Robertson,F,9th,Johnson High School,86,75
30251,Rebecca Brown,F,9th,Johnson High School,89,96
30252,Jerome Mills,M,9th,Johnson High School,67,82
30253,Dawn Oliver,F,9th,Johnson High School,81,55
30254,Anthony Adams,M,10th,Johnson High School,69,65
30255,Nicholas Davis,M,11th,Johnson High School,81,69
30256,Jennifer Meyers,F,11th,Johnson High School,98,55
30257,Gregory Martin,M,9th,Johnson High School,66,68
30258,Nancy Jackson,F,12th,Johnson High School,97,63
30259,Diane Dickerson,F,12th,Johnson High School,83,77
30260,Christopher Miller,M,12th,Johnson High School,85,61
30261,Michael Hayden,M,11th,Johnson High School,70,83
30262,Paul Jackson,M,11th,Johnson High School,75,65
30263,Jeffrey Rose,M,9th,Johnson High School,88,78
30264,Juan Rodriguez,M,10th,Johnson High School,99,75
30265,Cindy Davis,F,9th,Johnson High School,68,87
30266,Christina Ramirez,F,10th,Johnson High School,74,88
30267,Ashley Lyons,F,12th,Johnson High School,81,93
30268,Amy Lewis,F,11th,Johnson High School,76,69
30269,Karen Graves,F,10th,Johnson High School,99,56
30270,Amber Higgins,F,11th,Johnson High School,91,64
30271,Ashlee Hudson,F,9th,Johnson High School,99,89
30272,Kyle Charles,M,12th,Johnson High School,63,99
30273,Jeremy Valentine,M,9th,Johnson High School,78,58
30274,Leslie Skinner,F,10th,Johnson High School,63,95
30275,Wesley Martinez ,M,10th,Johnson High School,89,61
30276,Deborah Johnson,F,9th,Johnson High School,70,95
30277,Joseph Wade,M,12th,Johnson High School,83,59
30278,Benjamin Anderson,M,12th,Johnson High School,93,59
30279,Eric Proctor,M,9th,Johnson High School,76,71
30280,Gary Carroll,M,11th,Johnson High School,88,57
30281,Carrie Anderson,F,11th,Johnson High School,64,64
30282,Michael Smith,M,9th,Johnson High School,89,81
30283,Gregory Hernandez,M,9th,Johnson High School,76,82
30284,Frank Miller,M,11th,Johnson High School,95,66
30285,Jeffrey Moon,M,11th,Johnson High School,93,58
30286,Courtney Bradshaw,F,10th,Johnson High School,97,85
30287,Mark White,M,9th,Johnson High School,66,59
30288,Lisa Cook,F,12th,Johnson High School,98,62
30289,Jamie Lawson,F,9th,Johnson High School,93,85
30290,Samuel Herrera,M,10th,Johnson High School,65,77
30291,Brandon Alvarez,M,11th,Johnson High School,79,87
30292,Christina House,F,11th,Johnson High School,87,71
30293,Wesley Dean,M,10th,Johnson High School,68,91
30294,Timothy Richardson,M,10th,Johnson High School,75,86
30295,Christopher Carrillo,M,10th,Johnson High School,81,60
30296,Taylor Villarreal,M,10th,Johnson High School,68,67
30297,Nicole Hale,F,9th,Johnson High School,66,76
30298,Michael Zuniga,M,9th,Johnson High School,65,70
30299,Cynthia Douglas,F,11th,Johnson High School,94,96
30300,Johnny Garcia,M,11th,Johnson High School,67,98
30301,Kevin Patton,M,9th,Johnson High School,82,76
30302,Shelley Reese,F,12th,Johnson High School,89,74
30303,Michael Randall,M,12th,Johnson High School,74,72
30304,Stephen Williams,M,12th,Johnson High School,63,73
30305,Travis Baker,M,12th,Johnson High School,91,59
30306,Jason Fuller,M,9th,Johnson High School,65,70
30307,Joseph Griffith,M,10th,Johnson High School,85,59
30308,Anthony Barrera,M,9th,Johnson High School,93,64
30309,Donna Mclaughlin,F,9th,Johnson High School,90,59
30310,Natalie Moreno,F,10th,Johnson High School,89,70
30311,Jessica Mitchell,F,10th,Johnson High School,93,78
30312,Alyssa Newton,F,12th,Johnson High School,77,98
30313,Arthur Murphy,M,10th,Johnson High School,96,65
30314,James White,M,11th,Johnson High School,67,78
30315,Kathleen Weeks,F,10th,Johnson High School,78,73
30316,Rebecca Mcmillan,F,9th,Johnson High School,78,67
30317,John Randall,M,10th,Johnson High School,63,86
30318,William Lee,M,11th,Johnson High School,70,88
30319,Cindy Steele,F,11th,Johnson High School,94,59
30320,Sarah Ward,F,9th,Johnson High School,75,78
30321,Steven Neal,M,12th,Johnson High School,91,84
30322,Jesus Jones,M,10th,Johnson High School,79,73
30323,Valerie Fisher,F,11th,Johnson High School,79,86
30324,Jeff Simmons,M,9th,Johnson High School,65,78
30325,Sherri David,F,11th,Johnson High School,67,73
30326,Laura Wolf,F,10th,Johnson High School,68,90
30327,Mark Williams,M,9th,Johnson High School,97,58
30328,Megan Chapman,F,12th,Johnson High School,70,62
30329,Hayley Sherman,F,12th,Johnson High School,88,88
30330,Heather Thornton,F,9th,Johnson High School,64,96
30331,Erik Ellis,M,11th,Johnson High School,76,90
30332,Angela Mercado,F,12th,Johnson High School,90,77
30333,Adam Hoffman,M,9th,Johnson High School,92,66
30334,Shane Rivera,M,10th,Johnson High School,88,68
30335,Shannon Fisher,F,11th,Johnson High School,64,59
30336,Robert Valdez,M,11th,Johnson High School,78,77
30337,Rebecca Perkins,F,11th,Johnson High School,65,55
30338,Alexandra Andrews,F,12th,Johnson High School,71,82
30339,Mathew Clark,M,11th,Johnson High School,78,57
30340,Jenny Alvarez,F,12th,Johnson High School,84,97
30341,Edward Poole,M,11th,Johnson High School,68,58
30342,Christina Rogers,F,11th,Johnson High School,89,92
30343,Heather Ramirez,F,10th,Johnson High School,93,93
30344,William Wallace,M,9th,Johnson High School,67,58
30345,Patrick Lopez,M,11th,Johnson High School,73,88
30346,Troy Moore,M,9th,Johnson High School,68,56
30347,Andrew Owen,M,12th,Johnson High School,99,72
30348,Alan Mitchell,M,9th,Johnson High School,76,97
30349,Jamie Hubbard,M,10th,Johnson High School,82,97
30350,Miranda Burns,F,10th,Johnson High School,71,80
30351,Walter Mccoy,M,9th,Johnson High School,75,67
30352,Russell Stout,M,11th,Johnson High School,91,97
30353,Nancy Kline,F,9th,Johnson High School,75,96
30354,Chase Contreras,M,10th,Johnson High School,92,81
30355,Samantha Carter,F,10th,Johnson High School,88,92
30356,John Wright,M,12th,Johnson High School,80,93
30357,Ross Mckinney,M,9th,Johnson High School,95,86
30358,Kevin Wagner,M,11th,Johnson High School,67,73
30359,Chelsea Williams,F,11th,Johnson High School,92,92
30360,Joseph Jackson,M,10th,Johnson High School,77,74
30361,Lynn Pierce,F,10th,Johnson High School,83,61
30362,Rachel Harris,F,11th,Johnson High School,98,62
30363,Robert Sloan,M,9th,Johnson High School,65,87
30364,Christopher George,M,10th,Johnson High School,67,66
30365,Todd Porter,M,10th,Johnson High School,81,55
30366,Bruce Hudson,M,9th,Johnson High School,82,78
30367,Aaron Dixon,M,9th,Johnson High School,79,94
30368,Albert Torres,M,10th,Johnson High School,73,87
30369,Robin Ray,F,10th,Johnson High School,73,91
30370,Sarah Carey,F,9th,Johnson High School,85,76
30371,Diana Carson,F,12th,Johnson High School,96,86
30372,Nathaniel Hanna,M,12th,Johnson High School,68,89
30373,Joseph Hopkins,M,9th,Johnson High School,65,91
30374,Leonard Scott,M,9th,Johnson High School,87,91
30375,Ashley Avila,F,10th,Johnson High School,91,63
30376,Heidi Nguyen,F,9th,Johnson High School,63,97
30377,Matthew Smith,M,11th,Johnson High School,76,77
30378,John Ramos,M,11th,Johnson High School,95,78
30379,Jason Miller,M,11th,Johnson High School,90,85
30380,Justin Jones,M,10th,Johnson High School,79,71
30381,Rachel Carrillo,F,11th,Johnson High School,76,97
30382,Sarah Barr,F,11th,Johnson High School,94,86
30383,Theresa Moore,F,11th,Johnson High School,85,61
30384,Michelle Stevens,F,11th,Johnson High School,65,70
30385,Grace Martin,F,9th,Johnson High School,93,58
30386,Derrick Stevens,M,9th,Johnson High School,71,89
30387,Joshua Morrison,M,12th,Johnson High School,84,65
30388,Carol Hill,F,9th,Johnson High School,64,56
30389,Monica Butler,F,9th,Johnson High School,89,66
30390,Allison Fisher,F,10th,Johnson High School,83,61
30391,Christina Rollins,F,11th,Johnson High School,71,56
30392,Robert Kelly,M,9th,Johnson High School,76,69
30393,Alexandra White,F,10th,Johnson High School,81,88
30394,Cassandra Boyd,F,9th,Johnson High School,73,95
30395,Sabrina Perez,F,12th,Johnson High School,88,88
30396,Samantha Mitchell,F,10th,Johnson High School,83,89
30397,Jean Foster,F,10th,Johnson High School,74,89
30398,Caleb Perez,M,9th,Johnson High School,93,67
30399,Ricardo Ramirez,M,10th,Johnson High School,92,61
30400,Christian Butler,M,10th,Johnson High School,67,56
30401,Patrick Woodward,M,11th,Johnson High School,92,98
30402,Nathaniel Moore,M,10th,Johnson High School,86,92
30403,Edward Jenkins,M,9th,Johnson High School,84,69
30404,Denise Hinton,F,12th,Johnson High School,86,75
30405,Yesenia Francis,F,9th,Johnson High School,92,63
30406,Nicole Robinson,F,10th,Johnson High School,63,76
30407,Wendy Martin,F,10th,Johnson High School,90,67
30408,Abigail Cole,F,12th,Johnson High School,69,93
30409,Samantha Martinez,F,9th,Johnson High School,80,89
30410,Lauren Scott,F,9th,Johnson High School,99,71
30411,Brianna Hoffman,F,10th,Johnson High School,98,99
30412,Garrett Tucker,M,10th,Johnson High School,88,99
30413,Craig Cooper,M,10th,Johnson High School,86,60
30414,Christopher King,M,9th,Johnson High School,67,98
30415,Ashley Miller,F,11th,Johnson High School,97,62
30416,Karen Patrick,F,12th,Johnson High School,80,96
30417,Alisha Richards,F,11th,Johnson High School,79,97
30418,Alexander Lopez,M,10th,Johnson High School,68,69
30419,Robert Cox,M,11th,Johnson High School,98,89
30420,Ann Knox,F,10th,Johnson High School,78,88
30421,Erin Lang,F,9th,Johnson High School,97,61
30422,Elizabeth Webb,F,10th,Johnson High School,78,60
30423,Kathleen Anderson,F,12th,Johnson High School,96,63
30424,Catherine Ross,F,12th,Johnson High School,78,77
30425,Matthew Martinez,M,11th,Johnson High School,66,84
30426,Joshua Davis,M,9th,Johnson High School,73,56
30427,Austin Lewis,M,9th,Johnson High School,71,69
30428,Brent Ball ,M,9th,Johnson High School,99,85
30429,Ronald Clayton,M,9th,Johnson High School,71,80
30430,Fred Gutierrez,M,12th,Johnson High School,98,56
30431,Connie Schultz,F,11th,Johnson High School,77,93
30432,Richard Mccarthy,M,10th,Johnson High School,79,64
30433,Garrett Bender,M,12th,Johnson High School,92,83
30434,Matthew Coleman,M,10th,Johnson High School,68,75
30435,Mark Rogers,M,11th,Johnson High School,79,88
30436,Caleb Salas,M,9th,Johnson High School,97,94
30437,Nicholas Ferguson,M,9th,Johnson High School,97,90
30438,Carol Clark,F,10th,Johnson High School,79,83
30439,Jessica Holloway ,F,11th,Johnson High School,91,61
30440,Bradley Ortiz,M,9th,Johnson High School,87,97
30441,Michael Collier,M,10th,Johnson High School,79,59
30442,Tom Robinson,M,10th,Johnson High School,82,67
30443,Wesley Davis,M,12th,Johnson High School,98,95
30444,Mark Parker,M,12th,Johnson High School,71,89
30445,Andrew Cabrera,M,9th,Johnson High School,86,79
30446,Joshua Delgado,M,11th,Johnson High School,63,62
30447,Jordan Yoder,M,10th,Johnson High School,81,82
30448,Robert Jarvis,M,11th,Johnson High School,91,94
30449,Robert Cook,M,12th,Johnson High School,76,80
30450,Jill Henry,F,12th,Johnson High School,72,93
30451,Christine Rasmussen,F,9th,Johnson High School,88,91
30452,Laura Harper,F,11th,Johnson High School,80,90
30453,Rachel King,F,12th,Johnson High School,78,65
30454,Roberta Snyder,F,11th,Johnson High School,67,58
30455,Kimberly Brown,F,9th,Johnson High School,76,61
30456,Luis May,M,12th,Johnson High School,63,87
30457,Thomas Hull,M,9th,Johnson High School,91,56
30458,Virginia Trujillo,F,12th,Johnson High School,93,64
30459,Christopher Farley,M,10th,Johnson High School,89,70
30460,James Martinez,M,9th,Johnson High School,73,66
30461,Cassie Elliott,F,9th,Johnson High School,87,58
30462,Patrick Garner,M,11th,Johnson High School,78,74
30463,Mark Osborne,M,9th,Johnson High School,98,68
30464,Adrian Marshall,M,11th,Johnson High School,94,73
30465,Robert Velasquez,M,10th,Johnson High School,90,64
30466,Roy Richard,M,9th,Johnson High School,79,67
30467,Thomas Krueger,M,10th,Johnson High School,85,89
30468,Kevin Butler,M,9th,Johnson High School,98,74
30469,James Mejia,M,12th,Johnson High School,93,83
30470,Donna Smith,F,11th,Johnson High School,73,88
30471,Michael Mann,M,12th,Johnson High School,80,77
30472,Mark Sanders ,M,11th,Johnson High School,68,80
30473,Kimberly Schneider,F,11th,Johnson High School,84,81
30474,Lee Gomez,M,10th,Johnson High School,70,88
30475,Cassandra Ballard,F,12th,Johnson High School,96,58
30476,Cheryl Bridges,F,10th,Johnson High School,70,83
30477,Kenneth Pennington,M,12th,Johnson High School,96,72
30478,Terrence Nelson,M,10th,Johnson High School,66,55
30479,Gregory Glass,M,12th,Johnson High School,68,85
30480,Linda Cochran,F,9th,Johnson High School,98,79
30481,Theresa Lee,F,10th,Johnson High School,83,76
30482,Dylan Bonilla,M,12th,Johnson High School,90,90
30483,James Kim,M,10th,Johnson High School,94,69
30484,Rick Hodge,M,9th,Johnson High School,97,69
30485,Amy Ayala,F,10th,Johnson High School,80,75
30486,Jennifer Marks,F,10th,Johnson High School,97,81
30487,Steve Blackwell,M,9th,Johnson High School,73,57
30488,Elizabeth Castillo,F,9th,Johnson High School,86,91
30489,Ivan Soto,M,11th,Johnson High School,63,87
30490,William Koch,M,12th,Johnson High School,91,71
30491,Keith Knapp,M,12th,Johnson High School,76,90
30492,Kenneth Cruz,M,9th,Johnson High School,73,90
30493,Heather Cox,F,11th,Johnson High School,77,75
30494,Denise Jones,F,9th,Johnson High School,87,72
30495,Shelby Cox,F,11th,Johnson High School,90,81
30496,Diane Cunningham,F,9th,Johnson High School,84,81
30497,Justin Chapman,M,9th,Johnson High School,96,67
30498,Elizabeth Hall,F,12th,Johnson High School,75,59
30499,Tracy Levy,F,12th,Johnson High School,66,66
30500,Benjamin Levine,M,9th,Johnson High School,74,96
30501,Jamie Trevino,F,9th,Johnson High School,84,82
30502,Victor Cherry,M,11th,Johnson High School,63,93
30503,Stacy Norton,F,10th,Johnson High School,84,99
30504,Larry Anderson ,M,10th,Johnson High School,78,68
30505,Richard Jennings,M,10th,Johnson High School,69,68
30506,Wayne Lawson,M,10th,Johnson High School,83,72
30507,Heather Hernandez,F,9th,Johnson High School,86,79
30508,Jay Chavez,M,9th,Johnson High School,94,70
30509,Lori Coleman,F,12th,Johnson High School,83,68
30510,Robert Tran,M,12th,Johnson High School,96,91
30511,Carrie Rivera,F,10th,Johnson High School,86,59
30512,Bethany Mckenzie,F,10th,Johnson High School,73,59
30513,Michaela Davis,F,11th,Johnson High School,83,86
30514,Eric Kelly,M,11th,Johnson High School,63,71
30515,Daniel Murphy,M,9th,Johnson High School,63,81
30516,Samuel Morales,M,11th,Johnson High School,80,70
30517,Chelsea Simmons,F,12th,Johnson High School,70,69
30518,Elizabeth Austin,F,12th,Johnson High School,86,84
30519,Miranda Smith,F,12th,Johnson High School,95,93
30520,Kenneth Bright,M,12th,Johnson High School,89,62
30521,Anita Johnston,F,10th,Johnson High School,68,63
30522,Mark Thompson,M,10th,Johnson High School,64,87
30523,Steven Smith,M,10th,Johnson High School,91,66
30524,Austin Lawrence,M,11th,Johnson High School,79,57
30525,Jeffery Little,M,10th,Johnson High School,85,55
30526,Tom Nguyen,M,11th,Johnson High School,78,61
30527,Laura Jennings,F,9th,Johnson High School,98,99
30528,Gary Joseph,M,12th,Johnson High School,90,57
30529,John Estrada,M,9th,Johnson High School,75,85
30530,Allison Watkins,F,11th,Johnson High School,89,69
30531,Jennifer Scott,F,12th,Johnson High School,75,83
30532,David Merritt,M,9th,Johnson High School,99,76
30533,Chelsea Rodriguez,F,9th,Johnson High School,85,74
30534,Alejandro Rogers,M,12th,Johnson High School,65,93
30535,Amanda Li,F,10th,Johnson High School,96,83
30536,Joe Spears,M,12th,Johnson High School,95,71
30537,Stephen Green,M,12th,Johnson High School,96,93
30538,Samuel Mora,M,10th,Johnson High School,65,70
30539,Thomas Martinez,M,12th,Johnson High School,88,89
30540,Tyler Calhoun,M,11th,Johnson High School,93,61
30541,Angela Allison,F,9th,Johnson High School,87,98
30542,Jamie Webb,F,9th,Johnson High School,91,83
30543,Elizabeth Solis,F,9th,Johnson High School,69,98
30544,Jacqueline Guzman,F,10th,Johnson High School,69,92
30545,Cody Johnson,M,12th,Johnson High School,65,97
30546,Brendan Martin,M,12th,Johnson High School,97,93
30547,Christian Hurst PhD,M,12th,Johnson High School,99,64
30548,Margaret Cook,F,9th,Johnson High School,87,63
30549,Katherine Thomas,F,9th,Johnson High School,67,55
30550,Kelly Taylor,F,11th,Johnson High School,66,55
30551,Joseph Kramer,M,9th,Johnson High School,79,98
30552,Bradley Miller,M,9th,Johnson High School,87,75
30553,Erin Sexton,F,9th,Johnson High School,78,90
30554,Donald Travis,M,9th,Johnson High School,98,84
30555,Jacqueline Olson,F,12th,Johnson High School,68,97
30556,Amanda Gomez ,F,10th,Johnson High School,90,61
30557,Kathryn Fuentes,F,9th,Johnson High School,99,93
30558,Brandon Hughes,M,12th,Johnson High School,89,75
30559,Wesley Moore,M,10th,Johnson High School,66,62
30560,Cynthia Frank,F,11th,Johnson High School,99,66
30561,Lance Duran,M,9th,Johnson High School,66,82
30562,Katie Carroll,F,10th,Johnson High School,89,89
30563,Angel Fletcher,F,11th,Johnson High School,72,81
30564,Cameron Osborne,M,12th,Johnson High School,90,86
30565,Frederick Rodriguez,M,11th,Johnson High School,98,78
30566,Sarah Lloyd,F,11th,Johnson High School,89,99
30567,Amy Williams,F,10th,Johnson High School,78,63
30568,Andrew Jackson,M,9th,Johnson High School,66,93
30569,William Dorsey,M,10th,Johnson High School,84,84
30570,Kathryn Grimes,F,11th,Johnson High School,66,58
30571,Renee Medina,F,9th,Johnson High School,82,84
30572,Angela Baldwin,F,9th,Johnson High School,81,58
30573,Nicole Patterson,F,10th,Johnson High School,97,93
30574,Terry Sosa,M,10th,Johnson High School,93,88
30575,Charles Rogers,M,9th,Johnson High School,64,98
30576,Alexander Franklin,M,9th,Johnson High School,82,95
30577,Clifford Buckley,M,9th,Johnson High School,83,84
30578,Cody Mack,M,11th,Johnson High School,84,96
30579,Karen Spencer,F,12th,Johnson High School,80,75
30580,Andrew Fox,M,10th,Johnson High School,89,61
30581,Morgan Delgado,F,10th,Johnson High School,80,72
30582,Michael Smith,M,12th,Johnson High School,75,77
30583,Destiny Vargas,F,9th,Johnson High School,71,67
30584,Cynthia Taylor,F,12th,Johnson High School,80,89
30585,Hannah Olsen,F,11th,Johnson High School,72,69
30586,Daniel Collins,M,12th,Johnson High School,78,98
30587,Cheyenne Brown,F,12th,Johnson High School,68,74
30588,Diane Jones,F,11th,Johnson High School,70,85
30589,Bethany Castillo,F,11th,Johnson High School,63,73
30590,Janet Brooks,F,12th,Johnson High School,99,65
30591,Vicki Nicholson,F,10th,Johnson High School,73,98
30592,Anthony Nunez,M,12th,Johnson High School,87,80
30593,William Hernandez,M,12th,Johnson High School,66,66
30594,Michael Roberts,M,10th,Johnson High School,74,91
30595,Chad Holt,M,12th,Johnson High School,78,89
30596,Christopher Hernandez,M,10th,Johnson High School,90,68
30597,Amber Avila,F,12th,Johnson High School,99,96
30598,Barbara Rice,F,12th,Johnson High School,79,56
30599,Kaitlyn Lee,F,9th,Johnson High School,77,86
30600,Michael Farmer,M,9th,Johnson High School,90,68
30601,Ashley Davis,F,10th,Johnson High School,63,98
30602,Eric Hodges,M,11th,Johnson High School,70,84
30603,Erin Myers,F,10th,Johnson High School,95,90
30604,Nathan Hart,M,10th,Johnson High School,94,87
30605,Ralph Robinson,M,9th,Johnson High School,74,83
30606,Matthew Bryan,M,9th,Johnson High School,95,86
30607,Jacob Montoya,M,9th,Johnson High School,77,55
30608,Jeffrey Cook,M,12th,Johnson High School,94,85
30609,Stacy Fitzgerald,F,10th,Johnson High School,95,58
30610,Andrew Cross,M,11th,Johnson High School,84,95
30611,Matthew Walker,M,12th,Johnson High School,83,62
30612,Caitlin Rodriguez,F,12th,Johnson High School,90,70
30613,Melissa Hill,F,9th,Johnson High School,87,64
30614,Kristin Maldonado,F,9th,Johnson High School,63,83
30615,Ashley Robertson,F,10th,Johnson High School,63,98
30616,Sara Tanner,F,9th,Johnson High School,69,80
30617,Jerome Bell,M,10th,Johnson High School,90,63
30618,David Miles,M,11th,Johnson High School,71,74
30619,Jennifer Coleman,F,11th,Johnson High School,90,72
30620,Kristen Jimenez,F,9th,Johnson High School,77,94
30621,Christopher Harris,M,12th,Johnson High School,73,78
30622,Valerie Johnson,F,9th,Johnson High School,89,71
30623,Jordan Richardson,F,10th,Johnson High School,63,96
30624,Linda Davis,F,11th,Johnson High School,81,68
30625,Paul Ramos,M,10th,Johnson High School,99,90
30626,Monica George,F,12th,Johnson High School,86,63
30627,Melvin Jones,M,10th,Johnson High School,97,62
30628,David Baldwin,M,12th,Johnson High School,95,85
30629,David Murphy,M,10th,Johnson High School,93,67
30630,Heather Curtis,F,12th,Johnson High School,81,62
30631,Steven West,M,10th,Johnson High School,68,96
30632,Anne Johnson,F,11th,Johnson High School,87,59
30633,Stephen Weaver,M,12th,Johnson High School,82,70
30634,Danielle Washington,F,12th,Johnson High School,84,94
30635,Rhonda Gibbs,F,9th,Johnson High School,97,97
30636,Joseph Greene,M,10th,Johnson High School,67,72
30637,Jacob Castro,M,9th,Johnson High School,79,74
30638,Tiffany Reilly,F,10th,Johnson High School,72,63
30639,Brenda Hernandez,F,11th,Johnson High School,93,66
30640,Jeffrey Hinton,M,12th,Johnson High School,84,58
30641,Tammie Carr,F,9th,Johnson High School,90,99
30642,Adrian Vargas,M,10th,Johnson High School,98,90
30643,Brady Smith,M,9th,Johnson High School,75,99
30644,Joe Pearson,M,10th,Johnson High School,68,63
30645,Matthew Beard,M,11th,Johnson High School,78,96
30646,Joshua Knox,M,9th,Johnson High School,96,74
30647,Caleb Miller,M,11th,Johnson High School,69,97
30648,Jay James,M,11th,Johnson High School,98,86
30649,Evelyn Williams,F,9th,Johnson High School,76,55
30650,Maria Moore,F,9th,Johnson High School,77,80
30651,Mrs. Rachel Newman ,F,9th,Johnson High School,77,56
30652,Brandon Richard,M,11th,Johnson High School,67,57
30653,Edward Gould,M,10th,Johnson High School,72,58
30654,Jennifer Cantrell,F,10th,Johnson High School,95,83
30655,Michael Kelly,M,12th,Johnson High School,95,59
30656,Dawn Palmer,F,9th,Johnson High School,92,64
30657,Douglas Cantrell,M,11th,Johnson High School,96,93
30658,Hannah Morris,F,10th,Johnson High School,72,68
30659,Calvin Rodriguez,M,9th,Johnson High School,82,81
30660,Mary Brown,F,10th,Johnson High School,94,88
30661,Maria James,F,9th,Johnson High School,99,56
30662,Kelli Snow,F,11th,Johnson High School,71,94
30663,Ann Campbell,F,10th,Johnson High School,68,77
30664,Stephanie Murphy,F,9th,Johnson High School,96,57
30665,James Hayes,M,11th,Johnson High School,71,68
30666,Danny Bryant,M,11th,Johnson High School,68,91
30667,Tyler King,M,10th,Johnson High School,84,89
30668,David Baker,M,9th,Johnson High School,72,68
30669,Carolyn Chen,F,11th,Johnson High School,68,61
30670,Michael Watson,M,11th,Johnson High School,67,71
30671,Alan Schwartz,M,11th,Johnson High School,71,73
30672,Michelle Singh,F,9th,Johnson High School,66,70
30673,Jeffrey Gutierrez,M,9th,Johnson High School,63,98
30674,Keith Green,M,11th,Johnson High School,96,79
30675,Ruth Olson,F,9th,Johnson High School,92,76
30676,Amy Moore,F,9th,Johnson High School,80,58
30677,Lee Webb,M,12th,Johnson High School,74,79
30678,Corey Little,M,11th,Johnson High School,71,72
30679,Steven Powers,M,11th,Johnson High School,83,85
30680,Robert Kelley,M,12th,Johnson High School,68,76
30681,Ruth Harrell,F,9th,Johnson High School,91,58
30682,Matthew Clark,M,12th,Johnson High School,65,60
30683,Jamie Williams,M,11th,Johnson High School,89,66
30684,Donald Henry,M,11th,Johnson High School,82,75
30685,Tracy Morgan,F,11th,Johnson High School,81,83
30686,Brian Moore,M,11th,Johnson High School,87,90
30687,Kelsey Peterson,F,12th,Johnson High School,90,84
30688,Lauren Nunez,F,9th,Johnson High School,69,57
30689,Kyle Thornton,M,9th,Johnson High School,83,82
30690,Tyler Campos,M,10th,Johnson High School,74,97
30691,Sara Fox,F,12th,Johnson High School,80,66
30692,Brandon Marshall,M,11th,Johnson High School,74,93
30693,Megan Farley,F,11th,Johnson High School,80,75
30694,Adrienne Kelley,F,12th,Johnson High School,81,68
30695,Debra White,F,9th,Johnson High School,89,91
30696,Nathan Garcia,M,9th,Johnson High School,72,78
30697,Brittney Ramos,F,9th,Johnson High School,75,60
30698,Ronald Carroll,M,10th,Johnson High School,88,69
30699,Alisha Morris,F,11th,Johnson High School,70,98
30700,Cheryl Hunter,F,12th,Johnson High School,82,88
30701,Christopher Ryan,M,12th,Johnson High School,73,81
30702,Jonathan Holland,M,10th,Johnson High School,75,68
30703,Amber Sawyer,F,10th,Johnson High School,91,73
30704,Jody Flynn,F,11th,Johnson High School,93,58
30705,Joy Velez,F,11th,Johnson High School,74,75
30706,Glenn Jordan,M,10th,Johnson High School,85,82
30707,Robert Jones,M,11th,Johnson High School,69,64
30708,Susan Valenzuela,F,9th,Johnson High School,65,57
30709,Kristen Hardy,F,11th,Johnson High School,79,85
30710,Amber Allen,F,10th,Johnson High School,78,93
30711,Randy Mendez,M,11th,Johnson High School,95,78
30712,Christopher Massey,M,12th,Johnson High School,93,76
30713,Roberto Hughes,M,11th,Johnson High School,88,86
30714,Danielle Barber,F,10th,Johnson High School,79,65
30715,Shelby Campbell,F,9th,Johnson High School,95,88
30716,Mark Baker,M,9th,Johnson High School,77,82
30717,James Elliott,M,12th,Johnson High School,69,86
30718,Christopher Spencer,M,9th,Johnson High School,97,99
30719,Courtney Fuentes,F,12th,Johnson High School,86,96
30720,Lisa Lyons,F,9th,Johnson High School,88,70
30721,Lance Robinson,M,9th,Johnson High School,64,64
30722,Kristen Taylor,F,11th,Johnson High School,66,86
30723,Bruce Greene,M,11th,Johnson High School,90,63
30724,Tyler Foster,M,12th,Johnson High School,66,89
30725,Barry Copeland,M,9th,Johnson High School,94,85
30726,Sara Wilson,F,9th,Johnson High School,80,60
30727,Dale Carter,M,11th,Johnson High School,96,81
30728,Vanessa Shaw,F,12th,Johnson High School,90,81
30729,Francisco Vang,M,10th,Johnson High School,91,63
30730,Kendra Johnson,F,12th,Johnson High School,64,64
30731,Mark Barnes,M,10th,Johnson High School,76,70
30732,Rebecca Ball,F,9th,Johnson High School,78,83
30733,Stephanie Powell,F,10th,Johnson High School,99,87
30734,Chad Dawson,M,9th,Johnson High School,68,60
30735,Jillian Cooper,F,9th,Johnson High School,82,73
30736,Mario Shelton,M,12th,Johnson High School,81,61
30737,Nathan Miranda,M,10th,Johnson High School,83,72
30738,Tony Bailey,M,12th,Johnson High School,75,74
30739,Robert Espinoza,M,9th,Johnson High School,82,89
30740,Jane Rasmussen,F,10th,Johnson High School,77,58
30741,Leah Price,F,12th,Johnson High School,93,92
30742,Katelyn Peterson,F,10th,Johnson High School,98,73
30743,Amanda Lee,F,10th,Johnson High School,80,89
30744,Christy Larsen,F,10th,Johnson High School,87,97
30745,Richard Edwards,M,9th,Johnson High School,67,98
30746,David Barnett,M,9th,Johnson High School,74,56
30747,Kaylee Watkins,F,11th,Johnson High School,84,86
30748,Rodney Smith,M,9th,Johnson High School,86,65
30749,Jessica Guerrero,F,11th,Johnson High School,65,95
30750,Jeremiah Foster,M,12th,Johnson High School,77,75
30751,Wesley Pierce,M,11th,Johnson High School,69,88
30752,James Johnson,M,12th,Johnson High School,89,80
30753,Joseph Anderson,M,9th,Johnson High School,81,79
30754,Jacqueline Hamilton,F,12th,Johnson High School,88,94
30755,Madison Boone,F,10th,Johnson High School,66,69
30756,Cameron Fisher,M,9th,Johnson High School,79,75
30757,Rebecca Newman,F,10th,Johnson High School,75,73
30758,Nicholas Howard,M,10th,Johnson High School,68,99
30759,Gregory Lopez,M,10th,Johnson High School,94,65
30760,David Stanton,M,9th,Johnson High School,67,99
30761,Lauren Marshall,F,9th,Johnson High School,64,68
30762,Vanessa Ortiz,F,10th,Johnson High School,67,57
30763,Julie Gates,F,11th,Johnson High School,67,95
30764,Stephen Adams,M,11th,Johnson High School,91,98
30765,Dillon Vargas,M,12th,Johnson High School,94,62
30766,Kayla Burke,F,12th,Johnson High School,97,71
30767,Johnathan Hanson,M,9th,Johnson High School,65,73
30768,Jessica Pierce,F,11th,Johnson High School,67,61
30769,Sarah Duran,F,10th,Johnson High School,82,77
30770,Samantha Park,F,11th,Johnson High School,79,99
30771,Richard Horton,M,11th,Johnson High School,70,81
30772,Alexis Nguyen,F,12th,Johnson High School,80,79
30773,Joseph Russell,M,12th,Johnson High School,92,97
30774,Amy Massey,F,9th,Johnson High School,79,88
30775,James Ramirez,M,10th,Johnson High School,93,55
30776,Paul Mills,M,12th,Johnson High School,80,87
30777,Wayne Lucas,M,10th,Johnson High School,68,59
30778,Dana Arroyo,F,10th,Johnson High School,79,67
30779,Robin Ward,F,11th,Johnson High School,91,65
30780,Emily Herrera,F,9th,Johnson High School,76,59
30781,Jennifer Adams,F,9th,Johnson High School,88,93
30782,Carmen Williams,F,10th,Johnson High School,74,79
30783,Austin Carter,M,10th,Johnson High School,70,66
30784,Jessica Wise,F,10th,Johnson High School,65,85
30785,Mackenzie Hall,F,10th,Johnson High School,88,81
30786,Derrick Romero,M,9th,Johnson High School,89,63
30787,Cristina Nelson,F,11th,Johnson High School,70,65
30788,Cynthia Ray,F,9th,Johnson High School,82,68
30789,Elaine Conner,F,12th,Johnson High School,80,77
30790,Carly Montoya ,F,12th,Johnson High School,93,78
30791,Eric Powell,M,12th,Johnson High School,73,90
30792,Sheri Barrett,F,10th,Johnson High School,90,86
30793,Nicholas Vasquez,M,12th,Johnson High School,75,69
30794,Joshua Wong,M,10th,Johnson High School,98,80
30795,Catherine Burnett,F,10th,Johnson High School,68,76
30796,Michelle Carter,F,9th,Johnson High School,64,61
30797,Tracy Hughes,F,11th,Johnson High School,70,58
30798,James Berg,M,10th,Johnson High School,63,84
30799,Jacqueline Stephens,F,9th,Johnson High School,91,55
30800,Kelly Brown,F,11th,Johnson High School,66,57
30801,Heidi Hayes,F,12th,Johnson High School,65,75
30802,April Jones,F,12th,Johnson High School,72,84
30803,Megan Soto,F,11th,Johnson High School,65,81
30804,Tony Horne,M,11th,Johnson High School,68,83
30805,Joan Griffin,F,12th,Johnson High School,67,70
30806,Thomas Smith,M,9th,Johnson High School,85,87
30807,Sharon Bridges,F,11th,Johnson High School,80,64
30808,Jill Ramirez,F,9th,Johnson High School,78,93
30809,Lisa Reed,F,9th,Johnson High School,81,68
30810,Kaylee Warren,F,9th,Johnson High School,87,73
30811,Steven Wilson,M,12th,Johnson High School,89,85
30812,James Edwards,M,10th,Johnson High School,84,84
30813,Kaitlin Raymond,F,9th,Johnson High School,66,91
30814,Charles Hill,M,10th,Johnson High School,72,96
30815,Danielle Dorsey,F,9th,Johnson High School,66,81
30816,Michelle Franco,F,10th,Johnson High School,84,56
30817,Amber Bauer,F,10th,Johnson High School,97,89
30818,Hannah Carson,F,9th,Johnson High School,68,65
30819,Michael Lowe,M,9th,Johnson High School,66,84
30820,Tabitha Escobar,F,12th,Johnson High School,75,61
30821,Shawn Williams,M,9th,Johnson High School,78,60
30822,Marc Perez,M,11th,Johnson High School,82,88
30823,Eric Adams,M,10th,Johnson High School,89,67
30824,Brenda Simmons,F,11th,Johnson High School,73,57
30825,Emily Rose,F,10th,Johnson High School,92,66
30826,Rebecca Neal,F,9th,Johnson High School,99,98
30827,Jessica Henderson,F,12th,Johnson High School,83,70
30828,Mrs. Amy Bradford ,F,10th,Johnson High School,85,98
30829,Victor Moody,M,11th,Johnson High School,65,83
30830,Jennifer Horton,F,11th,Johnson High School,93,82
30831,William Perkins,M,11th,Johnson High School,96,56
30832,Johnathan Alvarez,M,9th,Johnson High School,84,69
30833,Elizabeth Spencer,F,10th,Johnson High School,91,56
30834,Timothy Stewart,M,9th,Johnson High School,75,85
30835,Sonya Thompson,F,10th,Johnson High School,66,94
30836,Tyler Allen,M,10th,Johnson High School,92,57
30837,Jillian Dawson,F,10th,Johnson High School,73,85
30838,Suzanne Douglas,F,12th,Johnson High School,87,83
30839,Aaron Lopez,M,11th,Johnson High School,92,85
30840,Samuel Stephenson,M,10th,Johnson High School,78,74
30841,Courtney Chapman,F,9th,Johnson High School,80,76
30842,Gerald Suarez,M,10th,Johnson High School,64,75
30843,Jesse Baker,M,10th,Johnson High School,64,80
30844,Randy Harrington,M,10th,Johnson High School,81,62
30845,Ian Dyer,M,11th,Johnson High School,74,89
30846,Kelli Kerr,F,9th,Johnson High School,88,80
30847,Parker Smith,M,11th,Johnson High School,97,78
30848,Emily Hart,F,10th,Johnson High School,85,79
30849,Sydney Clark,F,9th,Johnson High School,78,92
30850,Michelle Sandoval,F,10th,Johnson High School,96,66
30851,Shannon Green,F,12th,Johnson High School,92,94
30852,Emily Morales,F,11th,Johnson High School,64,99
30853,Cathy Kidd,F,9th,Johnson High School,87,67
30854,Amanda Jefferson,F,10th,Johnson High School,64,98
30855,Daniel Torres,M,11th,Johnson High School,72,83
30856,Lisa Lester,F,10th,Johnson High School,88,70
30857,Savannah Frey,F,9th,Johnson High School,80,83
30858,Martha Cruz,F,9th,Johnson High School,92,98
30859,Matthew Gray,M,10th,Johnson High School,92,94
30860,Bonnie Douglas,F,10th,Johnson High School,65,93
30861,Ryan Phillips,M,10th,Johnson High School,84,63
30862,Sarah Cruz,F,9th,Johnson High School,92,87
30863,Gary Hogan,M,12th,Johnson High School,66,97
30864,Tanya Harrell,F,12th,Johnson High School,78,77
30865,Lisa Davis,F,10th,Johnson High School,90,69
30866,Timothy Calhoun,M,12th,Johnson High School,94,87
30867,Amanda Skinner,F,11th,Johnson High School,91,96
30868,Stacy Ponce,F,10th,Johnson High School,69,91
30869,Travis Coleman,M,12th,Johnson High School,79,81
30870,Christopher Howell,M,10th,Johnson High School,65,69
30871,Mrs. Melissa Ramirez,F,9th,Johnson High School,87,70
30872,Donald Carter,M,10th,Johnson High School,68,79
30873,Darrell Mcdonald,M,9th,Johnson High School,96,68
30874,Matthew Bradley,M,10th,Johnson High School,65,86
30875,Todd Jones,M,12th,Johnson High School,69,75
30876,Lisa Haney,F,12th,Johnson High School,89,55
30877,Mariah Fletcher,F,9th,Johnson High School,95,89
30878,Richard Walters,M,11th,Johnson High School,85,58
30879,Gloria Howard,F,9th,Johnson High School,65,97
30880,Cory Simmons,M,9th,Johnson High School,77,55
30881,Claudia Cook ,F,9th,Johnson High School,88,89
30882,Janet White,F,9th,Johnson High School,75,71
30883,Andrea Jarvis,F,9th,Johnson High School,89,75
30884,Robert Herrera,M,12th,Johnson High School,98,68
30885,Christine Ramirez,F,10th,Johnson High School,68,87
30886,Heather Wilson,F,10th,Johnson High School,70,63
30887,Thomas Walter,M,12th,Johnson High School,75,57
30888,Sarah Jordan,F,9th,Johnson High School,92,73
30889,Mary Carter,F,11th,Johnson High School,69,72
30890,Olivia Hernandez,F,9th,Johnson High School,84,89
30891,Connor Marshall,M,11th,Johnson High School,79,87
30892,Shannon Hamilton,F,11th,Johnson High School,70,55
30893,Cindy Cole,F,9th,Johnson High School,76,72
30894,Alyssa Sims,F,10th,Johnson High School,93,76
30895,Marvin Fowler,M,12th,Johnson High School,95,99
30896,Anna Delacruz,F,11th,Johnson High School,95,80
30897,Amy Powell,F,10th,Johnson High School,82,60
30898,Sara Davenport,F,11th,Johnson High School,66,58
30899,Emily Hale,F,10th,Johnson High School,72,77
30900,Dawn Lynch,F,12th,Johnson High School,91,78
30901,Curtis Ross,M,12th,Johnson High School,68,71
30902,Scott Francis,M,9th,Johnson High School,75,69
30903,Nathan Jones,M,9th,Johnson High School,80,81
30904,Richard Cox,M,10th,Johnson High School,82,85
30905,Felicia Lopez,F,12th,Johnson High School,97,93
30906,David Harris,M,12th,Johnson High School,78,76
30907,William Mcdonald,M,12th,Johnson High School,92,69
30908,Victoria Davenport,F,11th,Johnson High School,95,92
30909,Hunter Brooks,M,11th,Johnson High School,77,62
30910,Michelle Villa,F,11th,Johnson High School,82,75
30911,Gina Garcia,F,12th,Johnson High School,93,81
30912,Ryan Tran,M,9th,Johnson High School,83,71
30913,Stanley Bishop,M,12th,Johnson High School,69,64
30914,Ronnie Jensen,M,9th,Johnson High School,69,68
30915,Julie Garcia,F,12th,Johnson High School,79,83
30916,Michelle Hutchinson,F,11th,Johnson High School,78,98
30917,Joseph Bautista,M,10th,Johnson High School,98,89
30918,Kelly Rivera,F,9th,Johnson High School,94,64
30919,Rebecca Dixon,F,11th,Johnson High School,85,74
30920,Gina Fuller,F,9th,Johnson High School,99,74
30921,Anita Dixon,F,10th,Johnson High School,74,61
30922,Seth Wagner,M,11th,Johnson High School,82,62
30923,Andrea Mullins,F,12th,Johnson High School,63,91
30924,Nancy Santos,F,11th,Johnson High School,73,59
30925,Gregory Johnson,M,9th,Johnson High School,89,95
30926,Amber Nichols,F,9th,Johnson High School,83,91
30927,Allen Gallagher,M,10th,Johnson High School,70,77
30928,Lauren Atkinson,F,9th,Johnson High School,86,78
30929,Amanda Holden,F,11th,Johnson High School,91,97
30930,Gregory Lee,M,12th,Johnson High School,95,92
30931,Dominique Rojas,F,9th,Johnson High School,99,95
30932,Adam Brown,M,12th,Johnson High School,79,97
30933,Justin Martin,M,11th,Johnson High School,64,64
30934,Barbara Cox,F,9th,Johnson High School,75,93
30935,Ronnie Sullivan,M,10th,Johnson High School,96,93
30936,Cindy Avila,F,10th,Johnson High School,87,72
30937,John Scott,M,10th,Johnson High School,81,73
30938,Samuel Cook,M,9th,Johnson High School,64,64
30939,Michelle Perez,F,11th,Johnson High School,98,56
30940,Joseph Watson,M,12th,Johnson High School,79,69
30941,Katherine Rodriguez,F,9th,Johnson High School,84,87
30942,Eddie Williams,M,11th,Johnson High School,89,63
30943,Jose Glass,M,9th,Johnson High School,83,98
30944,Douglas Cisneros,M,12th,Johnson High School,75,63
30945,Jesse Dunn,M,11th,Johnson High School,79,86
30946,Sonia Navarro,F,12th,Johnson High School,95,79
30947,Regina Wise,F,9th,Johnson High School,79,91
30948,David Robinson,M,11th,Johnson High School,80,91
30949,Joshua Brown,M,12th,Johnson High School,86,98
30950,Richard Ritter,M,10th,Johnson High School,83,64
30951,Tiffany Robertson,F,9th,Johnson High School,94,96
30952,Melissa Soto,F,9th,Johnson High School,74,98
30953,Ian Nixon,M,10th,Johnson High School,80,85
30954,Melinda Herrera,F,11th,Johnson High School,88,68
30955,Shawn Contreras,M,10th,Johnson High School,83,60
30956,Allen Chambers,M,11th,Johnson High School,83,86
30957,Douglas Miller,M,12th,Johnson High School,68,88
30958,Richard Torres,M,10th,Johnson High School,79,95
30959,Jessica Allen,F,9th,Johnson High School,71,63
30960,Thomas Herrera ,M,9th,Johnson High School,91,93
30961,Deborah Lara,F,10th,Johnson High School,84,82
30962,Daniel Ruiz,M,9th,Johnson High School,88,81
30963,Rodney Meyer,M,11th,Johnson High School,76,67
30964,Julie Walker,F,10th,Johnson High School,69,85
30965,Howard Erickson,M,11th,Johnson High School,92,84
30966,Michelle Green,F,9th,Johnson High School,82,55
30967,Katie Shaw,F,9th,Johnson High School,79,70
30968,Michelle Collins,F,10th,Johnson High School,79,58
30969,Tracy Carr,F,9th,Johnson High School,67,89
30970,Sarah Richardson,F,12th,Johnson High School,86,73
30971,Robert Klein,M,11th,Johnson High School,69,94
30972,Joy Fields,F,10th,Johnson High School,89,81
30973,Donna Stein,F,9th,Johnson High School,82,84
30974,Dana Martinez,F,10th,Johnson High School,84,82
30975,Brian Owens,M,10th,Johnson High School,70,85
30976,Carrie Prince,F,11th,Johnson High School,64,60
30977,Stephanie Pearson,F,10th,Johnson High School,84,79
30978,Tammy Sanchez,F,9th,Johnson High School,79,75
30979,Bobby Tucker,M,9th,Johnson High School,92,94
30980,Jeffrey Jackson,M,11th,Johnson High School,94,93
30981,David Davis,M,9th,Johnson High School,78,75
30982,Karina Mitchell,F,11th,Johnson High School,70,56
30983,Michael Beltran,M,11th,Johnson High School,69,98
30984,Michele Byrd,F,11th,Johnson High School,90,64
30985,Amy Buchanan,F,11th,Johnson High School,84,62
30986,Carrie Fowler,F,11th,Johnson High School,97,65
30987,Victoria Fields,F,11th,Johnson High School,73,90
30988,Joshua Floyd,M,11th,Johnson High School,87,56
30989,Cassandra Clark,F,10th,Johnson High School,96,66
30990,Charles Bell,M,9th,Johnson High School,81,57
30991,Stacey King,F,12th,Johnson High School,88,80
30992,Deanna Burch,F,9th,Johnson High School,81,68
30993,Matthew Simpson,M,11th,Johnson High School,67,66
30994,Sonya Jones,F,9th,Johnson High School,98,64
30995,Kevin Rubio,M,9th,Johnson High School,78,66
30996,Jacob Simmons,M,10th,Johnson High School,75,72
30997,Elizabeth Wallace,F,11th,Johnson High School,78,61
30998,Monica Morrow,F,9th,Johnson High School,89,92
30999,Stephanie Gonzalez,F,9th,Johnson High School,66,97
31000,Lori Salinas,F,12th,Johnson High School,91,56
31001,Tim Cameron,M,11th,Johnson High School,83,78
31002,Laura Moore,F,10th,Johnson High School,98,59
31003,Bridget Hart ,F,9th,Johnson High School,87,92
31004,Michael Key,M,9th,Johnson High School,79,84
31005,Tammy Martinez,F,10th,Johnson High School,90,89
31006,Sandra Farmer,F,11th,Johnson High School,97,80
31007,Dylan Payne,M,11th,Johnson High School,80,98
31008,Lisa Harvey,F,11th,Johnson High School,63,78
31009,Dawn Baker,F,10th,Johnson High School,78,78
31010,Ann Deleon,F,11th,Johnson High School,86,55
31011,Stephanie Stephens,F,10th,Johnson High School,75,66
31012,Joshua Fletcher,M,11th,Johnson High School,74,88
31013,Raymond Price,M,12th,Johnson High School,82,57
31014,Travis Williams,M,11th,Johnson High School,95,75
31015,Nicole Hoffman,F,11th,Johnson High School,90,65
31016,Timothy Chang,M,9th,Johnson High School,81,88
31017,Emma Vasquez,F,9th,Johnson High School,68,95
31018,Harold Harmon,M,11th,Johnson High School,85,78
31019,Erika Cook,F,10th,Johnson High School,92,68
31020,Jessica Clark,F,10th,Johnson High School,78,77
31021,Jessica Martin,F,10th,Johnson High School,77,64
31022,Nathaniel Warner,M,10th,Johnson High School,77,93
31023,Jonathan Williams,M,10th,Johnson High School,83,64
31024,Daniel Gutierrez,M,9th,Johnson High School,85,71
31025,Marie Watkins,F,9th,Johnson High School,72,97
31026,Jennifer Lucas,F,12th,Johnson High School,72,88
31027,Nicolas Robinson,M,11th,Johnson High School,64,96
31028,Lance Fernandez,M,9th,Johnson High School,78,86
31029,Nancy Mercer,F,12th,Johnson High School,67,82
31030,Matthew Knight,M,10th,Johnson High School,73,86
31031,Jennifer Hopkins,F,9th,Johnson High School,71,99
31032,Cindy Chambers,F,9th,Johnson High School,75,86
31033,Aaron Burch,M,10th,Johnson High School,90,97
31034,Yolanda Kelly,F,12th,Johnson High School,71,71
31035,Brandon Foster,M,12th,Johnson High School,80,68
31036,Jennifer Wells,F,12th,Johnson High School,94,62
31037,Katie Clark,F,10th,Johnson High School,67,58
31038,Emily Graham ,F,10th,Johnson High School,95,83
31039,Ralph Irwin,M,11th,Johnson High School,92,73
31040,Daniel Carpenter,M,10th,Johnson High School,76,70
31041,Austin Juarez,M,11th,Johnson High School,94,60
31042,Teresa Patterson,F,12th,Johnson High School,65,96
31043,Michelle Smith,F,11th,Johnson High School,70,70
31044,Sara Anderson,F,9th,Johnson High School,75,59
31045,Christian Bennett,M,11th,Johnson High School,90,64
31046,Adrienne Daniels,F,11th,Johnson High School,74,99
31047,Daisy Turner,F,10th,Johnson High School,80,70
31048,Brooke Simon,F,12th,Johnson High School,76,73
31049,Christopher Pittman,M,12th,Johnson High School,72,69
31050,Shannon Rios,F,10th,Johnson High School,78,81
31051,Douglas Hanson,M,11th,Johnson High School,75,75
31052,Jackie Nichols,F,11th,Johnson High School,70,95
31053,Christopher Moore,M,11th,Johnson High School,69,99
31054,Shane Norris,M,10th,Johnson High School,85,81
31055,Kyle Becker,M,9th,Johnson High School,76,85
31056,Carol Hayes,F,10th,Johnson High School,78,72
31057,Alyssa Mckee,F,9th,Johnson High School,94,82
31058,Donna Gomez,F,9th,Johnson High School,68,96
31059,Paul Gonzales,M,11th,Johnson High School,88,76
31060,Kathleen Kirby,F,9th,Johnson High School,80,68
31061,Dustin Lewis,M,11th,Johnson High School,75,72
31062,Michele Hall,F,11th,Johnson High School,74,74
31063,Stephanie Jones,F,11th,Johnson High School,75,95
31064,Dana Patrick,F,10th,Johnson High School,89,81
31065,Jose Nash,M,10th,Johnson High School,86,65
31066,Jennifer Jensen,F,11th,Johnson High School,69,65
31067,Marc Johnson,M,12th,Johnson High School,97,87
31068,Darryl Curtis,M,9th,Johnson High School,84,66
31069,Carrie Ball,F,11th,Johnson High School,78,60
31070,Justin Lee,M,12th,Johnson High School,65,75
31071,John Mcgee,M,10th,Johnson High School,89,94
31072,Marisa Ross,F,12th,Johnson High School,90,63
31073,Matthew Snow,M,10th,Johnson High School,94,68
31074,James Tucker,M,11th,Johnson High School,88,99
31075,Regina Porter,F,9th,Johnson High School,97,68
31076,Aaron Young,M,10th,Johnson High School,97,95
31077,William Martinez,M,12th,Johnson High School,63,66
31078,Vanessa Reyes,F,10th,Johnson High School,93,64
31079,Barbara Moran,F,10th,Johnson High School,99,88
31080,Mary Harmon,F,9th,Johnson High School,87,63
31081,Joseph Hernandez,M,11th,Johnson High School,95,61
31082,Jose Allen,M,9th,Johnson High School,85,68
31083,Matthew Ellis,M,9th,Johnson High School,86,62
31084,April Jones,F,10th,Johnson High School,87,64
31085,Scott Haley,M,12th,Johnson High School,98,70
31086,Mark Davis,M,11th,Johnson High School,65,96
31087,Clifford Villegas,M,12th,Johnson High School,67,86
31088,Mark Peters ,M,10th,Johnson High School,85,70
31089,Russell Holland,M,12th,Johnson High School,65,87
31090,George Scott,M,11th,Johnson High School,92,93
31091,Alex West,M,9th,Johnson High School,73,69
31092,Christina Clay,F,10th,Johnson High School,85,77
31093,William Collins,M,11th,Johnson High School,87,93
31094,Mark Suarez,M,10th,Johnson High School,80,62
31095,Cynthia Rodriguez,F,9th,Johnson High School,73,73
31096,Jason Bautista,M,11th,Johnson High School,72,79
31097,Gerald Miller,M,11th,Johnson High School,88,94
31098,Alex Underwood,M,11th,Johnson High School,67,95
31099,William Evans,M,11th,Johnson High School,70,57
31100,John Sheppard,M,11th,Johnson High School,83,61
31101,Samuel Cannon,M,10th,Johnson High School,92,78
31102,Aaron Reynolds,M,10th,Johnson High School,96,99
31103,Allison Anderson,F,12th,Johnson High School,71,84
31104,Robert Campbell,M,9th,Johnson High School,68,71
31105,Michele Padilla,F,11th,Johnson High School,92,70
31106,Daniel Scott,M,11th,Johnson High School,65,94
31107,Katherine Kelly,F,11th,Johnson High School,82,96
31108,Rhonda Burke,F,9th,Johnson High School,80,86
31109,Audrey Jones,F,11th,Johnson High School,81,66
31110,Tonya Hall,F,10th,Johnson High School,71,80
31111,Terry Gardner,M,9th,Johnson High School,79,99
31112,Margaret Mcknight,F,10th,Johnson High School,76,96
31113,Eddie Hamilton,M,9th,Johnson High School,82,57
31114,Crystal Cox,F,9th,Johnson High School,70,87
31115,Jennifer Dixon,F,12th,Johnson High School,73,75
31116,Kelly Moore,M,12th,Johnson High School,70,97
31117,Michael Fowler,M,10th,Johnson High School,73,99
31118,Sarah Jenkins,F,10th,Johnson High School,84,88
31119,Eric Rogers,M,12th,Johnson High School,71,82
31120,Lauren Black,F,10th,Johnson High School,86,91
31121,Natalie Wilkerson,F,9th,Johnson High School,92,74
31122,Louis Williams,M,9th,Johnson High School,81,68
31123,Alyssa Johnson,F,11th,Johnson High School,77,62
31124,Bradley Jackson,M,11th,Johnson High School,94,79
31125,Michael Ward,M,9th,Johnson High School,81,73
31126,Tammy Glenn,F,12th,Johnson High School,86,82
31127,Heather Holmes,F,10th,Johnson High School,97,96
31128,James Davis,M,12th,Johnson High School,66,70
31129,Lisa Kelley,F,11th,Johnson High School,82,59
31130,Michelle Mcdonald,F,11th,Johnson High School,93,57
31131,Sara Gillespie,F,11th,Johnson High School,65,96
31132,Katelyn Carr,F,9th,Johnson High School,93,94
31133,Anita Gomez,F,9th,Johnson High School,76,72
31134,Christie Doyle,F,12th,Johnson High School,89,94
31135,Ashley Rosales,F,10th,Johnson High School,97,58
31136,Hannah Moore ,F,9th,Johnson High School,97,65
31137,Jaclyn Myers,F,10th,Johnson High School,71,81
31138,John Brock,M,11th,Johnson High School,97,62
31139,Charles Munoz,M,10th,Johnson High School,66,85
31140,Lisa Johnson,F,10th,Johnson High School,80,72
31141,James Castillo,M,11th,Johnson High School,86,83
31142,Colleen Robinson,F,11th,Johnson High School,89,59
31143,Jacob Haley,M,12th,Johnson High School,95,55
31144,James Mcbride,M,10th,Johnson High School,69,63
31145,Joseph Munoz,M,11th,Johnson High School,75,86
31146,Ariel Garcia,F,11th,Johnson High School,67,62
31147,Linda Morris,F,9th,Johnson High School,66,98
31148,Gregory Bennett,M,11th,Johnson High School,87,82
31149,Edwin Johnson,M,12th,Johnson High School,97,75
31150,Samuel Benson,M,10th,Johnson High School,66,86
31151,Kelly Hunter,F,9th,Johnson High School,92,67
31152,Rebecca Bennett,F,11th,Johnson High School,80,66
31153,Leslie Clark,F,11th,Johnson High School,67,62
31154,Kelly Price,F,11th,Johnson High School,81,81
31155,Christopher Lee,M,9th,Johnson High School,97,84
31156,Sarah Lewis,F,9th,Johnson High School,79,88
31157,Megan Hall,F,12th,Johnson High School,99,94
31158,Ann Hudson,F,12th,Johnson High School,89,74
31159,Samantha Mendoza,F,9th,Johnson High School,69,56
31160,Cody Carroll,M,10th,Johnson High School,79,68
31161,Angela Martin,F,11th,Johnson High School,73,56
31162,Cindy Snyder,F,9th,Johnson High School,92,68
31163,Steven Salazar,M,10th,Johnson High School,79,68
31164,Nicole Stephens,F,9th,Johnson High School,99,92
31165,Michael Mendez,M,12th,Johnson High School,96,63
31166,Madison Graham,F,10th,Johnson High School,81,62
31167,Matthew Ross,M,12th,Johnson High School,72,84
31168,Daniel Sanders,M,12th,Johnson High School,79,90
31169,Marissa Mccann,F,9th,Johnson High School,94,58
31170,Richard Anderson,M,11th,Johnson High School,72,85
31171,John Cole,M,12th,Johnson High School,73,87
31172,Ashley Brooks,F,12th,Johnson High School,86,64
31173,Kimberly White,F,9th,Johnson High School,66,94
31174,Kelly Warren,F,11th,Johnson High School,73,66
31175,Daniel Henderson,M,11th,Johnson High School,75,83
31176,James Bennett,M,9th,Johnson High School,98,67
31177,Elizabeth Jones,F,9th,Johnson High School,72,70
31178,Gary Mcfarland,M,11th,Johnson High School,67,85
31179,Patrick Vazquez,M,12th,Johnson High School,77,57
31180,Karen Davis,F,12th,Johnson High School,69,61
31181,Kaitlyn Adams ,F,9th,Johnson High School,76,99
31182,Kristin Tucker,F,10th,Johnson High School,63,95
31183,Tiffany Cabrera,F,11th,Johnson High School,68,71
31184,Matthew Miles,M,10th,Johnson High School,97,85
31185,Tony Sandoval,M,11th,Johnson High School,63,84
31186,Ana Weber,F,9th,Johnson High School,84,75
31187,Darren Moore ,M,9th,Johnson High School,79,68
31188,Andrew Key,M,10th,Johnson High School,73,97
31189,Edward Hickman,M,10th,Johnson High School,66,95
31190,Dennis Gibbs,M,9th,Johnson High School,75,71
31191,Rachel Salinas,F,10th,Johnson High School,74,96
31192,Ryan Becker,M,11th,Johnson High School,70,71
31193,Patrick Chambers,M,9th,Johnson High School,96,79
31194,Heather Diaz,F,9th,Johnson High School,96,55
31195,Willie Thomas,M,9th,Johnson High School,89,93
31196,Jesus Wright,M,10th,Johnson High School,82,94
31197,Richard Lucero Jr.,M,10th,Johnson High School,71,75
31198,Jessica Harris,F,10th,Johnson High School,95,72
31199,Karen Farrell,F,12th,Johnson High School,83,82
31200,Carmen Anderson,F,9th,Johnson High School,69,97
31201,Amy Fry,F,9th,Johnson High School,79,98
31202,Michael Allen,M,11th,Johnson High School,70,92
31203,Donna Le,F,11th,Johnson High School,91,87
31204,Angela Davenport,F,10th,Johnson High School,64,82
31205,Rachel Mccoy,F,9th,Johnson High School,77,72
31206,Bobby Khan,M,9th,Johnson High School,83,97
31207,Christina Williams,F,9th,Johnson High School,77,97
31208,David West,M,9th,Johnson High School,88,87
31209,Daniel Smith,M,12th,Johnson High School,84,84
31210,Sherri Barnett,F,12th,Johnson High School,70,97
31211,Molly Foster,F,10th,Johnson High School,67,77
31212,Jerry Mora,M,10th,Johnson High School,82,76
31213,Jason Long,M,12th,Johnson High School,80,60
31214,Timothy Watkins,M,11th,Johnson High School,66,96
31215,Jennifer Wiggins,F,10th,Johnson High School,66,60
31216,Leonard Charles,M,10th,Johnson High School,83,64
31217,Seth Castro,M,9th,Johnson High School,75,93
31218,Isaac Roy,M,11th,Johnson High School,86,96
31219,Tracie Hudson,F,12th,Johnson High School,95,86
31220,Donald Koch,M,11th,Johnson High School,86,83
31221,Courtney Jones,F,9th,Johnson High School,67,75
31222,Brian Vazquez,M,12th,Johnson High School,64,69
31223,Elizabeth Holder PhD,F,9th,Johnson High School,72,84
31224,Elizabeth Simon,F,9th,Johnson High School,85,80
31225,Matthew Armstrong,M,9th,Johnson High School,82,60
31226,Amy Henry,F,10th,Johnson High School,67,55
31227,Anna King,F,9th,Johnson High School,73,78
31228,Michael Madden,M,11th,Johnson High School,63,73
31229,Jennifer Russell,F,12th,Johnson High School,96,58
31230,Carolyn Rogers,F,10th,Johnson High School,84,62
31231,James Robinson,M,10th,Johnson High School,80,56
31232,Randy Mitchell,M,10th,Johnson High School,88,79
31233,Edwin Scott,M,11th,Johnson High School,97,81
31234,Brittany Mclaughlin,F,9th,Johnson High School,90,95
31235,Rebecca Miller,F,10th,Johnson High School,90,63
31236,Christopher Williams,M,9th,Johnson High School,96,59
31237,Regina Smith,F,9th,Johnson High School,75,72
31238,Christopher Krause,M,9th,Johnson High School,87,97
31239,Jesus Miller,M,11th,Johnson High School,82,91
31240,Jonathan Duran,M,10th,Johnson High School,68,77
31241,Danny Wilkins,M,10th,Johnson High School,65,89
31242,Michael Brown,M,9th,Johnson High School,85,57
31243,Anthony Freeman,M,9th,Johnson High School,69,62
31244,Jordan Walker,F,9th,Johnson High School,63,99
31245,Justin Howard,M,9th,Johnson High School,94,85
31246,Brandi Moore,F,9th,Johnson High School,95,86
31247,Tamara Nelson,F,9th,Johnson High School,74,62
31248,Jacqueline Abbott,F,12th,Johnson High School,80,64
31249,Spencer Fritz,M,9th,Johnson High School,64,83
31250,Mercedes Weber,F,11th,Johnson High School,74,67
31251,Bryan Patrick,M,9th,Johnson High School,67,68
31252,Deborah Russell,F,11th,Johnson High School,74,63
31253,Larry Gonzales,M,10th,Johnson High School,95,66
31254,Michael Bryant,M,9th,Johnson High School,96,65
31255,Danny Ford,M,12th,Johnson High School,80,60
31256,Michele Clark,F,10th,Johnson High School,63,87
31257,Bryan Miller,M,9th,Johnson High School,78,78
31258,Adrian York,M,9th,Johnson High School,83,56
31259,Kristen Ibarra,F,12th,Johnson High School,73,56
31260,Jeffrey Wiley,M,12th,Johnson High School,72,66
31261,Shelley Reeves,F,11th,Johnson High School,70,72
31262,Jason Phillips,M,9th,Johnson High School,63,69
31263,Joseph Jimenez,M,11th,Johnson High School,80,89
31264,Amy Short,F,11th,Johnson High School,65,89
31265,Charles Martinez,M,12th,Johnson High School,88,77
31266,Samantha Cuevas,F,12th,Johnson High School,76,83
31267,April Owens,F,9th,Johnson High School,97,58
31268,Terry Harrison,F,9th,Johnson High School,75,87
31269,Holly Aguirre,F,10th,Johnson High School,93,88
31270,Abigail Weiss,F,9th,Johnson High School,78,69
31271,Karen Stevenson,F,11th,Johnson High School,88,77
31272,Amber Ramos,F,11th,Johnson High School,98,74
31273,Kyle Mcgrath,M,11th,Johnson High School,94,92
31274,Mary Rosales,F,11th,Johnson High School,63,92
31275,Juan Young,M,12th,Johnson High School,72,62
31276,James Wilson,M,9th,Johnson High School,63,76
31277,Cody Woods,M,12th,Johnson High School,94,67
31278,Rebecca Johnston,F,9th,Johnson High School,89,88
31279,Walter Meyers,M,10th,Johnson High School,88,90
31280,Samuel Rich,M,10th,Johnson High School,95,59
31281,Thomas Thomas,M,11th,Johnson High School,78,87
31282,Patrick Miller,M,10th,Johnson High School,90,83
31283,Evan Stevens,M,11th,Johnson High School,89,63
31284,Donald Collins,M,10th,Johnson High School,64,86
31285,Holly Wise,F,11th,Johnson High School,69,93
31286,Matthew Cherry,M,10th,Johnson High School,72,68
31287,Caroline Bird,F,9th,Johnson High School,85,86
31288,Jimmy Rodriguez,M,11th,Johnson High School,95,80
31289,Justin Stephens,M,10th,Johnson High School,79,66
31290,Tamara York,F,11th,Johnson High School,65,71
31291,Christine Martin,F,10th,Johnson High School,88,78
31292,Ashley Evans,F,10th,Johnson High School,90,84
31293,Emily Parker,F,10th,Johnson High School,68,57
31294,Anthony Ford,M,11th,Johnson High School,97,97
31295,Eric Martin,M,11th,Johnson High School,97,60
31296,Tina Glass,F,9th,Johnson High School,66,84
31297,Michael Schaefer,M,9th,Johnson High School,93,74
31298,Christopher Morrison,M,12th,Johnson High School,71,64
31299,Gina Butler,F,11th,Johnson High School,99,56
31300,Angela Rodriguez,F,10th,Johnson High School,84,56
31301,Jennifer Bowman,F,11th,Johnson High School,94,92
31302,Timothy Hanson,M,12th,Johnson High School,94,73
31303,Brooke Jenkins,F,11th,Johnson High School,71,84
31304,Susan Dean,F,9th,Johnson High School,77,85
31305,Cindy Houston,F,10th,Johnson High School,96,91
31306,Emily Dodson,F,10th,Johnson High School,98,96
31307,Alexander Cook,M,10th,Johnson High School,78,89
31308,Fred Williams,M,9th,Johnson High School,93,57
31309,David Ramsey,M,9th,Johnson High School,88,99
31310,Katie Lopez,F,9th,Johnson High School,77,72
31311,Michael Jenkins,M,10th,Johnson High School,98,92
31312,Tanya Torres,F,9th,Johnson High School,64,99
31313,Ashley Murphy,F,10th,Johnson High School,79,77
31314,Cathy Daugherty,F,11th,Johnson High School,89,97
31315,Rachel Huff,F,9th,Johnson High School,81,56
31316,Jon Jackson,M,11th,Johnson High School,72,65
31317,James Cooper,M,12th,Johnson High School,67,78
31318,Victoria Boyd,F,12th,Johnson High School,97,90
31319,Edward Bush,M,9th,Johnson High School,82,70
31320,Donna Kennedy,F,10th,Johnson High School,90,56
31321,Ronald Price,M,11th,Johnson High School,69,96
31322,Michael Cruz,M,11th,Johnson High School,78,91
31323,Bruce Schaefer,M,12th,Johnson High School,89,97
31324,Kyle Jones,M,9th,Johnson High School,65,56
31325,Cathy Solomon,F,9th,Johnson High School,74,96
31326,Hector Harris,M,11th,Johnson High School,90,99
31327,Cassandra Roberts,F,9th,Johnson High School,85,65
31328,Gary Baker,M,9th,Johnson High School,68,65
31329,William Gentry,M,11th,Johnson High School,66,72
31330,Lawrence Spencer,M,10th,Johnson High School,98,69
31331,Ryan Steele,M,11th,Johnson High School,92,99
31332,Kathy Hawkins,F,9th,Johnson High School,96,95
31333,Emily Mann,F,11th,Johnson High School,85,65
31334,Kaitlyn Washington,F,9th,Johnson High School,88,72
31335,James King,M,12th,Johnson High School,63,58
31336,Melinda Stephens,F,11th,Johnson High School,73,96
31337,Brett Daniels,M,12th,Johnson High School,78,95
31338,Julie Palmer,F,12th,Johnson High School,97,75
31339,Gregg Martinez,M,10th,Johnson High School,88,60
31340,Donald Smith,M,10th,Johnson High School,64,76
31341,Joseph Meyer,M,10th,Johnson High School,64,80
31342,Steven Hudson,M,12th,Johnson High School,98,78
31343,Kenneth Bennett,M,10th,Johnson High School,90,88
31344,Annette Myers,F,9th,Johnson High School,94,93
31345,Norma Moore,F,12th,Johnson High School,81,92
31346,Terri Burgess,F,10th,Johnson High School,76,82
31347,Susan Riley,F,11th,Johnson High School,86,73
31348,Beth Burke,F,10th,Johnson High School,73,88
31349,Krystal Rodriguez,F,10th,Johnson High School,66,86
31350,Justin Edwards,M,12th,Johnson High School,96,98
31351,Jordan Peterson,M,11th,Johnson High School,80,59
31352,Megan Gordon,F,10th,Johnson High School,93,66
31353,Kimberly Morris,F,10th,Johnson High School,98,87
31354,Cole Romero,M,9th,Johnson High School,99,97
31355,Kelly Ford,F,11th,Johnson High School,88,69
31356,Edward Baker,M,10th,Johnson High School,79,82
31357,Benjamin Cooke,M,9th,Johnson High School,96,90
31358,Elizabeth Williams,F,12th,Johnson High School,85,94
31359,Laura Moore,F,10th,Johnson High School,88,62
31360,Jennifer Baker,F,9th,Johnson High School,89,79
31361,David Powers,M,10th,Johnson High School,64,78
31362,Shannon Lopez,F,11th,Johnson High School,77,64
31363,Vanessa Brown,F,9th,Johnson High School,69,60
31364,Austin Padilla,M,11th,Johnson High School,86,96
31365,Caitlin Glass,F,12th,Johnson High School,71,85
31366,Richard Price,M,9th,Johnson High School,71,88
31367,Kelly Woods,F,10th,Johnson High School,89,88
31368,Edward Little,M,11th,Johnson High School,79,95
31369,Chelsea Reyes,F,11th,Johnson High School,84,81
31370,Howard Burton,M,10th,Johnson High School,90,98
31371,Joseph Osborne,M,9th,Johnson High School,81,67
31372,Carol Moses,F,11th,Johnson High School,95,98
31373,Joshua Simon,M,11th,Johnson High School,72,86
31374,Robert Spencer,M,11th,Johnson High School,94,61
31375,Tyler Adkins,M,10th,Johnson High School,65,56
31376,Catherine Hawkins,F,12th,Johnson High School,71,74
31377,Jose Gray,M,10th,Johnson High School,95,87
31378,Jennifer Hall,F,10th,Johnson High School,72,67
31379,Harold Smith,M,9th,Johnson High School,74,61
31380,Wayne Shaw,M,10th,Johnson High School,69,92
31381,Pamela Berger,F,11th,Johnson High School,67,81
31382,Robert Kim,M,9th,Johnson High School,85,77
31383,Steven Khan,M,11th,Johnson High School,73,90
31384,Elizabeth Savage,F,12th,Johnson High School,72,61
31385,Reginald Mcgee,M,9th,Johnson High School,97,69
31386,Bruce Mahoney,M,11th,Johnson High School,72,89
31387,Alexander Brown,M,10th,Johnson High School,97,73
31388,Eric Barker,M,12th,Johnson High School,92,74
31389,Karen Huynh,F,11th,Johnson High School,76,78
31390,Miguel Harper,M,11th,Johnson High School,91,76
31391,Robert Manning,M,9th,Johnson High School,88,88
31392,Sara Arnold,F,11th,Johnson High School,73,91
31393,Jamie Kennedy,F,12th,Johnson High School,68,98
31394,Michael Burns,M,9th,Johnson High School,98,56
31395,Robert Jones,M,9th,Johnson High School,91,87
31396,Joseph Jackson,M,10th,Johnson High School,89,56
31397,Edward Roberson,M,9th,Johnson High School,94,67
31398,Miguel White,M,12th,Johnson High School,82,84
31399,Alec Jones,M,11th,Johnson High School,79,74
31400,Aaron Holmes,M,10th,Johnson High School,82,82
31401,Devin Bond,M,10th,Johnson High School,90,98
31402,Jasmine Howard,F,12th,Johnson High School,70,70
31403,Leah Miller,F,12th,Johnson High School,71,72
31404,Mrs. Shannon Gonzalez ,F,9th,Johnson High School,83,99
31405,Frank Chandler,M,11th,Johnson High School,89,85
31406,Rebecca Larson,F,9th,Johnson High School,69,99
31407,Jeffrey Monroe,M,10th,Johnson High School,70,77
31408,Jesse Cruz,M,11th,Johnson High School,81,64
31409,Anna Flores,F,10th,Johnson High School,79,84
31410,Ryan Mccall,M,11th,Johnson High School,72,55
31411,Cathy Shaw,F,9th,Johnson High School,91,94
31412,Kelly Golden,F,9th,Johnson High School,82,72
31413,Alexander Frank,M,9th,Johnson High School,98,91
31414,Nicholas Lewis,M,11th,Johnson High School,83,58
31415,Jesse Fuller,M,11th,Johnson High School,86,75
31416,Elizabeth Lee,F,10th,Johnson High School,92,80
31417,Seth Medina Jr.,M,10th,Johnson High School,76,83
31418,Elizabeth White,F,10th,Johnson High School,90,93
31419,Jesse Parker,M,9th,Johnson High School,80,66
31420,Jessica White,F,10th,Johnson High School,89,78
31421,Donald Lopez,M,11th,Johnson High School,80,60
31422,Jose Rivera,M,9th,Johnson High School,73,81
31423,Betty Raymond ,F,9th,Johnson High School,93,72
31424,Colin Roman,M,9th,Johnson High School,70,90
31425,Douglas Lopez,M,9th,Johnson High School,63,63
31426,Samantha Adams,F,11th,Johnson High School,99,77
31427,Greg Gregory,M,12th,Johnson High School,72,93
31428,Crystal Mcmillan,F,10th,Johnson High School,90,80
31429,Crystal Watson,F,11th,Johnson High School,66,61
31430,Thomas Trujillo,M,11th,Johnson High School,91,55
31431,Aaron Porter,M,10th,Johnson High School,82,69
31432,Stacey Anderson,F,9th,Johnson High School,96,74
31433,Autumn Young,F,11th,Johnson High School,64,64
31434,Juan Carr,M,10th,Johnson High School,80,87
31435,Manuel Mercer,M,10th,Johnson High School,81,71
31436,Robert Rodriguez,M,10th,Johnson High School,74,65
31437,Jose Jensen,M,10th,Johnson High School,86,55
31438,Lisa Lucas,F,9th,Johnson High School,89,86
31439,Kathy Harrison,F,9th,Johnson High School,63,72
31440,Natalie Frank,F,9th,Johnson High School,82,82
31441,David Tanner,M,10th,Johnson High School,63,82
31442,Cindy Smith,F,11th,Johnson High School,83,74
31443,Brianna Gill,F,9th,Johnson High School,80,82
31444,James Melendez,M,10th,Johnson High School,66,93
31445,Elizabeth Washington,F,9th,Johnson High School,94,58
31446,Shannon Dennis,F,12th,Johnson High School,89,92
31447,Troy Hernandez,M,9th,Johnson High School,88,67
31448,Melanie Johnson,F,10th,Johnson High School,72,65
31449,Scott Diaz ,M,9th,Johnson High School,70,68
31450,Mrs. Lindsey White,F,9th,Johnson High School,95,77
31451,Morgan Arias,F,11th,Johnson High School,66,68
31452,Christopher Leach,M,10th,Johnson High School,73,71
31453,Andrew Taylor,M,9th,Johnson High School,70,62
31454,Nancy Mcclure,F,10th,Johnson High School,99,56
31455,Eric Moody,M,9th,Johnson High School,91,55
31456,Heather Johnson,F,10th,Johnson High School,97,66
31457,Michael Clay,M,11th,Johnson High School,78,61
31458,Amanda Green,F,11th,Johnson High School,83,94
31459,Gerald Martinez,M,11th,Johnson High School,83,59
31460,Charles White,M,9th,Johnson High School,79,89
31461,Melissa Carter,F,10th,Johnson High School,98,65
31462,Lisa Lee,F,9th,Johnson High School,75,99
31463,Jenny Moore,F,10th,Johnson High School,68,56
31464,Deanna Vazquez,F,11th,Johnson High School,94,60
31465,David Knox,M,9th,Johnson High School,80,74
31466,Rachel Bradford,F,11th,Johnson High School,91,80
31467,Andrew Thomas,M,9th,Johnson High School,63,83
31468,Jennifer Baxter,F,12th,Johnson High School,69,55
31469,Wayne Potter,M,10th,Johnson High School,75,63
31470,Lisa Gordon,F,11th,Johnson High School,70,87
31471,Matthew Martin,M,11th,Johnson High School,81,56
31472,Ryan Lamb ,M,9th,Johnson High School,77,87
31473,Connor Mccoy,M,12th,Johnson High School,99,87
31474,Walter Miller,M,10th,Johnson High School,64,56
31475,Steven Myers,M,10th,Johnson High School,78,99
31476,Kimberly Phelps,F,11th,Johnson High School,88,68
31477,Mary Sanchez,F,10th,Johnson High School,75,60
31478,Gary Caldwell,M,11th,Johnson High School,79,93
31479,Teresa Henderson,F,9th,Johnson High School,88,79
31480,Lucas Petty,M,11th,Johnson High School,94,62
31481,Frederick Gross,M,9th,Johnson High School,84,57
31482,Michael Key,M,11th,Johnson High School,82,78
31483,Lisa Hansen,F,11th,Johnson High School,66,71
31484,Kelsey Watkins,F,10th,Johnson High School,82,62
31485,David Blackburn,M,9th,Johnson High School,80,99
31486,Amber Graham ,F,12th,Johnson High School,94,82
31487,Cynthia Johnson,F,10th,Johnson High School,82,66
31488,Dana Bishop,F,9th,Johnson High School,75,61
31489,David Hopkins,M,12th,Johnson High School,93,68
31490,Shelby Walker,F,10th,Johnson High School,63,90
31491,Kaitlin Rodriguez,F,11th,Johnson High School,88,55
31492,Christopher Rivera,M,9th,Johnson High School,94,95
31493,Kevin Gaines,M,12th,Johnson High School,82,96
31494,April Burton,F,12th,Johnson High School,85,70
31495,Adrian Johnson,M,9th,Johnson High School,66,94
31496,Joshua Foster,M,9th,Johnson High School,68,60
31497,Ashley Calderon,F,11th,Johnson High School,97,60
31498,Cassandra Evans,F,9th,Johnson High School,97,78
31499,Jerry Ortiz,M,10th,Johnson High School,90,73
31500,Christopher Taylor,M,10th,Johnson High School,94,82
31501,Matthew Snyder,M,12th,Johnson High School,89,89
31502,Daniel Weiss,M,9th,Johnson High School,99,69
31503,Christopher May,M,11th,Johnson High School,82,93
31504,Richard Phillips,M,9th,Johnson High School,77,83
31505,Brandon Mullins,M,11th,Johnson High School,81,60
31506,Anthony Meyers,M,10th,Johnson High School,70,97
31507,Richard Hester,M,9th,Johnson High School,68,56
31508,Meredith Campbell,F,10th,Johnson High School,90,60
31509,Jamie Shelton,M,9th,Johnson High School,78,87
31510,Penny Weeks,F,12th,Johnson High School,97,87
31511,Michael Williams,M,11th,Johnson High School,64,82
31512,Jennifer Wheeler,F,9th,Johnson High School,85,91
31513,Christopher Thomas,M,10th,Johnson High School,96,65
31514,Daniel Graves,M,12th,Johnson High School,95,68
31515,Angela Garrett,F,9th,Johnson High School,65,60
31516,Sandy Flores,F,10th,Johnson High School,94,57
31517,Sarah Allen,F,10th,Johnson High School,66,55
31518,Jordan Jackson,M,11th,Johnson High School,83,80
31519,Sherry Holt,F,11th,Johnson High School,74,73
31520,Christina Price,F,9th,Johnson High School,94,78
31521,Chad Gaines,M,10th,Johnson High School,82,79
31522,Benjamin Kim,M,12th,Johnson High School,75,90
31523,William Nguyen,M,11th,Johnson High School,81,91
31524,Blake Garcia,M,12th,Johnson High School,65,75
31525,Bradley Cunningham,M,9th,Johnson High School,71,60
31526,Theresa Gilbert,F,9th,Johnson High School,89,79
31527,Amy Thomas,F,9th,Johnson High School,81,68
31528,Andrew Garrison,M,12th,Johnson High School,88,92
31529,Laura Zuniga,F,11th,Johnson High School,87,85
31530,Dennis Williams,M,9th,Johnson High School,75,86
31531,Kelly Simmons,M,10th,Johnson High School,79,99
31532,Todd Wilson,M,9th,Johnson High School,81,67
31533,Nicholas Gibson,M,12th,Johnson High School,82,85
31534,Deborah Baker,F,11th,Johnson High School,75,77
31535,Adam Myers,M,11th,Johnson High School,99,98
31536,Tina Jackson,F,10th,Johnson High School,69,83
31537,Jay Martin,M,12th,Johnson High School,70,73
31538,Kelli Nelson,F,9th,Johnson High School,74,81
31539,Jeffrey Ferguson,M,9th,Johnson High School,75,58
31540,Jody Evans,F,9th,Johnson High School,83,81
31541,Mario Ruiz,M,10th,Johnson High School,70,95
31542,Patricia Smith,F,9th,Johnson High School,89,80
31543,Misty Lewis,F,9th,Johnson High School,79,69
31544,Rachel Clayton,F,11th,Johnson High School,74,72
31545,Catherine Boyd,F,9th,Johnson High School,94,91
31546,Cynthia Nichols,F,12th,Johnson High School,79,98
31547,Amy Strickland,F,11th,Johnson High School,83,81
31548,Michael Dalton,M,12th,Johnson High School,68,90
31549,Eric Collins,M,11th,Johnson High School,63,57
31550,Julia Wallace,F,9th,Johnson High School,80,83
31551,Marie Cox,F,9th,Johnson High School,82,58
31552,Gina Rogers,F,11th,Johnson High School,94,69
31553,Hannah Mccall,F,10th,Johnson High School,71,66
31554,Justin Payne,M,10th,Johnson High School,75,94
31555,Lisa Booth,F,12th,Johnson High School,89,95
31556,Michelle Yang,F,9th,Johnson High School,91,72
31557,Megan Prince,F,11th,Johnson High School,96,59
31558,John Fowler,M,10th,Johnson High School,74,72
31559,George Friedman,M,9th,Johnson High School,80,74
31560,Adrienne Norris,F,10th,Johnson High School,76,88
31561,Jerry Adams,M,12th,Johnson High School,79,58
31562,Denise Fowler,F,11th,Johnson High School,79,67
31563,Karen Curry,F,9th,Johnson High School,72,62
31564,William Simpson,M,12th,Johnson High School,88,75
31565,Richard Kennedy,M,9th,Johnson High School,74,90
31566,Shelly Weber,F,10th,Johnson High School,78,73
31567,Mrs. Jennifer Chavez ,F,11th,Johnson High School,83,81
31568,Jennifer Keller,F,10th,Johnson High School,69,90
31569,Nicole Hawkins,F,10th,Johnson High School,81,90
31570,Kristen Henry,F,10th,Johnson High School,68,69
31571,Barbara Banks,F,11th,Johnson High School,84,70
31572,Tyler Hogan,M,12th,Johnson High School,93,93
31573,David Barber,M,11th,Johnson High School,79,69
31574,Brandy Smith,F,9th,Johnson High School,68,65
31575,Susan Montgomery,F,10th,Johnson High School,84,98
31576,Christopher Fields,M,10th,Johnson High School,82,99
31577,Michael Harris,M,12th,Johnson High School,76,97
31578,Jaime Gillespie,F,12th,Johnson High School,90,73
31579,Zachary Hernandez,M,10th,Johnson High School,69,64
31580,Kathy Robertson,F,10th,Johnson High School,85,89
31581,Lori Rios,F,9th,Johnson High School,94,72
31582,Matthew West,M,10th,Johnson High School,84,83
31583,Scott Hansen,M,11th,Johnson High School,98,67
31584,Antonio Willis,M,10th,Johnson High School,83,62
31585,Denise Mooney,F,10th,Johnson High School,64,92
31586,Carrie Raymond,F,11th,Johnson High School,72,70
31587,Tracy Davis,F,12th,Johnson High School,93,55
31588,Amanda Chaney,F,9th,Johnson High School,86,85
31589,Madison Hill,F,11th,Johnson High School,93,57
31590,Darren Mccall,M,9th,Johnson High School,72,59
31591,William Nguyen,M,9th,Johnson High School,65,71
31592,Roger Valdez,M,9th,Johnson High School,77,55
31593,Casey Olson,M,12th,Johnson High School,96,70
31594,Todd Webster,M,9th,Johnson High School,84,93
31595,Greg Harper,M,9th,Johnson High School,67,69
31596,Jeffrey Phillips,M,12th,Johnson High School,95,58
31597,Matthew Velasquez,M,11th,Johnson High School,97,63
31598,Jason Wright,M,12th,Johnson High School,98,87
31599,Lisa Watson,F,9th,Johnson High School,91,92
31600,Patrick Allen,M,11th,Johnson High School,87,70
31601,Devon Kim,M,10th,Johnson High School,97,59
31602,Dakota Singleton,M,12th,Johnson High School,82,67
31603,Katrina Weaver,F,12th,Johnson High School,79,67
31604,Steve Wood,M,11th,Johnson High School,93,81
31605,Jacqueline Wheeler,F,12th,Johnson High School,90,61
31606,Tiffany Stewart,F,9th,Johnson High School,79,55
31607,Robert Norris,M,10th,Johnson High School,94,56
31608,Cassandra Cole,F,12th,Johnson High School,76,69
31609,Christian Colon,M,9th,Johnson High School,94,87
31610,Alex Smith,M,11th,Johnson High School,72,80
31611,Kimberly Gonzalez,F,10th,Johnson High School,81,73
31612,Becky Aguilar ,F,9th,Johnson High School,74,69
31613,Jennifer Silva,F,10th,Johnson High School,66,67
31614,Latoya Nelson,F,9th,Johnson High School,73,61
31615,Cole Coleman,M,11th,Johnson High School,93,71
31616,Zachary Manning,M,10th,Johnson High School,79,98
31617,Joshua Holmes,M,12th,Johnson High School,67,57
31618,Nancy Jackson,F,10th,Johnson High School,84,89
31619,Allen Roberson,M,11th,Johnson High School,70,85
31620,Sharon Stevens,F,11th,Johnson High School,82,59
31621,April Thompson,F,9th,Johnson High School,77,72
31622,Mrs. Lisa Vargas ,F,11th,Johnson High School,98,85
31623,Sarah Reynolds,F,9th,Johnson High School,66,91
31624,Stephanie Peterson,F,9th,Johnson High School,63,68
31625,Stephanie Bowman,F,9th,Johnson High School,91,58
31626,Paul Barrett,M,10th,Johnson High School,89,99
31627,Donald Franco,M,9th,Johnson High School,81,75
31628,Luis Silva,M,12th,Johnson High School,72,86
31629,Mikayla Hendricks,F,11th,Johnson High School,86,93
31630,Mike Burns,M,9th,Johnson High School,88,77
31631,Leslie Ritter,F,11th,Johnson High School,90,72
31632,Joseph Mclaughlin,M,10th,Johnson High School,97,89
31633,Maria Davis,F,10th,Johnson High School,85,80
31634,Joseph Martin,M,11th,Johnson High School,73,94
31635,David Taylor,M,12th,Johnson High School,72,68
31636,Melissa Greene,F,10th,Johnson High School,99,60
31637,Julie Allison,F,9th,Johnson High School,98,67
31638,Brian Dudley,M,11th,Johnson High School,66,79
31639,Desiree Moreno,F,11th,Johnson High School,75,66
31640,Edward Perez,M,9th,Johnson High School,97,62
31641,Jacqueline Hill,F,11th,Johnson High School,93,82
31642,Jesse Colon,M,12th,Johnson High School,98,86
31643,Richard Cameron,M,11th,Johnson High School,73,61
31644,Sandra Ford,F,9th,Johnson High School,69,62
31645,James Beck,M,9th,Johnson High School,72,85
31646,Taylor Morris,F,9th,Johnson High School,78,59
31647,Alexandria Savage,F,12th,Johnson High School,93,91
31648,Brian Christensen,M,10th,Johnson High School,79,90
31649,Nicole Williams,F,10th,Johnson High School,73,72
31650,Kelly Norton,F,11th,Johnson High School,88,97
31651,Laura Lucero,F,10th,Johnson High School,95,60
31652,Amy Clayton,F,10th,Johnson High School,73,76
31653,Joan Alexander,F,12th,Johnson High School,69,96
31654,Rachel Owens,F,9th,Johnson High School,76,57
31655,Jon Reynolds,M,12th,Johnson High School,90,86
31656,Nicole Green,F,11th,Johnson High School,80,63
31657,William Martinez,M,10th,Johnson High School,95,58
31658,Suzanne Jacobs,F,10th,Johnson High School,99,87
31659,Brian Smith,M,9th,Johnson High School,63,71
31660,Deborah Cooper,F,9th,Johnson High School,94,64
31661,Bridget Peterson,F,11th,Johnson High School,77,60
31662,Paul Stevens,M,9th,Johnson High School,69,56
31663,Jaclyn Morton,F,9th,Johnson High School,97,67
31664,Brandi Gordon,F,12th,Johnson High School,69,65
31665,Christopher Wilson,M,10th,Johnson High School,86,87
31666,Linda Esparza,F,12th,Johnson High School,70,75
31667,Douglas Benjamin,M,10th,Johnson High School,71,55
31668,Lindsay May,F,10th,Johnson High School,99,76
31669,Jennifer Wallace,F,11th,Johnson High School,76,60
31670,Ronald Obrien,M,9th,Johnson High School,89,98
31671,Larry Green,M,12th,Johnson High School,91,81
31672,Kelly Rowe,F,10th,Johnson High School,89,77
31673,Kenneth Vega,M,9th,Johnson High School,83,60
31674,Brittney Anthony,F,11th,Johnson High School,82,80
31675,Brittany Gross,F,10th,Johnson High School,92,91
31676,Sydney Bradshaw,F,11th,Johnson High School,64,77
31677,Charles Riley,M,11th,Johnson High School,66,61
31678,Jacqueline Torres,F,10th,Johnson High School,91,85
31679,Aaron Figueroa,M,11th,Johnson High School,79,66
31680,Joel Pratt,M,9th,Johnson High School,77,68
31681,Christopher Castro,M,10th,Johnson High School,72,58
31682,James Gallagher,M,11th,Johnson High School,98,89
31683,Megan Benton,F,9th,Johnson High School,75,70
31684,April Lucas,F,12th,Johnson High School,65,65
31685,Jordan Bell,M,9th,Johnson High School,85,96
31686,Debra Lindsey,F,12th,Johnson High School,76,86
31687,John Wagner,M,11th,Johnson High School,69,60
31688,Gavin Gilbert,M,12th,Johnson High School,92,55
31689,Jeffrey Anderson,M,9th,Johnson High School,75,59
31690,Joshua Lee,M,11th,Johnson High School,82,86
31691,Richard Garcia,M,11th,Johnson High School,63,68
31692,Cassandra Becker,F,10th,Johnson High School,71,59
31693,Terri Kemp,F,9th,Johnson High School,94,84
31694,Cathy Valencia,F,11th,Johnson High School,96,96
31695,Jeffery Fritz,M,11th,Johnson High School,70,98
31696,Teresa Hill,F,12th,Johnson High School,87,79
31697,Daniel Nelson,M,10th,Johnson High School,95,74
31698,Kelsey Anderson,F,11th,Johnson High School,86,98
31699,Melissa Walker,F,9th,Johnson High School,69,64
31700,Jennifer Murphy,F,12th,Johnson High School,97,60
31701,Ryan Fry,M,9th,Johnson High School,79,86
31702,Karen Serrano,F,9th,Johnson High School,68,97
31703,Joseph Oconnor,M,10th,Johnson High School,95,63
31704,Rachel Brown,F,11th,Johnson High School,93,98
31705,Daniel Washington,M,10th,Johnson High School,99,72
31706,Kristen Hill,F,10th,Johnson High School,92,83
31707,Gary Terry,M,10th,Johnson High School,85,73
31708,Linda Price,F,10th,Johnson High School,91,77
31709,Nancy Strickland,F,9th,Johnson High School,96,94
31710,Shirley Johnson,F,10th,Johnson High School,73,78
31711,Matthew Chang,M,9th,Johnson High School,98,80
31712,Catherine Galvan,F,12th,Johnson High School,72,77
31713,Michael Jackson,M,11th,Johnson High School,74,64
31714,Kristina Martinez,F,10th,Johnson High School,90,97
31715,Rebecca Pacheco,F,9th,Johnson High School,81,84
31716,Gabriel Watson,M,9th,Johnson High School,75,75
31717,Linda Williams,F,10th,Johnson High School,71,63
31718,Curtis Williams,M,11th,Johnson High School,92,61
31719,Donald Carter,M,10th,Johnson High School,87,94
31720,Jon Meyers,M,10th,Johnson High School,92,90
31721,Rebecca Thomas,F,9th,Johnson High School,91,66
31722,Eduardo Bradford,M,11th,Johnson High School,86,72
31723,Diana Nguyen,F,9th,Johnson High School,69,74
31724,Matthew Liu,M,11th,Johnson High School,84,82
31725,Rebekah Gonzalez,F,11th,Johnson High School,75,81
31726,Beth Hunt,F,9th,Johnson High School,66,81
31727,Robert Frazier ,M,9th,Johnson High School,90,73
31728,Victoria Abbott,F,9th,Johnson High School,84,89
31729,Michael Sandoval,M,11th,Johnson High School,86,58
31730,Kim Cooper,F,11th,Johnson High School,88,78
31731,Jennifer Decker,F,9th,Johnson High School,78,57
31732,Ashley Garcia,F,9th,Johnson High School,93,81
31733,Michael Mercer,M,10th,Johnson High School,63,67
31734,Emma Blair,F,9th,Johnson High School,87,64
31735,Elizabeth Horton,F,10th,Johnson High School,74,87
31736,Daniel Holmes,M,10th,Johnson High School,79,60
31737,Scott Davis,M,10th,Johnson High School,73,56
31738,Mrs. Jennifer Kelly,F,9th,Johnson High School,83,55
31739,Richard Curry PhD,M,10th,Johnson High School,86,59
31740,Jade Miller,F,9th,Johnson High School,69,78
31741,Ethan Morales,M,11th,Johnson High School,79,70
31742,Kimberly Hunt,F,9th,Johnson High School,85,82
31743,Janice Ballard,F,11th,Johnson High School,86,89
31744,Alan Arnold,M,9th,Johnson High School,70,55
31745,David Smith,M,11th,Johnson High School,68,97
31746,Nicole Sparks,F,11th,Johnson High School,92,63
31747,Jesse Davis,M,9th,Johnson High School,81,96
31748,Brian Thornton,M,9th,Johnson High School,73,67
31749,Jessica Miller,F,12th,Johnson High School,95,80
31750,Jenny Stanley,F,11th,Johnson High School,66,78
31751,Andrea Jones,F,11th,Johnson High School,87,80
31752,Bruce Thomas,M,11th,Johnson High School,89,90
31753,Mrs. Anna Perez,F,10th,Johnson High School,70,62
31754,Alison Russell,F,12th,Johnson High School,96,84
31755,Keith Gomez ,M,10th,Johnson High School,63,58
31756,Richard Rodgers,M,9th,Johnson High School,68,96
31757,Jacob Leblanc,M,9th,Johnson High School,71,72
31758,Cynthia Bowen,F,9th,Johnson High School,91,79
31759,Francis Pruitt,M,12th,Johnson High School,97,74
31760,Emily Mcdowell,F,10th,Johnson High School,64,71
31761,Alex Hernandez,M,10th,Johnson High School,94,62
31762,Jamie Glover,M,10th,Johnson High School,79,78
31763,Michael Woods,M,11th,Johnson High School,86,78
31764,Diane Rodriguez,F,9th,Johnson High School,79,55
31765,Angelica Clark,F,12th,Johnson High School,73,85
31766,Samuel Nelson,M,10th,Johnson High School,92,71
31767,Marie Taylor,F,11th,Johnson High School,65,82
31768,Bonnie Krueger,F,12th,Johnson High School,98,90
31769,Laurie Brewer,F,12th,Johnson High School,72,76
31770,Amy Rice,F,11th,Johnson High School,92,62
31771,Annette Fisher,F,12th,Johnson High School,92,77
31772,Anthony Carlson Jr.,M,9th,Johnson High School,85,58
31773,Anthony Maldonado,M,11th,Johnson High School,68,58
31774,Jessica Brown,F,9th,Johnson High School,97,64
31775,Erin Clark,F,10th,Johnson High School,63,89
31776,Nicole Smith,F,10th,Johnson High School,88,90
31777,Robert Hess,M,9th,Johnson High School,97,86
31778,John Bray,M,10th,Johnson High School,77,92
31779,Mark Weber,M,9th,Johnson High School,65,75
31780,Katherine Smith,F,12th,Johnson High School,89,74
31781,John Roberts,M,12th,Johnson High School,94,74
31782,Joshua Jackson,M,10th,Johnson High School,66,60
31783,Nicholas Lee,M,9th,Johnson High School,94,68
31784,Alice Cruz,F,9th,Johnson High School,70,68
31785,Gregory Hartman,M,12th,Johnson High School,73,94
31786,Jennifer Mckenzie,F,9th,Johnson High School,88,87
31787,Katherine Howell,F,10th,Johnson High School,84,99
31788,Angel Mills,M,12th,Johnson High School,82,70
31789,Chad Miller,M,11th,Johnson High School,81,84
31790,Calvin Shelton,M,11th,Johnson High School,81,75
31791,Ryan Thompson,M,9th,Johnson High School,65,55
31792,Melissa Fry,F,9th,Johnson High School,77,98
31793,Chelsea Tucker,F,10th,Johnson High School,81,94
31794,Adam Moore,M,11th,Johnson High School,65,65
31795,Rachel Valdez,F,10th,Johnson High School,95,71
31796,Kelly Smith,F,12th,Johnson High School,96,74
31797,Richard Moyer,M,9th,Johnson High School,81,94
31798,Crystal Evans,F,10th,Johnson High School,80,83
31799,Teresa Soto,F,9th,Johnson High School,81,95
31800,Kyle Ramirez,M,10th,Johnson High School,64,59
31801,Michael Ellis,M,11th,Johnson High School,82,81
31802,Thomas Watkins,M,12th,Johnson High School,91,74
31803,Joshua Brown,M,9th,Johnson High School,98,95
31804,Loretta Mills,F,9th,Johnson High School,84,78
31805,Andrew Morales,M,10th,Johnson High School,66,87
31806,Kevin Thomas,M,10th,Johnson High School,89,97
31807,Lisa Bird,F,11th,Johnson High School,72,93
31808,Samuel Ross,M,12th,Johnson High School,64,98
31809,Daniel Johnson,M,9th,Johnson High School,74,81
31810,Timothy Hartman,M,12th,Johnson High School,85,98
31811,Jack Price,M,11th,Johnson High School,72,98
31812,Andres Flores,M,11th,Johnson High School,66,98
31813,Crystal Pitts,F,12th,Johnson High School,86,96
31814,Samantha Parker,F,10th,Johnson High School,64,72
31815,Pedro Aguilar,M,12th,Johnson High School,76,98
31816,Richard Murphy,M,11th,Johnson High School,95,97
31817,Kyle Benson,M,12th,Johnson High School,91,65
31818,Carol Burke,F,9th,Johnson High School,71,60
31819,Kimberly Ruiz,F,11th,Johnson High School,89,93
31820,Marc Ayers,M,9th,Johnson High School,84,95
31821,Dana Nguyen,F,9th,Johnson High School,93,63
31822,Shannon Nelson,M,11th,Johnson High School,65,83
31823,Mason Kim,M,10th,Johnson High School,79,72
31824,John Mosley,M,10th,Johnson High School,98,62
31825,Vanessa Case,F,10th,Johnson High School,68,76
31826,Carlos Henderson,M,11th,Johnson High School,91,99
31827,Paul Nelson,M,9th,Johnson High School,80,77
31828,Danielle Miller,F,11th,Johnson High School,96,63
31829,James Dillon,M,11th,Johnson High School,68,74
31830,Donald Butler,M,11th,Johnson High School,88,85
31831,Courtney Sellers,F,9th,Johnson High School,96,57
31832,Jason Benton,M,9th,Johnson High School,74,82
31833,Cynthia Mooney,F,12th,Johnson High School,76,88
31834,Ricky Smith,M,11th,Johnson High School,91,94
31835,Sarah Steele,F,9th,Johnson High School,76,59
31836,Taylor Poole,F,12th,Johnson High School,86,99
31837,Craig Garcia,M,9th,Johnson High School,87,55
31838,Jessica Booth,F,11th,Johnson High School,84,92
31839,Jessica Schroeder,F,9th,Johnson High School,99,99
31840,Nathan Brooks,M,11th,Johnson High School,78,62
31841,Joshua Carter,M,9th,Johnson High School,66,78
31842,Bonnie Woods,F,10th,Johnson High School,70,80
31843,Patricia Stone,F,11th,Johnson High School,86,96
31844,Laura Hurst,F,11th,Johnson High School,73,79
31845,Nicole Ortiz,F,9th,Johnson High School,98,98
31846,Anita Hamilton,F,12th,Johnson High School,66,73
31847,Tara Turner,F,11th,Johnson High School,81,93
31848,Ashley Bowen,F,11th,Johnson High School,72,94
31849,Nicole Bailey,F,9th,Johnson High School,81,62
31850,Lance Mcdonald,M,11th,Johnson High School,73,69
31851,Richard Jones,M,11th,Johnson High School,74,55
31852,Elijah Bowers,M,10th,Johnson High School,81,74
31853,Darrell Dunlap,M,9th,Johnson High School,74,76
31854,Ricky Lee,M,11th,Johnson High School,98,67
31855,Christine Long,F,12th,Johnson High School,87,67
31856,Deanna Mills,F,9th,Johnson High School,64,86
31857,Bill Dennis,M,12th,Johnson High School,77,82
31858,Dustin Brooks,M,9th,Johnson High School,80,92
31859,Mark White,M,10th,Johnson High School,78,99
31860,Adam Harmon,M,10th,Johnson High School,77,91
31861,Sara Dillon,F,10th,Johnson High School,91,68
31862,Joshua Perkins,M,9th,Johnson High School,95,77
31863,Gregory Clay,M,9th,Johnson High School,78,75
31864,April Carlson,F,12th,Johnson High School,83,62
31865,Daniel Wagner,M,9th,Johnson High School,74,65
31866,Anthony Lawrence,M,9th,Johnson High School,74,84
31867,Christina Martin,F,9th,Johnson High School,63,66
31868,Alejandra Huff,F,12th,Johnson High School,93,96
31869,Kelly Rivera,F,11th,Johnson High School,70,99
31870,Janice Hart,F,9th,Johnson High School,64,82
31871,Tyler Gamble,M,10th,Johnson High School,83,94
31872,Mark Aguilar,M,9th,Johnson High School,88,92
31873,Cheryl Davidson,F,12th,Johnson High School,90,79
31874,Matthew Taylor,M,12th,Johnson High School,70,83
31875,Michael Medina,M,12th,Johnson High School,92,59
31876,George Anderson,M,10th,Johnson High School,66,97
31877,Paula Stewart,F,12th,Johnson High School,99,69
31878,Richard Wong,M,10th,Johnson High School,84,65
31879,Kristina Hansen,F,9th,Johnson High School,87,98
31880,Felicia Alexander,F,12th,Johnson High School,63,68
31881,Natalie Martinez,F,12th,Johnson High School,66,87
31882,Lisa Gibson,F,11th,Johnson High School,81,55
31883,Connie Velez,F,12th,Johnson High School,83,80
31884,Anne Turner,F,11th,Johnson High School,68,90
31885,Lindsey Scott,F,11th,Johnson High School,78,86
31886,Carly Gordon,F,9th,Johnson High School,80,85
31887,Christopher Davenport,M,10th,Johnson High School,82,67
31888,Benjamin Holland,M,11th,Johnson High School,92,56
31889,Theresa Young,F,9th,Johnson High School,75,98
31890,Danielle Hughes,F,12th,Johnson High School,78,82
31891,Whitney Smith,F,11th,Johnson High School,93,70
31892,Gina Hampton,F,12th,Johnson High School,66,93
31893,Thomas Franklin,M,12th,Johnson High School,79,81
31894,Andrea Summers,F,9th,Johnson High School,72,66
31895,John Moore,M,10th,Johnson High School,77,78
31896,Heidi Roberts,F,10th,Johnson High School,70,95
31897,Jake Williams,M,11th,Johnson High School,81,57
31898,Rebecca Miller,F,12th,Johnson High School,97,92
31899,Jesse Pham,M,11th,Johnson High School,78,85
31900,Jamie Johnson,F,11th,Johnson High School,97,57
31901,James Conner,M,9th,Johnson High School,94,85
31902,Lisa Brown,F,9th,Johnson High School,70,81
31903,Caitlin Miller,F,11th,Johnson High School,64,66
31904,Bradley Rodgers,M,11th,Johnson High School,70,55
31905,Jonathan Mccoy,M,11th,Johnson High School,99,65
31906,Jocelyn Perry,F,11th,Johnson High School,72,73
31907,David Meyer,M,11th,Johnson High School,93,65
31908,Richard Ramos,M,11th,Johnson High School,75,83
31909,Brendan Love,M,10th,Johnson High School,82,82
31910,Autumn Moore,F,10th,Johnson High School,80,70
31911,Gabrielle Lambert,F,10th,Johnson High School,98,72
31912,Victoria Jones,F,12th,Johnson High School,78,72
31913,Patrick Hester,M,12th,Johnson High School,64,61
31914,Laura Douglas,F,11th,Johnson High School,73,70
31915,Kathy Duffy,F,11th,Johnson High School,88,84
31916,Benjamin Fisher,M,12th,Johnson High School,93,83
31917,Michael Keller,M,9th,Johnson High School,93,66
31918,Mary Barrett,F,12th,Johnson High School,63,97
31919,Eric King,M,11th,Johnson High School,88,59
31920,Stephanie Pacheco,F,11th,Johnson High School,89,74
31921,Angela Martin,F,12th,Johnson High School,95,67
31922,Abigail Gallagher,F,9th,Johnson High School,71,65
31923,Victoria Johnston,F,12th,Johnson High School,68,91
31924,Pamela Bush,F,11th,Johnson High School,84,73
31925,Mary Estes,F,11th,Johnson High School,87,58
31926,Angela Johnson,F,11th,Johnson High School,67,75
31927,Crystal Price,F,12th,Johnson High School,79,79
31928,Willie Rodriguez,M,9th,Johnson High School,92,77
31929,William Clark,M,10th,Johnson High School,88,84
31930,Suzanne Reeves,F,11th,Johnson High School,95,57
31931,Erin Riggs,F,11th,Johnson High School,83,96
31932,Cameron Pierce,M,9th,Johnson High School,64,63
31933,James Thompson,M,10th,Johnson High School,69,86
31934,Joe Ford,M,9th,Johnson High School,86,89
31935,Jennifer Cross,F,9th,Johnson High School,73,60
31936,Angel Smith,M,9th,Johnson High School,66,98
31937,Richard Aguirre,M,10th,Johnson High School,97,66
31938,Mark White,M,9th,Johnson High School,95,84
31939,Dakota Thomas,M,9th,Johnson High School,90,87
31940,Daniel Newman,M,9th,Johnson High School,70,61
31941,Hunter Dunn,M,9th,Johnson High School,85,99
31942,William Bishop,M,10th,Johnson High School,66,89
31943,Brian Martinez,M,10th,Johnson High School,80,82
31944,Jordan Hodges,M,9th,Johnson High School,69,93
31945,Cassie Martinez,F,10th,Johnson High School,97,89
31946,Emily Bailey,F,9th,Johnson High School,66,73
31947,Samuel Brown,M,12th,Johnson High School,85,88
31948,Jose Lopez,M,12th,Johnson High School,64,93
31949,Madeline Morton,F,9th,Johnson High School,76,74
31950,Carl Flores,M,10th,Johnson High School,67,74
31951,Jason Mcclure,M,10th,Johnson High School,97,62
31952,Kevin Howe,M,10th,Johnson High School,98,73
31953,Tyler Hutchinson,M,11th,Johnson High School,94,81
31954,Denise Nelson,F,12th,Johnson High School,83,93
31955,Robert Johnson,M,9th,Johnson High School,82,57
31956,Lori Owens,F,9th,Johnson High School,90,71
31957,Suzanne Simmons,F,12th,Johnson High School,90,83
31958,Cynthia Adams,F,11th,Johnson High School,69,65
31959,Michelle Parker,F,10th,Johnson High School,91,70
31960,Megan Mcdaniel,F,11th,Johnson High School,91,56
31961,Robert Harvey,M,11th,Johnson High School,84,73
31962,Tamara Nguyen,F,10th,Johnson High School,77,60
31963,Jennifer Martin,F,10th,Johnson High School,80,65
31964,Catherine Barrera,F,10th,Johnson High School,99,81
31965,Bryan Fox,M,11th,Johnson High School,98,74
31966,Jasmine Young,F,11th,Johnson High School,87,71
31967,Zachary Baker,M,9th,Johnson High School,90,60
31968,Timothy Villarreal,M,10th,Johnson High School,93,88
31969,Jordan Avery,M,10th,Johnson High School,71,60
31970,Michael Kelly,M,9th,Johnson High School,92,77
31971,Zachary Whitney,M,10th,Johnson High School,82,87
31972,Gina Williams,F,12th,Johnson High School,73,83
31973,Jeremy James,M,9th,Johnson High School,64,67
31974,Lori Bailey,F,12th,Johnson High School,96,60
31975,Janet Donaldson,F,10th,Johnson High School,74,74
31976,Kevin Guzman,M,12th,Johnson High School,92,98
31977,Logan Miller,M,9th,Johnson High School,63,61
31978,Ryan Carter,M,11th,Johnson High School,85,78
31979,Mrs. Rhonda Bradley,F,12th,Johnson High School,86,80
31980,Kimberly Martin ,F,10th,Johnson High School,92,73
31981,Michael Woodward,M,10th,Johnson High School,68,90
31982,Julie Cook,F,12th,Johnson High School,70,81
31983,Pamela Johnson,F,10th,Johnson High School,83,79
31984,Brandon Walker,M,10th,Johnson High School,89,86
31985,Jennifer Jensen,F,9th,Johnson High School,76,84
31986,Jamie Spencer,M,11th,Johnson High School,81,57
31987,Brittany Lewis,F,9th,Johnson High School,75,75
31988,Jill Walker,F,11th,Johnson High School,97,98
31989,Thomas Crawford,M,9th,Johnson High School,86,87
31990,Amanda Morris,F,10th,Johnson High School,99,85
31991,Kelli Copeland,F,11th,Johnson High School,77,58
31992,Tracey Evans,F,9th,Johnson High School,82,69
31993,Kevin Arroyo,M,9th,Johnson High School,67,93
31994,Elizabeth Brown,F,9th,Johnson High School,69,75
31995,Tammy Hernandez,F,9th,Johnson High School,75,82
31996,Jeffrey Neal,M,11th,Johnson High School,63,96
31997,Jacqueline Smith,F,11th,Johnson High School,72,76
31998,Ann Velasquez,F,10th,Johnson High School,75,73
31999,Amy Johnson,F,10th,Johnson High School,76,55
32000,William Joseph,M,10th,Johnson High School,71,87
32001,David Payne,M,11th,Johnson High School,91,99
32002,William Hawkins,M,9th,Johnson High School,86,90
32003,Ryan Martinez ,M,12th,Johnson High School,73,77
32004,Tracy Flores,F,9th,Johnson High School,95,87
32005,Angela Stafford,F,11th,Johnson High School,80,77
32006,Nathaniel Dennis,M,9th,Johnson High School,64,86
32007,Evan Jackson,M,9th,Johnson High School,74,64
32008,Virginia Miller,F,10th,Johnson High School,88,80
32009,Jennifer Adams,F,9th,Johnson High School,97,57
32010,Allison Dominguez,F,11th,Johnson High School,90,67
32011,Micheal Hanson,M,11th,Johnson High School,87,68
32012,Keith Walker,M,10th,Johnson High School,67,72
32013,Latasha Thomas ,F,12th,Johnson High School,73,86
32014,Laura Hobbs,F,12th,Johnson High School,81,60
32015,Andrew Pham,M,12th,Johnson High School,99,65
32016,Jason Jackson,M,11th,Johnson High School,74,70
32017,Mckenzie Webb,F,11th,Johnson High School,88,91
32018,Mrs. Tamara Burns,F,12th,Johnson High School,87,81
32019,Cory Nguyen,M,12th,Johnson High School,70,65
32020,William Diaz,M,12th,Johnson High School,89,83
32021,John Dominguez,M,9th,Johnson High School,68,72
32022,Samantha Miller,F,9th,Johnson High School,91,79
32023,Kevin Kirk,M,10th,Johnson High School,92,65
32024,Omar Miller,M,10th,Johnson High School,75,62
32025,Kelly Harris,F,11th,Johnson High School,72,68
32026,Nicole Anderson,F,10th,Johnson High School,99,83
32027,Andrea Dawson ,F,10th,Johnson High School,88,96
32028,Daniel Johnson,M,9th,Johnson High School,90,88
32029,Gabriel Wilson,M,11th,Johnson High School,91,65
32030,Stephen Houston,M,9th,Johnson High School,68,83
32031,John Cervantes,M,11th,Johnson High School,99,56
32032,Stephanie Howard,F,9th,Johnson High School,65,78
32033,James Edwards,M,10th,Johnson High School,82,60
32034,Tara Wilson,F,9th,Johnson High School,92,76
32035,Tyler Austin,M,9th,Johnson High School,74,93
32036,Timothy Ward,M,9th,Johnson High School,99,68
32037,Kim Reynolds,F,10th,Johnson High School,73,99
32038,Jose Perez,M,10th,Johnson High School,92,97
32039,Mark Porter,M,10th,Johnson High School,83,83
32040,Molly Wilson,F,9th,Johnson High School,73,63
32041,Patricia Rowe,F,10th,Johnson High School,88,75
32042,Kathryn Collier,F,12th,Johnson High School,80,92
32043,Vanessa Velasquez,F,12th,Johnson High School,65,94
32044,Abigail Brown,F,12th,Johnson High School,72,59
32045,Lisa Mullins,F,10th,Johnson High School,85,83
32046,Richard Perez,M,10th,Johnson High School,75,72
32047,Jeffrey Russell,M,12th,Johnson High School,76,97
32048,Dominique Smith,F,12th,Johnson High School,70,93
32049,Melissa Holt,F,10th,Johnson High School,67,99
32050,Michelle Bryant,F,12th,Johnson High School,63,56
32051,Terry Henderson,M,10th,Johnson High School,86,55
32052,Michael Kim,M,10th,Johnson High School,83,92
32053,Daniel Harrison,M,12th,Johnson High School,85,62
32054,Amber Gonzalez,F,9th,Johnson High School,72,79
32055,Andrew Hahn,M,12th,Johnson High School,68,88
32056,Thomas Becker,M,9th,Johnson High School,66,78
32057,Amy Robinson,F,11th,Johnson High School,76,75
32058,Lauren Smith ,F,12th,Johnson High School,64,66
32059,Erica Cox,F,11th,Johnson High School,70,94
32060,Erin Roberts,F,9th,Johnson High School,73,82
32061,Carol Olsen,F,10th,Johnson High School,80,60
32062,Tyler Lamb,M,10th,Johnson High School,71,66
32063,Brandon Pierce,M,9th,Johnson High School,73,63
32064,Gary Gonzales,M,12th,Johnson High School,86,71
32065,Daniel Sanchez,M,9th,Johnson High School,67,69
32066,Charles Garcia,M,11th,Johnson High School,95,71
32067,Sydney White,F,11th,Johnson High School,76,88
32068,James Chase,M,10th,Johnson High School,87,55
32069,Michelle Lawson,F,12th,Johnson High School,98,98
32070,Scott Brooks,M,9th,Johnson High School,95,62
32071,Jose Robinson,M,12th,Johnson High School,92,62
32072,Susan Buchanan,F,11th,Johnson High School,89,75
32073,Renee Ferrell,F,11th,Johnson High School,68,86
32074,Paul Paul,M,11th,Johnson High School,72,63
32075,Shane Boyle,M,9th,Johnson High School,91,68
32076,Micheal Fuentes,M,9th,Johnson High School,85,69
32077,Ariel Williams,F,11th,Johnson High School,73,95
32078,Stephen Green,M,10th,Johnson High School,63,78
32079,Jessica Luna,F,11th,Johnson High School,75,87
32080,Terri Wilson,F,12th,Johnson High School,75,97
32081,Zachary Dillon,M,11th,Johnson High School,96,93
32082,Caitlin Henry,F,11th,Johnson High School,80,92
32083,James Walker,M,11th,Johnson High School,87,79
32084,Thomas Edwards,M,12th,Johnson High School,91,78
32085,Nicole Brady,F,10th,Johnson High School,99,74
32086,Jason Sexton,M,9th,Johnson High School,94,80
32087,Fernando Spence,M,9th,Johnson High School,82,67
32088,Erik Washington,M,12th,Johnson High School,63,99
32089,Chase Miller,M,11th,Johnson High School,91,66
32090,Wyatt Hoffman ,M,10th,Johnson High School,77,85
32091,Kathy Bailey,F,12th,Johnson High School,68,87
32092,Tammy Ward,F,12th,Johnson High School,81,67
32093,Christopher Edwards,M,11th,Johnson High School,64,89
32094,Courtney Burns,F,11th,Johnson High School,99,74
32095,Preston Cruz,M,9th,Johnson High School,90,69
32096,Donald Klein,M,12th,Johnson High School,98,96
32097,Michelle May,F,10th,Johnson High School,94,77
32098,Shelly Watson,F,9th,Johnson High School,83,76
32099,Shannon Hamilton,F,9th,Johnson High School,84,90
32100,Erin Hill,F,11th,Johnson High School,63,64
32101,Grace Fleming,F,9th,Johnson High School,93,70
32102,Robert Swanson,M,11th,Johnson High School,85,66
32103,Grace Shelton,F,12th,Johnson High School,98,86
32104,Laura Medina,F,12th,Johnson High School,95,71
32105,Jason Herrera,M,9th,Johnson High School,92,86
32106,Erin Barr,F,11th,Johnson High School,73,56
32107,Tonya Johnson,F,9th,Johnson High School,63,74
32108,George Williams,M,10th,Johnson High School,75,82
32109,Jose Newton,M,10th,Johnson High School,95,91
32110,Jose Smith,M,11th,Johnson High School,99,66
32111,Melvin Parker,M,11th,Johnson High School,92,63
32112,Anthony Ramirez,M,9th,Johnson High School,79,56
32113,Joshua Walker,M,9th,Johnson High School,97,99
32114,Jared Padilla,M,9th,Johnson High School,98,94
32115,Regina Mendoza,F,11th,Johnson High School,86,65
32116,Sherri Donovan,F,11th,Johnson High School,89,82
32117,Andrew Peterson,M,10th,Johnson High School,91,89
32118,Jorge Smith,M,10th,Johnson High School,94,96
32119,Jennifer Morgan,F,9th,Johnson High School,80,92
32120,Shaun Jacobs,M,11th,Johnson High School,95,72
32121,Joshua Long,M,12th,Johnson High School,75,60
32122,Chelsea Figueroa,F,10th,Johnson High School,74,67
32123,Molly Cook,F,10th,Johnson High School,96,59
32124,Courtney Smith,F,9th,Johnson High School,78,82
32125,Stephanie Mendez,F,11th,Johnson High School,70,96
32126,Lisa Burns,F,11th,Johnson High School,84,81
32127,Zachary White,M,11th,Johnson High School,83,57
32128,Paul Oconnor,M,12th,Johnson High School,86,92
32129,Jessica Welch,F,10th,Johnson High School,81,69
32130,Ronald Lee,M,12th,Johnson High School,71,99
32131,John Davis,M,11th,Johnson High School,65,90
32132,Katherine Pham,F,9th,Johnson High School,98,63
32133,Jill Everett,F,11th,Johnson High School,99,65
32134,Shannon Wilson,F,12th,Johnson High School,70,97
32135,Melissa Rivers,F,12th,Johnson High School,84,69
32136,Scott Hernandez,M,12th,Johnson High School,81,87
32137,Sara Thomas,F,10th,Johnson High School,90,82
32138,Kristen Orr,F,11th,Johnson High School,75,64
32139,Dustin Sanchez,M,11th,Johnson High School,85,81
32140,Daniel Dean,M,12th,Johnson High School,92,76
32141,Todd Parsons,M,12th,Johnson High School,92,82
32142,Debra Berg,F,10th,Johnson High School,80,78
32143,Amanda Reynolds,F,11th,Johnson High School,87,91
32144,Douglas Bryant,M,12th,Johnson High School,78,66
32145,Frank Stevens,M,12th,Johnson High School,99,61
32146,Kiara Goodman,F,10th,Johnson High School,91,66
32147,Lisa Schneider,F,9th,Johnson High School,75,69
32148,John Short,M,9th,Johnson High School,80,60
32149,Larry Duncan,M,9th,Johnson High School,65,94
32150,Shannon Jones,F,12th,Johnson High School,77,66
32151,John Davidson,M,9th,Johnson High School,75,66
32152,John May,M,10th,Johnson High School,96,58
32153,Kendra Durham,F,12th,Johnson High School,69,73
32154,Deanna Key ,F,9th,Johnson High School,97,96
32155,Brian Spencer,M,11th,Johnson High School,77,91
32156,Julian Baker,M,11th,Johnson High School,83,85
32157,Nicole Welch,F,11th,Johnson High School,88,78
32158,Megan Burton,F,11th,Johnson High School,89,74
32159,Manuel Howell,M,11th,Johnson High School,92,92
32160,Andrea Castro,F,11th,Johnson High School,64,85
32161,Courtney Newton,F,9th,Johnson High School,75,59
32162,Brandon Brown,M,9th,Johnson High School,92,94
32163,James Joseph,M,12th,Johnson High School,74,63
32164,Christina Casey,F,11th,Johnson High School,70,87
32165,Jeffery Torres,M,11th,Johnson High School,70,96
32166,Barbara Perez,F,9th,Johnson High School,99,65
32167,Stephanie Young,F,11th,Johnson High School,93,79
32168,Patrick Clark,M,11th,Johnson High School,89,81
32169,Amber Cunningham,F,11th,Johnson High School,77,59
32170,Sherri Stone,F,10th,Johnson High School,89,85
32171,Marcus Gonzalez,M,11th,Johnson High School,63,57
32172,Joanne Jones,F,9th,Johnson High School,96,60
32173,Lorraine Williams,F,9th,Johnson High School,71,81
32174,Trevor Savage,M,11th,Johnson High School,98,71
32175,Charles Shea,M,11th,Johnson High School,79,77
32176,Douglas Manning,M,10th,Johnson High School,70,55
32177,Scott Delgado,M,10th,Johnson High School,64,74
32178,Jessica Scott,F,12th,Johnson High School,66,72
32179,Austin Nichols,M,9th,Johnson High School,84,91
32180,Joseph Mitchell,M,10th,Johnson High School,69,95
32181,Dana Fischer,F,11th,Johnson High School,83,91
32182,Todd Powers,M,11th,Johnson High School,66,66
32183,Anna Mathis,F,11th,Johnson High School,76,93
32184,Tony Chan,M,9th,Johnson High School,93,88
32185,Leah Williams,F,9th,Johnson High School,79,58
32186,Jonathan Vargas,M,9th,Johnson High School,65,81
32187,Michael Marsh,M,9th,Johnson High School,75,83
32188,Donna Mcclure ,F,9th,Johnson High School,91,58
32189,Rhonda Ray,F,9th,Johnson High School,75,78
32190,Patricia Miller,F,12th,Johnson High School,85,64
32191,Robert Campbell,M,9th,Johnson High School,68,80
32192,George Black,M,11th,Johnson High School,92,80
32193,Maria Adkins,F,11th,Johnson High School,72,99
32194,Samantha Hunter,F,11th,Johnson High School,69,85
32195,Jamie Noble,F,9th,Johnson High School,84,92
32196,Shannon Moore,F,10th,Johnson High School,83,90
32197,Jeremy Davis,M,10th,Johnson High School,77,93
32198,Bradley Sullivan,M,12th,Johnson High School,97,99
32199,Alicia Garner,F,12th,Johnson High School,74,91
32200,Ashley Holmes,F,9th,Johnson High School,96,86
32201,Travis Rodriguez,M,12th,Johnson High School,63,66
32202,William Jackson,M,10th,Johnson High School,66,68
32203,Kathy Figueroa,F,9th,Johnson High School,75,69
32204,Ricky Martin,M,9th,Johnson High School,64,89
32205,William Rogers,M,9th,Johnson High School,91,86
32206,Claire Franklin,F,9th,Johnson High School,87,96
32207,Lisa Haney,F,11th,Johnson High School,73,85
32208,Jonathan Obrien,M,10th,Johnson High School,73,67
32209,Brendan Adams,M,11th,Johnson High School,88,82
32210,Mrs. Brittany Boone ,F,11th,Johnson High School,93,64
32211,Jerry Rivera,M,10th,Johnson High School,96,76
32212,Jordan Mueller,M,12th,Johnson High School,64,92
32213,Joshua Shaw,M,10th,Johnson High School,67,62
32214,Stephen Romero,M,12th,Johnson High School,89,70
32215,Regina Johnson,F,9th,Johnson High School,99,56
32216,Kimberly Hernandez,F,12th,Johnson High School,91,58
32217,Isaiah Beard,M,12th,Johnson High School,78,97
32218,Elijah Jones,M,9th,Johnson High School,99,85
32219,Krista Hernandez,F,11th,Johnson High School,81,63
32220,Ricky Burns,M,11th,Johnson High School,89,74
32221,Robert Weaver,M,10th,Johnson High School,75,69
32222,Tammy Hicks,F,10th,Johnson High School,92,73
32223,Debra Torres PhD,F,9th,Johnson High School,98,57
32224,Steven Estes,M,11th,Johnson High School,69,76
32225,David Walton,M,11th,Johnson High School,83,64
32226,Hannah Garcia ,F,11th,Johnson High School,82,81
32227,Kathy Black,F,11th,Johnson High School,81,58
32228,Jacqueline Stone,F,11th,Johnson High School,71,93
32229,Alexander Wilson,M,11th,Johnson High School,74,65
32230,Amber Nunez,F,12th,Johnson High School,84,72
32231,Steven Hernandez,M,10th,Johnson High School,82,72
32232,Anthony Miller,M,9th,Johnson High School,83,60
32233,James Hunter,M,10th,Johnson High School,79,94
32234,Jessica White,F,12th,Johnson High School,80,88
32235,Erik Turner,M,9th,Johnson High School,98,97
32236,Robert Ward,M,11th,Johnson High School,91,65
32237,Elizabeth Barber,F,12th,Johnson High School,75,74
32238,Christopher Ayers,M,10th,Johnson High School,98,82
32239,Ashley Gregory,F,11th,Johnson High School,71,76
32240,Peggy Reyes,F,11th,Johnson High School,75,93
32241,Sarah Vargas,F,11th,Johnson High School,73,56
32242,George Rich,M,11th,Johnson High School,72,58
32243,Janice Blair,F,11th,Johnson High School,80,91
32244,Devin Gonzalez,M,10th,Johnson High School,83,66
32245,Matthew Williams,M,10th,Johnson High School,78,99
32246,Cameron Gilbert,M,11th,Johnson High School,97,89
32247,Paige Riddle,F,10th,Johnson High School,67,71
32248,William Chavez,M,11th,Johnson High School,92,69
32249,Karen Campbell,F,9th,Johnson High School,65,94
32250,Carmen Johnson,F,9th,Johnson High School,66,93
32251,Gary Anderson,M,10th,Johnson High School,70,60
32252,Shawn Phillips,M,10th,Johnson High School,83,66
32253,Sandy Moreno,F,10th,Johnson High School,92,84
32254,Ashley Palmer,F,11th,Johnson High School,88,83
32255,Bradley Stark,M,10th,Johnson High School,73,58
32256,Tony Barnes,M,12th,Johnson High School,65,67
32257,Nicholas Young,M,10th,Johnson High School,73,56
32258,Joseph Silva,M,10th,Johnson High School,92,98
32259,Caitlin Ray,F,10th,Johnson High School,83,56
32260,Anthony Garcia,M,11th,Johnson High School,93,70
32261,Crystal Jones,F,9th,Johnson High School,88,79
32262,Wesley Lynch ,M,11th,Johnson High School,95,80
32263,Mark Molina,M,11th,Johnson High School,80,55
32264,Melissa Jones,F,9th,Johnson High School,95,74
32265,Laura Little,F,11th,Johnson High School,77,65
32266,Luis Smith,M,12th,Johnson High School,74,75
32267,Peter Heath,M,12th,Johnson High School,67,55
32268,Laura Wiley,F,10th,Johnson High School,91,84
32269,Jay Miranda,M,11th,Johnson High School,75,78
32270,Anna Jones,F,12th,Johnson High School,95,59
32271,Lawrence Serrano,M,10th,Johnson High School,72,91
32272,Sarah Phillips,F,10th,Johnson High School,94,66
32273,William Brewer,M,11th,Johnson High School,88,65
32274,Jose Valencia,M,10th,Johnson High School,63,77
32275,Samuel Rivas,M,10th,Johnson High School,79,69
32276,Daniel Williams,M,11th,Johnson High School,63,93
32277,Anne Jenkins,F,10th,Johnson High School,75,99
32278,Nicholas Marks,M,10th,Johnson High School,91,82
32279,Jennifer Willis,F,9th,Johnson High School,87,65
32280,Wendy Johnson,F,9th,Johnson High School,89,58
32281,Helen Gibson,F,12th,Johnson High School,82,71
32282,Christopher Mcmahon,M,10th,Johnson High School,63,60
32283,Michael Richardson,M,10th,Johnson High School,82,91
32284,Kathleen Buck,F,11th,Johnson High School,76,83
32285,Teresa Aguilar,F,11th,Johnson High School,86,80
32286,Sheila Anderson,F,10th,Johnson High School,97,63
32287,Stephanie Mathis,F,10th,Johnson High School,74,67
32288,Priscilla White,F,10th,Johnson High School,67,73
32289,Edward Dudley II,M,12th,Johnson High School,89,84
32290,Andrew Davidson,M,9th,Johnson High School,68,67
32291,Steven Velazquez,M,9th,Johnson High School,65,70
32292,Jeffrey Knight,M,9th,Johnson High School,64,79
32293,Heather Johnson,F,10th,Johnson High School,66,97
32294,Jonathan Harris,M,12th,Johnson High School,70,63
32295,Nathan Gonzalez ,M,11th,Johnson High School,82,86
32296,Justin Harris,M,12th,Johnson High School,93,66
32297,Gina Hurley,F,12th,Johnson High School,70,65
32298,Paul Franklin,M,12th,Johnson High School,91,81
32299,Lauren Rogers,F,9th,Johnson High School,92,85
32300,Dominic Bowen,M,11th,Johnson High School,82,94
32301,Christina Diaz,F,11th,Johnson High School,82,92
32302,Scott Lawson,M,9th,Johnson High School,88,72
32303,Lisa Pierce,F,10th,Johnson High School,92,59
32304,Samantha Day,F,10th,Johnson High School,83,55
32305,David Ryan,M,10th,Johnson High School,92,73
32306,Nicole Sparks,F,10th,Johnson High School,96,86
32307,Christina Jones,F,9th,Johnson High School,83,97
32308,Crystal Miller,F,11th,Johnson High School,71,83
32309,Stephanie Wright,F,11th,Johnson High School,78,55
32310,Michael Cooper,M,9th,Johnson High School,91,95
32311,Joseph Washington,M,10th,Johnson High School,80,64
32312,Kevin Smith,M,12th,Johnson High School,85,57
32313,Michael Smith,M,10th,Johnson High School,65,91
32314,Nathan Davis,M,10th,Johnson High School,81,85
32315,Jeremy Contreras,M,11th,Johnson High School,63,56
32316,Sean Neal,M,12th,Johnson High School,69,90
32317,Kimberly Davis,F,12th,Johnson High School,97,62
32318,Susan Sherman,F,11th,Johnson High School,64,99
32319,Christine Fleming,F,9th,Johnson High School,93,82
32320,Emily Olson,F,12th,Johnson High School,80,89
32321,Justin Smith,M,10th,Johnson High School,68,65
32322,Katrina Anderson,F,10th,Johnson High School,77,55
32323,Lindsay Williams,F,10th,Johnson High School,82,73
32324,Kelly Lynch,F,11th,Johnson High School,69,78
32325,Thomas Schultz,M,11th,Johnson High School,88,96
32326,Kenneth Lewis,M,10th,Johnson High School,79,91
32327,Jessica Kramer,F,12th,Johnson High School,70,80
32328,Matthew Lewis Jr.,M,12th,Johnson High School,93,68
32329,Alyssa Harris,F,9th,Johnson High School,81,71
32330,Joshua Lam,M,9th,Johnson High School,88,61
32331,Jacob Perez PhD,M,10th,Johnson High School,84,81
32332,Elizabeth Key,F,9th,Johnson High School,67,81
32333,Scott Cabrera,M,10th,Johnson High School,88,59
32334,Alexander Brown ,M,11th,Johnson High School,75,65
32335,Charles Gonzalez,M,9th,Johnson High School,95,60
32336,Barbara Montgomery,F,10th,Johnson High School,83,61
32337,Amy Spencer,F,10th,Johnson High School,85,81
32338,Michael Hess,M,9th,Johnson High School,92,71
32339,Teresa Austin,F,12th,Johnson High School,68,57
32340,Marissa Ryan,F,11th,Johnson High School,92,97
32341,Christy Curtis,F,11th,Johnson High School,80,57
32342,Mary Robinson,F,12th,Johnson High School,97,92
32343,Michelle Meyer,F,9th,Johnson High School,88,71
32344,Brandon Parker,M,9th,Johnson High School,64,74
32345,Destiny Suarez,F,9th,Johnson High School,86,74
32346,Dustin Wheeler,M,10th,Johnson High School,88,80
32347,Jacob Medina,M,11th,Johnson High School,67,66
32348,Jim Marshall,M,12th,Johnson High School,79,65
32349,Cynthia Simmons,F,12th,Johnson High School,72,65
32350,Carol White,F,9th,Johnson High School,73,94
32351,Stephanie Gray,F,9th,Johnson High School,94,76
32352,Timothy Wilson,M,12th,Johnson High School,85,55
32353,Natalie Hurst,F,11th,Johnson High School,69,62
32354,Crystal Miller,F,12th,Johnson High School,98,80
32355,Mark Miller,M,10th,Johnson High School,65,94
32356,Jaime Allen,F,10th,Johnson High School,66,81
32357,Nicole Allen,F,11th,Johnson High School,94,59
32358,Colleen Daniel,F,11th,Johnson High School,93,60
32359,Charlotte Eaton,F,10th,Johnson High School,82,89
32360,Kimberly Scott,F,9th,Johnson High School,83,64
32361,Jamie Holden,M,10th,Johnson High School,67,89
32362,Lori Robinson,F,9th,Johnson High School,82,68
32363,Alexandra Boyle,F,10th,Johnson High School,86,60
32364,Steven Morgan,M,10th,Johnson High School,73,78
32365,Alexander Garcia,M,11th,Johnson High School,86,65
32366,Linda Jones,F,11th,Johnson High School,83,60
32367,Kimberly Prince,F,11th,Johnson High School,84,69
32368,John Conway,M,11th,Johnson High School,64,87
32369,Jennifer Graves,F,11th,Johnson High School,67,74
32370,Eric Ponce,M,12th,Johnson High School,64,63
32371,Gloria Wallace,F,12th,Johnson High School,92,75
32372,Angela Robinson,F,12th,Johnson High School,71,93
32373,Morgan Chapman,F,10th,Johnson High School,89,84
32374,Erik Dunn,M,10th,Johnson High School,71,93
32375,Ashley Gutierrez,F,9th,Johnson High School,86,91
32376,Eric Reid,M,10th,Johnson High School,76,65
32377,Brooke Garrison,F,11th,Johnson High School,79,56
32378,Jason Tucker,M,9th,Johnson High School,66,92
32379,Terry Stevenson,M,11th,Johnson High School,63,80
32380,Diana Johnson,F,11th,Johnson High School,91,60
32381,Tasha Richardson,F,10th,Johnson High School,87,79
32382,Amanda Hall,F,11th,Johnson High School,76,99
32383,Jennifer Smith,F,10th,Johnson High School,84,73
32384,Brenda Burns,F,10th,Johnson High School,84,82
32385,Benjamin Herring,M,12th,Johnson High School,71,73
32386,Luis Kim,M,12th,Johnson High School,75,75
32387,Brenda Pham,F,10th,Johnson High School,73,65
32388,Laura Brown,F,11th,Johnson High School,74,67
32389,John Bean,M,9th,Johnson High School,87,64
32390,Mary Gonzalez,F,10th,Johnson High School,92,71
32391,Bradley Clark,M,12th,Johnson High School,66,67
32392,Katherine Thornton,F,9th,Johnson High School,74,90
32393,Brittany Thomas,F,11th,Johnson High School,73,59
32394,Sarah Mack,F,11th,Johnson High School,81,93
32395,Virginia Harris,F,11th,Johnson High School,83,64
32396,Jorge Pittman,M,10th,Johnson High School,70,60
32397,Michael Moran,M,10th,Johnson High School,93,66
32398,Shelly Williams,F,10th,Johnson High School,64,99
32399,Allison Herrera,F,12th,Johnson High School,90,93
32400,Jennifer Jones,F,9th,Johnson High School,91,71
32401,Mark Meyer,M,11th,Johnson High School,79,95
32402,Parker Martinez,M,11th,Johnson High School,66,86
32403,Megan Sullivan,F,10th,Johnson High School,89,70
32404,Emily Padilla,F,11th,Johnson High School,99,78
32405,Ashley Bailey,F,12th,Johnson High School,83,84
32406,Paula Craig,F,11th,Johnson High School,73,91
32407,Jennifer Patterson,F,12th,Johnson High School,77,81
32408,Jessica Newman,F,9th,Johnson High School,79,79
32409,Sara Daniel,F,12th,Johnson High School,75,74
32410,Bill Williams,M,11th,Johnson High School,72,60
32411,Joseph Hooper,M,10th,Johnson High School,99,67
32412,Justin Johnson,M,11th,Johnson High School,69,71
32413,Anthony Harris,M,9th,Johnson High School,72,93
32414,Carlos Jones,M,9th,Johnson High School,90,66
32415,Mary Peterson,F,10th,Johnson High School,85,89
32416,Duane Sherman,M,9th,Johnson High School,97,93
32417,Karen Bell,F,9th,Johnson High School,84,86
32418,Christine Glass,F,10th,Johnson High School,82,73
32419,Kristen Bird,F,10th,Johnson High School,79,93
32420,Julie King,F,10th,Johnson High School,88,84
32421,Roger Mann,M,10th,Johnson High School,67,79
32422,Joseph Larsen,M,12th,Johnson High School,75,93
32423,Kelly Leblanc,F,9th,Johnson High School,99,63
32424,Jennifer Bell,F,12th,Johnson High School,86,77
32425,Tiffany Johnson,F,12th,Johnson High School,63,58
32426,Daniel Sanders,M,11th,Johnson High School,75,62
32427,Lauren Delgado,F,11th,Johnson High School,92,90
32428,Melissa Ramirez,F,10th,Johnson High School,97,59
32429,Jeremy Rogers,M,12th,Johnson High School,65,78
32430,Justin Watson,M,11th,Johnson High School,96,93
32431,Christina Drake,F,12th,Johnson High School,79,86
32432,John Petty,M,11th,Johnson High School,97,79
32433,Xavier Holt,M,9th,Johnson High School,86,62
32434,Rose Mullins,F,9th,Johnson High School,63,62
32435,Victoria Curry,F,9th,Johnson High School,92,86
32436,Bradley Gallagher,M,10th,Johnson High School,81,57
32437,Brian Daugherty,M,12th,Johnson High School,77,76
32438,Logan Mcclure,M,11th,Johnson High School,96,72
32439,Jill Decker,F,9th,Johnson High School,64,99
32440,Veronica Ramirez,F,10th,Johnson High School,74,63
32441,Pamela Carrillo,F,11th,Johnson High School,91,96
32442,Renee Dominguez,F,12th,Johnson High School,92,87
32443,Thomas Bartlett,M,11th,Johnson High School,71,99
32444,Katherine Prince,F,9th,Johnson High School,93,89
32445,Deborah Johnson,F,9th,Johnson High School,86,81
32446,Danielle Stone,F,11th,Johnson High School,98,72
32447,Kathy Duffy,F,9th,Johnson High School,70,98
32448,John Gray,M,9th,Johnson High School,70,61
32449,Derek Rivera,M,10th,Johnson High School,95,99
32450,Brittany Anderson,F,12th,Johnson High School,80,99
32451,Virginia Smith,F,12th,Johnson High School,86,85
32452,Cheryl Hicks,F,9th,Johnson High School,94,68
32453,Lindsey Park,F,11th,Johnson High School,88,72
32454,Donald Petty,M,10th,Johnson High School,98,73
32455,Laura Rodgers,F,12th,Johnson High School,98,62
32456,Christine Bowers,F,10th,Johnson High School,89,95
32457,Sherry Holloway,F,12th,Johnson High School,91,85
32458,Alison Kramer,F,9th,Johnson High School,64,88
32459,Cathy Sanchez,F,9th,Johnson High School,82,79
32460,David Williams,M,11th,Johnson High School,99,75
32461,Dominique Brown,F,12th,Johnson High School,76,90
32462,Marilyn Ellis,F,11th,Johnson High School,81,93
32463,Cody Orozco,M,12th,Johnson High School,77,88
32464,Tracy Brown,F,10th,Johnson High School,81,62
32465,Sheila Parker,F,9th,Johnson High School,65,56
32466,Michelle Davis,F,11th,Johnson High School,75,73
32467,Lisa Reed,F,10th,Johnson High School,73,85
32468,Erin Martinez,F,12th,Johnson High School,93,61
32469,John Hawkins,M,10th,Johnson High School,74,65
32470,Hannah Cortez,F,11th,Johnson High School,98,81
32471,Edward Richmond,M,12th,Johnson High School,74,71
32472,David Peterson,M,9th,Johnson High School,66,76
32473,Kimberly Sanders,F,10th,Johnson High School,78,77
32474,John Miller,M,9th,Johnson High School,65,84
32475,Anna Wallace,F,12th,Johnson High School,88,84
32476,Alicia Bailey,F,12th,Johnson High School,86,87
32477,Scott Mcfarland,M,12th,Johnson High School,95,70
32478,Kimberly Carpenter,F,11th,Johnson High School,68,69
32479,Raymond Bryan,M,9th,Johnson High School,74,68
32480,Elizabeth Woods,F,11th,Johnson High School,66,82
32481,Andrew Nichols,M,10th,Johnson High School,86,94
32482,Matthew Nelson,M,11th,Johnson High School,66,92
32483,Kathryn Gonzales,F,12th,Johnson High School,75,70
32484,Nichole Riddle,F,11th,Johnson High School,80,62
32485,Shawn Griffin,M,10th,Johnson High School,84,70
32486,Desiree Wise,F,9th,Johnson High School,63,75
32487,Scott Parks,M,10th,Johnson High School,90,62
32488,Douglas Jackson,M,10th,Johnson High School,70,96
32489,Renee Parks,F,11th,Johnson High School,91,75
32490,Julie Graves,F,12th,Johnson High School,82,81
32491,Brianna Lewis,F,9th,Johnson High School,77,85
32492,James Tapia,M,9th,Johnson High School,99,91
32493,Michael Salas,M,9th,Johnson High School,79,65
32494,Brooke Stewart,F,10th,Johnson High School,89,99
32495,Cassandra Martinez,F,10th,Johnson High School,73,67
32496,Desiree Bishop,F,11th,Johnson High School,91,93
32497,Marie Benson,F,10th,Johnson High School,75,99
32498,Melinda Levy,F,11th,Johnson High School,66,99
32499,Cody Williams,M,11th,Johnson High School,81,60
32500,David Smith,M,10th,Johnson High School,90,65
32501,Matthew Flores,M,12th,Johnson High School,63,99
32502,Melissa Duncan,F,9th,Johnson High School,97,76
32503,Timothy Foley,M,9th,Johnson High School,74,67
32504,Jeremy Morales,M,9th,Johnson High School,68,68
32505,Angelica Campbell,F,10th,Johnson High School,95,58
32506,Caroline Jones,F,10th,Johnson High School,67,93
32507,Don Reynolds,M,12th,Johnson High School,89,74
32508,Jacqueline Carpenter,F,11th,Johnson High School,78,67
32509,Dillon Hampton,M,9th,Johnson High School,87,95
32510,Scott Pineda,M,11th,Johnson High School,77,69
32511,David Moore,M,11th,Johnson High School,83,87
32512,Lori Baird,F,11th,Johnson High School,81,59
32513,Ralph Simmons,M,9th,Johnson High School,86,92
32514,Seth Jones,M,11th,Johnson High School,94,98
32515,Samantha West,F,12th,Johnson High School,79,63
32516,Alexis Drake,F,9th,Johnson High School,84,85
32517,Noah Quinn,M,11th,Johnson High School,87,83
32518,Christopher Hart,M,12th,Johnson High School,69,71
32519,Gabriel Ward,M,10th,Johnson High School,77,59
32520,Lee Myers,M,11th,Johnson High School,82,78
32521,Kenneth Smith,M,9th,Johnson High School,83,82
32522,Luis West,M,10th,Johnson High School,73,64
32523,Pamela Barnes,F,9th,Johnson High School,78,94
32524,Joseph Carroll,M,9th,Johnson High School,99,70
32525,Joanne Smith,F,9th,Johnson High School,69,73
32526,Ashley Young,F,12th,Johnson High School,96,59
32527,Anthony Kelly,M,11th,Johnson High School,65,70
32528,Isaac Smith PhD,M,9th,Johnson High School,86,75
32529,Kristi Soto ,F,11th,Johnson High School,84,74
32530,Danny Moses,M,9th,Johnson High School,63,64
32531,Sarah Adkins,F,9th,Johnson High School,88,95
32532,Donna Long,F,9th,Johnson High School,87,71
32533,Mallory Bryant,F,11th,Johnson High School,63,66
32534,Debra Cox,F,9th,Johnson High School,83,76
32535,Timothy Haynes,M,9th,Johnson High School,99,79
32536,John Osborne,M,12th,Johnson High School,71,88
32537,Rachael Schmidt,F,10th,Johnson High School,91,92
32538,Anthony West,M,10th,Johnson High School,81,56
32539,Levi Powell,M,10th,Johnson High School,76,58
32540,Natalie Fields,F,9th,Johnson High School,73,89
32541,Hannah Lopez,F,10th,Johnson High School,78,91
32542,Raven Ortiz ,F,9th,Johnson High School,99,95
32543,Corey Page,M,9th,Johnson High School,94,78
32544,Lori Simpson,F,11th,Johnson High School,99,82
32545,Becky Arellano,F,11th,Johnson High School,69,61
32546,Joseph Carpenter,M,10th,Johnson High School,81,95
32547,Sean Hurley,M,12th,Johnson High School,92,83
32548,Patricia Gutierrez,F,12th,Johnson High School,92,98
32549,Timothy Fields,M,9th,Johnson High School,85,55
32550,James Lawson,M,11th,Johnson High School,87,94
32551,Donald Thompson,M,9th,Johnson High School,88,73
32552,Sandra Schroeder,F,12th,Johnson High School,93,98
32553,Katie Smith,F,11th,Johnson High School,74,95
32554,Theresa Jones,F,10th,Johnson High School,64,89
32555,Tara Perry,F,11th,Johnson High School,73,89
32556,Daniel King,M,11th,Johnson High School,84,75
32557,Shawn Henry,M,11th,Johnson High School,96,92
32558,Bonnie Warren,F,12th,Johnson High School,83,87
32559,Leslie Jackson,F,10th,Johnson High School,72,76
32560,Stephen Cohen,M,9th,Johnson High School,84,64
32561,Stephanie Porter,F,12th,Johnson High School,64,65
32562,Lisa Walter,F,10th,Johnson High School,70,76
32563,Adam Anderson,M,11th,Johnson High School,77,72
32564,Matthew Edwards,M,12th,Johnson High School,83,87
32565,Richard Foley,M,12th,Johnson High School,73,68
32566,Christine Bryant,F,12th,Johnson High School,77,85
32567,Michelle Richmond,F,12th,Johnson High School,73,55
32568,Tammy Simpson,F,12th,Johnson High School,65,64
32569,Kendra Buckley ,F,9th,Johnson High School,93,89
32570,Sarah Thompson,F,12th,Johnson High School,71,62
32571,Amber Conway,F,10th,Johnson High School,83,91
32572,David Garcia,M,10th,Johnson High School,86,87
32573,Shannon Miller,F,9th,Johnson High School,88,91
32574,Amy Myers,F,10th,Johnson High School,63,73
32575,Catherine Byrd,F,9th,Johnson High School,70,81
32576,Alicia Johnson,F,12th,Johnson High School,93,59
32577,Madison Bush,F,10th,Johnson High School,78,94
32578,Vickie Davis,F,11th,Johnson High School,78,57
32579,Beth Cummings,F,9th,Johnson High School,97,68
32580,Deborah Whitaker,F,9th,Johnson High School,89,85
32581,Thomas Briggs,M,12th,Johnson High School,67,74
32582,Charles Bailey,M,10th,Johnson High School,65,65
32583,Mallory Berry,F,11th,Johnson High School,95,63
32584,Karen Jensen,F,9th,Johnson High School,89,62
32585,Robert Clark,M,11th,Johnson High School,94,73
32586,Annette Hall,F,12th,Johnson High School,93,64
32587,David Mccarthy,M,10th,Johnson High School,82,68
32588,Gregory Porter,M,12th,Johnson High School,67,57
32589,Debra Murphy,F,9th,Johnson High School,77,90
32590,Karen Butler,F,9th,Johnson High School,63,87
32591,Brenda Wilson,F,9th,Johnson High School,78,83
32592,Sean Johnson,M,12th,Johnson High School,69,58
32593,Angela Vasquez,F,12th,Johnson High School,90,95
32594,Natalie Stewart,F,11th,Johnson High School,91,99
32595,Vanessa Hamilton,F,10th,Johnson High School,83,96
32596,Tonya Haley,F,9th,Johnson High School,87,90
32597,Virginia Snow,F,9th,Johnson High School,87,96
32598,Amanda Miller,F,10th,Johnson High School,95,69
32599,Cynthia Allen,F,11th,Johnson High School,66,55
32600,Grant Buck,M,11th,Johnson High School,65,86
32601,George Peterson,M,12th,Johnson High School,63,67
32602,Kristina Petersen,F,10th,Johnson High School,82,66
32603,Benjamin Henry,M,9th,Johnson High School,82,79
32604,Jason Gallegos,M,11th,Johnson High School,94,84
32605,Kenneth Garza,M,12th,Johnson High School,80,62
32606,Thomas Jordan,M,10th,Johnson High School,78,58
32607,John Wade,M,10th,Johnson High School,80,98
32608,James Reyes,M,11th,Johnson High School,98,87
32609,Brittany Wagner,F,11th,Johnson High School,95,97
32610,Crystal Rivera,F,11th,Johnson High School,86,55
32611,Jamie Garcia,F,10th,Johnson High School,88,57
32612,Ana Leon,F,11th,Johnson High School,85,67
32613,Randy Webb,M,12th,Johnson High School,78,63
32614,Emily Knox,F,12th,Johnson High School,70,69
32615,Matthew Gomez,M,9th,Johnson High School,72,97
32616,Ashley Wood,F,12th,Johnson High School,89,92
32617,Michelle Esparza,F,10th,Johnson High School,68,99
32618,David Young,M,9th,Johnson High School,89,85
32619,Matthew Smith,M,12th,Johnson High School,77,77
32620,Tommy Dorsey,M,9th,Johnson High School,85,94
32621,Daniel Alvarado,M,10th,Johnson High School,67,78
32622,Linda King,F,12th,Johnson High School,63,65
32623,Jeffrey Armstrong,M,9th,Johnson High School,93,81
32624,Brian Marquez,M,11th,Johnson High School,98,88
32625,Diane Martinez,F,12th,Johnson High School,98,97
32626,Robert Hensley,M,12th,Johnson High School,74,78
32627,Lindsay Anderson,F,11th,Johnson High School,87,99
32628,Brenda Herrera,F,11th,Johnson High School,65,83
32629,Hannah French,F,11th,Johnson High School,67,89
32630,Kevin Hampton,M,9th,Johnson High School,69,96
32631,Garrett Phillips,M,9th,Johnson High School,70,73
32632,Russell Daniel,M,10th,Johnson High School,97,59
32633,Michael Rodriguez,M,9th,Johnson High School,65,81
32634,Joshua Lowe,M,9th,Johnson High School,88,59
32635,Kevin Young,M,9th,Johnson High School,98,57
32636,Sarah Williams,F,10th,Johnson High School,76,65
32637,Matthew Hughes,M,9th,Johnson High School,97,99
32638,William Diaz,M,10th,Johnson High School,72,80
32639,Katie Lee,F,10th,Johnson High School,72,96
32640,Benjamin Navarro,M,12th,Johnson High School,88,61
32641,Michael Davis,M,9th,Johnson High School,82,73
32642,Chelsea Smith,F,12th,Johnson High School,66,55
32643,Cindy Webb,F,11th,Johnson High School,69,62
32644,Scott Rangel,M,9th,Johnson High School,89,77
32645,Jason Mcclain,M,10th,Johnson High School,66,60
32646,Dustin Morgan,M,9th,Johnson High School,65,69
32647,Dorothy Pearson,F,11th,Johnson High School,64,56
32648,Leslie Hughes,F,12th,Johnson High School,70,76
32649,Francisco Mcpherson,M,11th,Johnson High School,91,91
32650,Thomas Rose,M,11th,Johnson High School,65,63
32651,Jason Mccoy,M,10th,Johnson High School,68,71
32652,Steve Diaz,M,10th,Johnson High School,64,58
32653,Christopher Bowers Jr.,M,12th,Johnson High School,77,72
32654,Joseph Mendoza,M,9th,Johnson High School,81,93
32655,Laura Sandoval,F,10th,Johnson High School,90,90
32656,Victoria Martinez,F,9th,Johnson High School,98,56
32657,Sara Smith,F,12th,Johnson High School,66,77
32658,Darlene Garcia,F,11th,Johnson High School,66,98
32659,Nicholas Dean,M,11th,Johnson High School,90,82
32660,Jason Woodward,M,12th,Johnson High School,90,86
32661,Matthew Armstrong,M,10th,Johnson High School,77,98
32662,Megan Thomas,F,9th,Johnson High School,66,92
32663,Michael Steele,M,9th,Johnson High School,99,85
32664,Justin Doyle,M,11th,Johnson High School,96,63
32665,David Cabrera,M,9th,Johnson High School,66,74
32666,Patricia Zimmerman,F,12th,Johnson High School,77,68
32667,Sonya Jimenez,F,12th,Johnson High School,78,79
32668,Jean Moreno,F,11th,Johnson High School,66,70
32669,Deborah Alexander,F,12th,Johnson High School,96,90
32670,Lori Sullivan,F,10th,Johnson High School,94,91
32671,James Wiggins,M,12th,Johnson High School,79,60
32672,Marie Norman,F,11th,Johnson High School,98,93
32673,Alexandra Brown,F,12th,Johnson High School,79,94
32674,Troy Marsh,M,10th,Johnson High School,88,84
32675,Wendy Arroyo PhD,F,9th,Johnson High School,94,76
32676,Lori Small,F,11th,Johnson High School,65,89
32677,Shawn Adams,M,10th,Johnson High School,63,96
32678,Lisa Mccoy,F,12th,Johnson High School,78,86
32679,Michelle Cherry,F,12th,Johnson High School,84,70
32680,Shannon Espinoza,F,11th,Johnson High School,87,83
32681,Shelly Walker,F,11th,Johnson High School,78,63
32682,Amanda Russo,F,10th,Johnson High School,79,60
32683,Laura Pena,F,10th,Johnson High School,78,88
32684,Ashley Henderson,F,12th,Johnson High School,69,65
32685,Jacqueline Kim,F,11th,Johnson High School,68,76
32686,Renee White,F,10th,Johnson High School,97,69
32687,Samuel Warren,M,12th,Johnson High School,95,64
32688,Traci Byrd,F,9th,Johnson High School,65,63
32689,Ann Jones,F,12th,Johnson High School,71,55
32690,Catherine Hansen,F,12th,Johnson High School,89,81
32691,Willie Hutchinson,M,9th,Johnson High School,98,96
32692,Cynthia Jenkins,F,11th,Johnson High School,96,69
32693,Deborah Johnson,F,9th,Johnson High School,79,85
32694,Michelle Michael,F,10th,Johnson High School,71,67
32695,Kathy Bennett,F,9th,Johnson High School,92,93
32696,William Mitchell,M,9th,Johnson High School,99,69
32697,Jessica Rivera,F,9th,Johnson High School,82,63
32698,Scott Davis,M,11th,Johnson High School,82,55
32699,Sherri Pacheco,F,10th,Johnson High School,71,76
32700,Deanna Odonnell,F,9th,Johnson High School,95,63
32701,Andrea Miranda,F,9th,Johnson High School,72,98
32702,Mario Dixon,M,11th,Johnson High School,79,73
32703,Veronica Moore,F,12th,Johnson High School,82,78
32704,Kimberly Smith,F,9th,Johnson High School,89,85
32705,Karen Jordan,F,9th,Johnson High School,86,65
32706,Samuel Bender,M,10th,Johnson High School,87,85
32707,Deanna Shaffer,F,9th,Johnson High School,90,78
32708,William Jordan,M,10th,Johnson High School,76,65
32709,Adam Spencer,M,12th,Johnson High School,96,61
32710,Amy Nunez,F,11th,Johnson High School,96,99
32711,Darin Wilson,M,12th,Johnson High School,63,82
32712,Russell Andrews,M,11th,Johnson High School,63,58
32713,Elizabeth Graves,F,9th,Johnson High School,91,70
32714,Robin Prince,F,12th,Johnson High School,83,89
32715,Ethan Guerrero,M,12th,Johnson High School,72,62
32716,Kathryn Oliver,F,12th,Johnson High School,71,57
32717,Robert Hartman,M,11th,Johnson High School,77,57
32718,Krystal Marsh,F,9th,Johnson High School,94,73
32719,Ian Cruz,M,11th,Johnson High School,75,58
32720,Eric Lee,M,9th,Johnson High School,87,73
32721,Veronica Walker,F,10th,Johnson High School,74,75
32722,Deborah Frye,F,9th,Johnson High School,86,78
32723,Jeffrey Weiss,M,11th,Johnson High School,82,87
32724,Jessica Perez,F,11th,Johnson High School,99,56
32725,Brent Stanley,M,10th,Johnson High School,98,95
32726,Taylor Hill ,F,9th,Johnson High School,80,68
32727,Jillian Ramsey,F,10th,Johnson High School,72,86
32728,Susan Johnson,F,10th,Johnson High School,64,93
32729,Amanda Lopez,F,12th,Johnson High School,64,93
32730,Brian Davis,M,10th,Johnson High School,65,67
32731,Faith Hunt,F,10th,Johnson High School,65,57
32732,Alexander Miller,M,9th,Johnson High School,78,58
32733,Raymond Gutierrez,M,9th,Johnson High School,73,96
32734,Joseph Jones,M,11th,Johnson High School,95,81
32735,Kayla Ware,F,12th,Johnson High School,79,85
32736,William Mcclain,M,12th,Johnson High School,63,84
32737,Michael Smith,M,11th,Johnson High School,69,99
32738,Michael Armstrong,M,12th,Johnson High School,96,80
32739,April Zimmerman,F,10th,Johnson High School,80,88
32740,Michael Williams,M,11th,Johnson High School,98,84
32741,Justin Young,M,9th,Johnson High School,80,94
32742,Chad Stafford,M,9th,Johnson High School,99,93
32743,Victor Petty,M,9th,Johnson High School,92,64
32744,Tom Beck,M,12th,Johnson High School,84,97
32745,Cassandra Mooney,F,12th,Johnson High School,88,81
32746,Patrick Fleming,M,11th,Johnson High School,98,92
32747,Melissa Lewis,F,10th,Johnson High School,99,69
32748,Miranda Hale,F,11th,Johnson High School,77,79
32749,Gary Myers,M,9th,Johnson High School,65,79
32750,Vanessa Rodriguez,F,12th,Johnson High School,72,57
32751,Kari Thompson,F,11th,Johnson High School,94,80
32752,Michael Beasley,M,12th,Johnson High School,67,88
32753,Elizabeth Hardy,F,11th,Johnson High School,69,83
32754,Diana Kim,F,10th,Johnson High School,81,63
32755,Laura Bond,F,11th,Johnson High School,97,84
32756,Samantha Barnes,F,10th,Johnson High School,63,75
32757,David Reyes,M,9th,Johnson High School,96,66
32758,John White,M,11th,Johnson High School,69,70
32759,Brandy Perez,F,10th,Johnson High School,83,55
32760,Karen Jones,F,10th,Johnson High School,79,58
32761,Tyler Serrano,M,12th,Johnson High School,87,78
32762,Daniel Taylor,M,9th,Johnson High School,64,63
32763,Jared Johnson,M,12th,Johnson High School,84,74
32764,Janet Morgan,F,12th,Johnson High School,70,77
32765,Mark Newton,M,11th,Johnson High School,72,85
32766,John Fox,M,10th,Johnson High School,86,95
32767,Destiny Turner,F,10th,Johnson High School,77,58
32768,Mrs. Lisa Guerrero,F,11th,Johnson High School,66,80
32769,Mariah Wilson,F,11th,Johnson High School,87,62
32770,Andre Ramirez,M,10th,Johnson High School,68,64
32771,Traci Stanley,F,10th,Johnson High School,67,73
32772,Angela George,F,11th,Johnson High School,64,69
32773,Kyle Odonnell,M,9th,Johnson High School,81,60
32774,Jacob Murray,M,12th,Johnson High School,92,64
32775,Jacob Diaz,M,12th,Johnson High School,65,93
32776,Joshua Holland,M,9th,Johnson High School,83,96
32777,Kevin Brown,M,12th,Johnson High School,86,56
32778,Randy Brown,M,9th,Johnson High School,77,56
32779,Danielle Richardson,F,10th,Johnson High School,83,58
32780,Sarah West,F,12th,Johnson High School,67,78
32781,Natalie Hill,F,11th,Johnson High School,93,66
32782,Kelsey Flores,F,11th,Johnson High School,73,89
32783,Jessica Hanna,F,9th,Johnson High School,72,63
32784,Jack Martinez,M,12th,Johnson High School,99,57
32785,Patrick Velazquez,M,11th,Johnson High School,68,58
32786,Tyler Luna,M,11th,Johnson High School,97,80
32787,Jason Cook,M,10th,Johnson High School,78,56
32788,Becky Patrick,F,11th,Johnson High School,99,87
32789,Troy Walker,M,11th,Johnson High School,69,78
32790,Jeffrey Hayes,M,9th,Johnson High School,94,74
32791,Jose Moran,M,9th,Johnson High School,64,78
32792,Theresa French,F,9th,Johnson High School,92,96
32793,Robert Allen,M,12th,Johnson High School,91,58
32794,Norma Larson,F,9th,Johnson High School,70,67
32795,Allison Perkins ,F,12th,Johnson High School,85,68
32796,Matthew Wilson,M,11th,Johnson High School,69,87
32797,Annette French,F,9th,Johnson High School,85,91
32798,Samantha Smith,F,10th,Johnson High School,94,91
32799,Megan Taylor,F,10th,Johnson High School,87,93
32800,Carl Turner,M,10th,Johnson High School,75,65
32801,Robert Savage,M,9th,Johnson High School,66,61
32802,Stephanie Zimmerman,F,10th,Johnson High School,66,60
32803,Ronald Bishop,M,9th,Johnson High School,92,88
32804,Robert Fitzgerald,M,12th,Johnson High School,87,64
32805,Robert Johnson,M,9th,Johnson High School,80,68
32806,James Dixon,M,11th,Johnson High School,99,92
32807,Lisa Smith,F,10th,Johnson High School,69,84
32808,Sharon Jones,F,10th,Johnson High School,84,64
32809,Nicholas Zuniga,M,12th,Johnson High School,91,95
32810,Jacob Brewer,M,10th,Johnson High School,64,61
32811,Vincent Mitchell,M,11th,Johnson High School,85,85
32812,Amy Moore,F,9th,Johnson High School,86,77
32813,Cynthia Brown,F,12th,Johnson High School,83,85
32814,Teresa Rich,F,12th,Johnson High School,94,59
32815,William Walker,M,9th,Johnson High School,85,92
32816,Heather Butler,F,9th,Johnson High School,78,55
32817,Courtney Hill,F,11th,Johnson High School,90,71
32818,Vincent Kramer,M,9th,Johnson High School,92,76
32819,Jordan Clark,M,12th,Johnson High School,99,66
32820,Danielle Ferrell,F,9th,Johnson High School,87,81
32821,Emily Santiago,F,9th,Johnson High School,68,92
32822,James Jackson,M,11th,Johnson High School,74,70
32823,Paul Patterson,M,10th,Johnson High School,74,93
32824,Connie Nash,F,11th,Johnson High School,76,98
32825,John Flores,M,12th,Johnson High School,78,94
32826,James Jordan,M,11th,Johnson High School,68,63
32827,Brenda Williams,F,12th,Johnson High School,84,61
32828,Ricardo Rogers,M,11th,Johnson High School,77,73
32829,Michael Gonzales,M,12th,Johnson High School,72,85
32830,Kenneth Johnson,M,10th,Johnson High School,88,92
32831,Lisa Williams,F,10th,Johnson High School,83,57
32832,Sheri Stewart,F,11th,Johnson High School,65,91
32833,Daniel Schmidt,M,11th,Johnson High School,68,91
32834,Yolanda Caldwell,F,9th,Johnson High School,78,72
32835,Bobby Cowan,M,12th,Johnson High School,81,75
32836,James Smith,M,9th,Johnson High School,74,68
32837,Matthew Harris,M,11th,Johnson High School,63,68
32838,Matthew Wong,M,10th,Johnson High School,77,55
32839,Natalie Smith,F,11th,Johnson High School,73,68
32840,Christopher Simon,M,9th,Johnson High School,66,56
32841,Bob Hayes,M,12th,Johnson High School,75,76
32842,Heather Santiago,F,11th,Johnson High School,77,90
32843,William Holden,M,10th,Johnson High School,63,99
32844,Shelley Smith,F,9th,Johnson High School,66,63
32845,Catherine Ray,F,10th,Johnson High School,78,62
32846,Alexis Charles,F,10th,Johnson High School,97,74
32847,David Scott,M,11th,Johnson High School,91,84
32848,Terrance Wells,M,10th,Johnson High School,66,56
32849,Robert Hall,M,9th,Johnson High School,70,93
32850,Alec Rodriguez,M,9th,Johnson High School,82,98
32851,Robert Small,M,10th,Johnson High School,63,98
32852,Erika Hill,F,12th,Johnson High School,86,57
32853,Jenna Garza,F,12th,Johnson High School,92,60
32854,Mary Palmer,F,12th,Johnson High School,91,91
32855,Nicholas Merritt,M,9th,Johnson High School,68,55
32856,Craig Graves,M,11th,Johnson High School,78,95
32857,Stephanie Davis,F,11th,Johnson High School,98,93
32858,Larry Gray,M,9th,Johnson High School,83,62
32859,Joshua Patterson,M,9th,Johnson High School,89,86
32860,Michael Brandt,M,11th,Johnson High School,94,58
32861,Katelyn Ross,F,11th,Johnson High School,82,94
32862,Sergio Reyes,M,12th,Johnson High School,63,83
32863,Diane Munoz,F,10th,Johnson High School,75,69
32864,David Mcdowell,M,10th,Johnson High School,84,70
32865,Amy Shaffer,F,11th,Johnson High School,69,92
32866,Brandon Nguyen,M,9th,Johnson High School,91,97
32867,Jennifer Lopez,F,9th,Johnson High School,94,78
32868,Troy Monroe,M,10th,Johnson High School,76,99
32869,Diane Meyer,F,10th,Johnson High School,94,75
32870,Gary Hoffman,M,12th,Johnson High School,94,58
32871,Cesar Wright,M,12th,Johnson High School,98,97
32872,Jamie Boyd,F,9th,Johnson High School,97,62
32873,Anthony Clark,M,9th,Johnson High School,97,63
32874,Crystal Zamora,F,9th,Johnson High School,78,90
32875,Timothy Wilkinson,M,12th,Johnson High School,99,59
32876,Stephanie Long,F,11th,Johnson High School,79,67
32877,Susan Jones,F,10th,Johnson High School,84,97
32878,Ashley Krueger,F,9th,Johnson High School,79,67
32879,Chase Yates,M,11th,Johnson High School,85,67
32880,Sherry Dickerson,F,10th,Johnson High School,73,59
32881,Leslie Pennington,F,9th,Johnson High School,89,87
32882,Nicholas Brown,M,9th,Johnson High School,74,81
32883,Erin Williams,F,9th,Johnson High School,76,74
32884,Steve Hardin,M,11th,Johnson High School,64,68
32885,Robert Snyder,M,11th,Johnson High School,88,87
32886,Andrew Powell,M,10th,Johnson High School,79,92
32887,Kyle Callahan,M,10th,Johnson High School,99,63
32888,Austin Sims,M,11th,Johnson High School,87,72
32889,Leslie Wood,F,12th,Johnson High School,87,75
32890,Nathan Ramirez,M,9th,Johnson High School,88,85
32891,Robert Gaines,M,9th,Johnson High School,98,73
32892,Faith Beck,F,12th,Johnson High School,89,87
32893,Alexandria Howard,F,9th,Johnson High School,68,77
32894,Brendan Smith,M,10th,Johnson High School,88,79
32895,David Collins,M,9th,Johnson High School,70,96
32896,Jason Reyes,M,10th,Johnson High School,69,72
32897,Matthew Jones,M,12th,Johnson High School,81,75
32898,John Duncan,M,11th,Johnson High School,67,80
32899,Laura Reese,F,10th,Johnson High School,84,78
32900,April Branch,F,11th,Johnson High School,88,58
32901,Erica Brown,F,12th,Johnson High School,95,65
32902,Christopher Murray,M,11th,Johnson High School,65,58
32903,Judith Carney,F,11th,Johnson High School,75,98
32904,Holly Dennis,F,9th,Johnson High School,88,71
32905,James Quinn,M,10th,Johnson High School,84,81
32906,Jesse Moore,M,12th,Johnson High School,80,59
32907,Cheyenne Ellis,F,12th,Johnson High School,76,93
32908,Lisa Monroe ,F,10th,Johnson High School,69,82
32909,Cheryl Adkins,F,10th,Johnson High School,83,89
32910,Julie Humphrey,F,10th,Johnson High School,89,59
32911,Brittany Harris,F,12th,Johnson High School,80,82
32912,John Horn,M,12th,Johnson High School,81,79
32913,Eric Booth,M,9th,Johnson High School,80,88
32914,Margaret Gray,F,9th,Johnson High School,66,66
32915,Jordan Jackson,M,10th,Johnson High School,93,95
32916,Ashley Brown,F,9th,Johnson High School,93,56
32917,Christina Monroe,F,10th,Johnson High School,96,86
32918,Mark Castro,M,11th,Johnson High School,83,66
32919,John Morrison,M,12th,Johnson High School,93,64
32920,Michelle Hernandez,F,9th,Johnson High School,87,81
32921,Amanda Bates,F,11th,Johnson High School,69,76
32922,Steven Hawkins,M,9th,Johnson High School,72,59
32923,Kathy Miller,F,9th,Johnson High School,81,83
32924,Michael Martinez,M,11th,Johnson High School,64,63
32925,Devin Tucker,M,9th,Johnson High School,76,88
32926,Michael Johnson,M,10th,Johnson High School,75,83
32927,Marcus Weeks,M,9th,Johnson High School,99,89
32928,Matthew Willis,M,12th,Johnson High School,75,96
32929,Kenneth Cervantes ,M,10th,Johnson High School,92,80
32930,Michelle Morgan,F,10th,Johnson High School,98,67
32931,Kenneth Barr,M,12th,Johnson High School,93,99
32932,Sandra Freeman ,F,12th,Johnson High School,69,56
32933,John Perez,M,9th,Johnson High School,68,62
32934,Michelle Hampton,F,9th,Johnson High School,70,80
32935,Arthur Huynh,M,12th,Johnson High School,64,95
32936,Catherine Bowman,F,11th,Johnson High School,83,55
32937,Stephanie Baldwin,F,9th,Johnson High School,86,57
32938,Sonya Gordon,F,12th,Johnson High School,87,73
32939,Patrick Rodriguez ,M,11th,Johnson High School,74,79
32940,Amanda James,F,11th,Johnson High School,93,97
32941,Samantha Edwards,F,12th,Johnson High School,94,74
32942,Kelly Fuller,F,10th,Johnson High School,83,84
32943,Bradley Burch,M,9th,Johnson High School,63,94
32944,Elizabeth Lawson,F,11th,Johnson High School,83,86
32945,Gary Maldonado,M,9th,Johnson High School,92,58
32946,Kimberly Holloway,F,9th,Johnson High School,67,61
32947,Jeremiah Hardin,M,9th,Johnson High School,89,89
32948,Sheri Holden,F,9th,Johnson High School,64,72
32949,Amy Small,F,11th,Johnson High School,78,89
32950,Sara Patrick,F,12th,Johnson High School,81,57
32951,Andrew Sanders,M,9th,Johnson High School,77,73
32952,Nathaniel Frazier,M,10th,Johnson High School,73,99
32953,Alejandra Fox,F,9th,Johnson High School,84,72
32954,Bruce Berg,M,9th,Johnson High School,64,94
32955,Monica Guerra,F,10th,Johnson High School,84,96
32956,Christopher Simmons,M,10th,Johnson High School,68,93
32957,Tonya Eaton,F,12th,Johnson High School,96,86
32958,Kenneth Morrison,M,9th,Johnson High School,81,96
32959,Anthony Rose,M,12th,Johnson High School,69,74
32960,Michael Shannon,M,10th,Johnson High School,87,55
32961,Jennifer Thomas,F,10th,Johnson High School,96,74
32962,Michelle Briggs,F,9th,Johnson High School,66,57
32963,April Booker,F,9th,Johnson High School,88,61
32964,Christopher Thompson,M,12th,Johnson High School,69,62
32965,Steven Velasquez,M,9th,Johnson High School,79,69
32966,Adam Rodriguez,M,12th,Johnson High School,73,67
32967,Emily Vaughn,F,9th,Johnson High School,72,62
32968,Shaun Ingram,M,9th,Johnson High School,73,94
32969,Dawn Myers,F,9th,Johnson High School,90,76
32970,John Solis,M,9th,Johnson High School,77,85
32971,Tina Smith,F,9th,Johnson High School,90,83
32972,Christine Scott,F,9th,Johnson High School,93,95
32973,April Smith,F,11th,Johnson High School,63,66
32974,Christopher Hernandez,M,10th,Johnson High School,75,99
32975,Matthew Murray,M,11th,Johnson High School,67,82
32976,Sarah Thomas,F,12th,Johnson High School,75,83
32977,Michael Carter,M,10th,Johnson High School,76,73
32978,Samantha Smith,F,12th,Johnson High School,82,86
32979,Jessica Mccarty,F,12th,Johnson High School,80,92
32980,Patricia Pearson,F,9th,Johnson High School,94,88
32981,Evelyn Calhoun,F,9th,Johnson High School,90,85
32982,Brittany Ray,F,9th,Johnson High School,92,56
32983,Rebecca Smith,F,10th,Johnson High School,92,89
32984,William Hill,M,11th,Johnson High School,77,55
32985,Mark Burgess,M,9th,Johnson High School,73,90
32986,Jessica Mckenzie,F,9th,Johnson High School,95,63
32987,Catherine James,F,12th,Johnson High School,72,91
32988,Tamara Parsons,F,11th,Johnson High School,91,98
32989,Elizabeth Lopez,F,9th,Johnson High School,73,96
32990,Paul Benjamin,M,9th,Johnson High School,93,85
32991,Randy Payne,M,9th,Johnson High School,82,56
32992,Andrew Shepard,M,10th,Johnson High School,99,96
32993,Donna Martin,F,10th,Johnson High School,63,76
32994,Melody Simmons,F,11th,Johnson High School,81,99
32995,Brianna Medina,F,11th,Johnson High School,64,83
32996,Clinton Wagner,M,9th,Johnson High School,82,80
32997,Kelly Herring,F,10th,Johnson High School,93,71
32998,Brendan Kim ,M,10th,Johnson High School,85,95
32999,Kaitlyn Marshall,F,12th,Johnson High School,90,84
33000,Patrick Richard,M,9th,Johnson High School,93,73
33001,Courtney Mosley,F,11th,Johnson High School,86,55
33002,Lisa Horn,F,11th,Johnson High School,90,72
33003,Michelle Alvarez,F,10th,Johnson High School,88,88
33004,Kathleen Kirby,F,9th,Johnson High School,64,55
33005,Stephanie Murphy,F,9th,Johnson High School,73,95
33006,Lisa Mccoy,F,9th,Johnson High School,69,57
33007,John Mcconnell,M,10th,Johnson High School,88,74
33008,Jennifer Warren,F,10th,Johnson High School,87,83
33009,Casey Dickson,F,9th,Johnson High School,67,82
33010,Paul Duke,M,12th,Johnson High School,64,85
33011,Amanda Moore,F,11th,Johnson High School,79,57
33012,Daniel Peters,M,9th,Johnson High School,90,70
33013,Cesar Martinez,M,11th,Johnson High School,82,92
33014,Bobby Harris,M,9th,Johnson High School,77,89
33015,Kristen Brown,F,12th,Johnson High School,85,95
33016,Catherine Brown,F,11th,Johnson High School,97,89
33017,James Collins,M,9th,Johnson High School,65,74
33018,Darlene Harrison,F,9th,Johnson High School,69,58
33019,Gail Johnson,F,12th,Johnson High School,94,67
33020,Kevin Howard,M,11th,Johnson High School,63,74
33021,Autumn Nelson,F,9th,Johnson High School,83,62
33022,Robert Holt,M,11th,Johnson High School,67,97
33023,Timothy Hughes Jr.,M,9th,Johnson High School,76,85
33024,Hunter Elliott,M,11th,Johnson High School,83,69
33025,Katherine Smith,F,9th,Johnson High School,76,75
33026,William Campbell,M,10th,Johnson High School,97,65
33027,Emily Jackson,F,10th,Johnson High School,97,64
33028,Mark Harrison,M,11th,Johnson High School,76,65
33029,Parker Brown,M,9th,Johnson High School,96,80
33030,Ryan Johnston,M,10th,Johnson High School,70,71
33031,Phillip White,M,11th,Johnson High School,69,74
33032,Nathan Scott,M,9th,Johnson High School,69,81
33033,Dennis Graham,M,12th,Johnson High School,84,58
33034,Crystal Aguilar,F,11th,Johnson High School,98,57
33035,Julie Perez,F,9th,Johnson High School,70,91
33036,Jerry Cuevas,M,10th,Johnson High School,90,72
33037,Frank Cook,M,9th,Johnson High School,95,76
33038,Natalie Pratt,F,9th,Johnson High School,73,70
33039,Amy Thomas,F,10th,Johnson High School,84,70
33040,Alicia Brown,F,10th,Johnson High School,63,67
33041,Robert Jenkins,M,11th,Johnson High School,75,78
33042,Brandon Gordon,M,9th,Johnson High School,66,90
33043,Louis Freeman,M,11th,Johnson High School,95,72
33044,Jeffrey Crawford,M,10th,Johnson High School,87,75
33045,Kathryn Parrish,F,10th,Johnson High School,88,61
33046,Joshua Nguyen,M,12th,Johnson High School,85,60
33047,Michael Lynch,M,11th,Johnson High School,79,62
33048,Michael Dixon,M,10th,Johnson High School,76,70
33049,Carlos Mcdonald,M,10th,Johnson High School,81,58
33050,Angela Jackson,F,12th,Johnson High School,65,68
33051,Joanna Allen,F,11th,Johnson High School,93,75
33052,Kimberly Delacruz,F,11th,Johnson High School,76,90
33053,Sonya Bryant,F,9th,Johnson High School,68,78
33054,Andrew Chan,M,10th,Johnson High School,98,87
33055,Mark Taylor,M,9th,Johnson High School,66,65
33056,Shawn Black,M,11th,Johnson High School,80,99
33057,Robin Vargas,F,11th,Johnson High School,92,82
33058,Mary Jones,F,10th,Johnson High School,74,73
33059,Madison Warner,F,11th,Johnson High School,66,83
33060,Morgan Perkins,F,10th,Johnson High School,73,72
33061,Paul Thompson,M,9th,Johnson High School,72,76
33062,Jesse Jackson,M,9th,Johnson High School,74,73
33063,Kathleen Brooks,F,12th,Johnson High School,75,60
33064,Sean Lopez,M,11th,Johnson High School,83,60
33065,Michael Johnson,M,10th,Johnson High School,72,90
33066,Michael White,M,11th,Johnson High School,96,60
33067,Rebecca Dyer,F,9th,Johnson High School,71,87
33068,Kathleen Fisher,F,9th,Johnson High School,75,86
33069,Michael Flores,M,10th,Johnson High School,99,75
33070,Amanda Johnson,F,12th,Johnson High School,88,77
33071,Lisa Jones,F,10th,Johnson High School,89,55
33072,Arthur Bradley,M,9th,Johnson High School,91,56
33073,Alexander Hill,M,9th,Johnson High School,79,68
33074,Oscar Pierce,M,9th,Johnson High School,64,85
33075,Pamela Collins,F,11th,Johnson High School,80,75
33076,Jack Reed,M,9th,Johnson High School,92,92
33077,Timothy Pacheco,M,11th,Johnson High School,77,82
33078,Elizabeth Baker,F,10th,Johnson High School,78,88
33079,Gary Dean,M,11th,Johnson High School,67,72
33080,Rebecca Henderson,F,11th,Johnson High School,68,94
33081,Ronald Navarro,M,10th,Johnson High School,65,74
33082,Melinda Cardenas,F,10th,Johnson High School,87,93
33083,Tanya Joseph,F,9th,Johnson High School,88,73
33084,Chad Bryant ,M,11th,Johnson High School,63,72
33085,Matthew Foster,M,12th,Johnson High School,89,58
33086,Phyllis Williams,F,9th,Johnson High School,71,82
33087,Samantha Little,F,10th,Johnson High School,97,75
33088,Teresa Salazar,F,10th,Johnson High School,66,98
33089,Taylor Ellis,M,10th,Johnson High School,96,72
33090,Eric Jones,M,12th,Johnson High School,80,71
33091,Charles Watts,M,11th,Johnson High School,99,91
33092,Angela Bates,F,10th,Johnson High School,71,82
33093,Craig Thompson,M,10th,Johnson High School,75,93
33094,Glen Fisher,M,11th,Johnson High School,87,60
33095,Lisa Brown,F,12th,Johnson High School,72,97
33096,Brooke Daniel,F,9th,Johnson High School,86,69
33097,Michael Myers,M,9th,Johnson High School,82,73
33098,Sara Brock,F,12th,Johnson High School,77,94
33099,Gina Nguyen ,F,10th,Johnson High School,82,72
33100,Elizabeth Hernandez,F,9th,Johnson High School,96,98
33101,Cynthia Brennan,F,9th,Johnson High School,70,83
33102,John Leon,M,12th,Johnson High School,69,59
33103,Thomas Hart,M,10th,Johnson High School,63,62
33104,Benjamin Carter,M,11th,Johnson High School,87,55
33105,Jeffrey Thompson,M,9th,Johnson High School,89,90
33106,Kelly Vargas,M,9th,Johnson High School,93,70
33107,Janice Luna,F,11th,Johnson High School,90,81
33108,Kimberly Rosales,F,12th,Johnson High School,88,88
33109,Jason Ryan,M,10th,Johnson High School,80,69
33110,Reginald Carpenter,M,9th,Johnson High School,85,60
33111,Haley Thompson,F,9th,Johnson High School,73,60
33112,Debra Jackson,F,9th,Johnson High School,72,93
33113,Manuel Johnson,M,12th,Johnson High School,70,61
33114,Daniel Johnson,M,9th,Johnson High School,79,80
33115,Amanda Jones,F,12th,Johnson High School,65,68
33116,Laura Patterson,F,9th,Johnson High School,85,94
33117,Andrew Cox,M,10th,Johnson High School,95,55
33118,David Sanchez,M,9th,Johnson High School,83,66
33119,Raymond Bennett,M,10th,Johnson High School,75,74
33120,Haley Michael,F,11th,Johnson High School,69,89
33121,Erin Gilbert,F,12th,Johnson High School,85,76
33122,Todd Carter,M,10th,Johnson High School,94,69
33123,Jeffrey Gross,M,11th,Johnson High School,65,94
33124,Brian Miller,M,12th,Johnson High School,88,94
33125,Erin Mcfarland,F,9th,Johnson High School,82,60
33126,James Sandoval,M,12th,Johnson High School,89,61
33127,Lisa Sandoval,F,10th,Johnson High School,94,71
33128,Eric Tucker,M,10th,Johnson High School,73,83
33129,Brent Benitez,M,12th,Johnson High School,80,60
33130,Michael Whitaker,M,12th,Johnson High School,81,99
33131,Christopher Cook,M,11th,Johnson High School,84,76
33132,Kimberly Griffin,F,9th,Johnson High School,82,61
33133,Mark Bright,M,10th,Johnson High School,87,67
33134,Jeffrey Bryan,M,12th,Johnson High School,98,65
33135,Lauren Watson,F,10th,Johnson High School,79,55
33136,Courtney Steele,F,11th,Johnson High School,75,96
33137,Jeanette Sutton,F,12th,Johnson High School,82,67
33138,James Lee,M,11th,Johnson High School,97,63
33139,Rachel Edwards,F,11th,Johnson High School,99,68
33140,Stephen Dillon,M,12th,Johnson High School,72,58
33141,Nicole Marsh,F,9th,Johnson High School,80,58
33142,James Myers,M,9th,Johnson High School,95,85
33143,Nathan Sanders,M,12th,Johnson High School,87,86
33144,Kimberly Price,F,9th,Johnson High School,90,87
33145,Jesse Hudson,M,12th,Johnson High School,83,95
33146,Ashley Sullivan,F,9th,Johnson High School,97,64
33147,Jessica Whitney,F,12th,Johnson High School,89,77
33148,Linda Delacruz,F,10th,Johnson High School,68,74
33149,Frank Johnson,M,9th,Johnson High School,70,68
33150,Ryan Smith,M,10th,Johnson High School,84,72
33151,Anna Patterson,F,12th,Johnson High School,63,60
33152,Sarah Flynn,F,11th,Johnson High School,69,64
33153,Melanie Jones,F,11th,Johnson High School,69,61
33154,Nathan Flores,M,11th,Johnson High School,85,86
33155,Heather Hensley,F,12th,Johnson High School,84,56
33156,Heidi Simpson,F,11th,Johnson High School,63,89
33157,Michael Thomas,M,9th,Johnson High School,83,61
33158,Patricia Willis,F,9th,Johnson High School,69,71
33159,Jeffrey Howell,M,9th,Johnson High School,89,80
33160,Thomas Rogers,M,10th,Johnson High School,70,97
33161,Christopher Burch,M,11th,Johnson High School,78,61
33162,Justin Williams,M,9th,Johnson High School,83,90
33163,George Foster,M,10th,Johnson High School,81,95
33164,Meagan Browning ,F,10th,Johnson High School,63,84
33165,Kelly Bowers,F,11th,Johnson High School,83,91
33166,Katelyn Fowler,F,10th,Johnson High School,80,66
33167,Tyler Vargas,M,12th,Johnson High School,95,62
33168,Daniel Mejia,M,11th,Johnson High School,75,73
33169,Lauren Perry,F,9th,Johnson High School,76,62
33170,Jimmy Campbell,M,11th,Johnson High School,69,84
33171,Thomas Drake,M,9th,Johnson High School,97,72
33172,Paul Barnes,M,9th,Johnson High School,92,95
33173,Cassandra Parker,F,10th,Johnson High School,81,59
33174,Cynthia Hendrix,F,9th,Johnson High School,97,55
33175,Eugene Barker,M,12th,Johnson High School,94,62
33176,Douglas Alexander,M,9th,Johnson High School,72,67
33177,Alexander Flores,M,9th,Johnson High School,70,95
33178,Scott Brooks,M,9th,Johnson High School,63,84
33179,Christopher Bird,M,12th,Johnson High School,68,81
33180,Lisa Torres,F,10th,Johnson High School,78,93
33181,Elizabeth Gibbs,F,10th,Johnson High School,91,91
33182,Michael Murphy,M,10th,Johnson High School,75,82
33183,Carrie Sanchez,F,10th,Johnson High School,76,79
33184,Emily Smith,F,12th,Johnson High School,67,76
33185,Richard Carpenter,M,11th,Johnson High School,87,72
33186,Shannon Cherry,F,10th,Johnson High School,88,62
33187,Martha Rollins,F,11th,Johnson High School,89,69
33188,Pamela Ramsey,F,10th,Johnson High School,92,59
33189,Alyssa Roberts,F,11th,Johnson High School,68,97
33190,Russell Marks,M,10th,Johnson High School,66,69
33191,Margaret Riley,F,11th,Johnson High School,77,97
33192,Wanda Garrett,F,12th,Johnson High School,98,66
33193,James Mathews,M,11th,Johnson High School,99,88
33194,Amy Hensley,F,11th,Johnson High School,96,81
33195,Misty Stanley,F,12th,Johnson High School,71,95
33196,William Rose,M,12th,Johnson High School,63,58
33197,Jacob Mccall,M,12th,Johnson High School,72,78
33198,Stephanie Morris,F,10th,Johnson High School,71,99
33199,Robert Moore,M,11th,Johnson High School,77,68
33200,Tracy Merritt,F,11th,Johnson High School,73,67
33201,Jose Walker,M,12th,Johnson High School,84,61
33202,Kelsey Walker,F,9th,Johnson High School,84,58
33203,Erica Fritz,F,9th,Johnson High School,78,86
33204,Julie Lewis,F,9th,Johnson High School,88,74
33205,Patrick Powell,M,12th,Johnson High School,64,72
33206,Jason Hicks,M,9th,Johnson High School,92,71
33207,Wesley Guerra,M,10th,Johnson High School,98,89
33208,Laura Glover,F,9th,Johnson High School,92,75
33209,Andrew Ferguson,M,12th,Johnson High School,82,72
33210,Tyler Torres,M,9th,Johnson High School,75,81
33211,Christine Jones,F,11th,Johnson High School,97,96
33212,Amy Garrett,F,9th,Johnson High School,66,76
33213,David Lamb,M,12th,Johnson High School,94,75
33214,Brooke Bird,F,11th,Johnson High School,78,71
33215,Andrew Nixon,M,10th,Johnson High School,66,59
33216,Michael Barton,M,9th,Johnson High School,72,91
33217,Justin Ramos,M,9th,Johnson High School,97,79
33218,Michael Blake,M,10th,Johnson High School,92,71
33219,Michelle Watson,F,11th,Johnson High School,63,84
33220,Taylor Atkins,F,10th,Johnson High School,67,62
33221,Alisha Odonnell,F,12th,Johnson High School,83,88
33222,Jason Anderson,M,12th,Johnson High School,83,67
33223,Hannah Cooper,F,11th,Johnson High School,69,98
33224,Christopher Thompson,M,9th,Johnson High School,80,91
33225,Julie Martinez,F,10th,Johnson High School,84,96
33226,Tina Berry,F,10th,Johnson High School,83,77
33227,Christian Alvarado,M,10th,Johnson High School,92,79
33228,Jacob Anderson,M,9th,Johnson High School,67,79
33229,Anthony Rogers,M,11th,Johnson High School,63,99
33230,Antonio Davis,M,12th,Johnson High School,70,65
33231,Danny Rasmussen,M,12th,Johnson High School,70,93
33232,Maria Jones,F,9th,Johnson High School,74,95
33233,Ethan Hunt,M,9th,Johnson High School,70,83
33234,Brandon Young,M,9th,Johnson High School,74,81
33235,Courtney Rogers,F,11th,Johnson High School,97,82
33236,Angela Hudson,F,10th,Johnson High School,75,62
33237,Christopher Caldwell,M,10th,Johnson High School,73,57
33238,Zachary Pham,M,11th,Johnson High School,71,75
33239,Stephanie Castro,F,10th,Johnson High School,96,74
33240,Jeffrey Perez,M,12th,Johnson High School,94,76
33241,Thomas Hensley,M,11th,Johnson High School,77,55
33242,Dennis Hall,M,12th,Johnson High School,69,69
33243,Karen Gray,F,9th,Johnson High School,98,67
33244,Austin Sawyer,M,12th,Johnson High School,84,58
33245,Mark Small,M,11th,Johnson High School,95,82
33246,Steven Bell,M,11th,Johnson High School,74,62
33247,Rebecca Lopez,F,11th,Johnson High School,91,98
33248,Frank Delgado,M,11th,Johnson High School,81,61
33249,Elizabeth Johnson,F,11th,Johnson High School,67,56
33250,Paul Rodriguez,M,10th,Johnson High School,82,85
33251,Michael Torres ,M,12th,Johnson High School,84,55
33252,Bobby Davis,M,11th,Johnson High School,90,93
33253,Michael Patel,M,12th,Johnson High School,82,85
33254,Mary Fuller,F,10th,Johnson High School,74,63
33255,Michael Ibarra,M,11th,Johnson High School,90,69
33256,Sara Hogan,F,10th,Johnson High School,90,96
33257,Steven Lin,M,10th,Johnson High School,86,78
33258,Tonya Moore,F,9th,Johnson High School,77,93
33259,William Miller,M,12th,Johnson High School,96,97
33260,Heather Hardin,F,9th,Johnson High School,78,75
33261,Alexandra Green,F,9th,Johnson High School,78,79
33262,Priscilla Miller,F,9th,Johnson High School,81,78
33263,Aaron Jennings,M,11th,Johnson High School,73,72
33264,Patrick Hobbs,M,10th,Johnson High School,63,55
33265,Robert Scott,M,9th,Johnson High School,98,94
33266,Michelle Richards ,F,9th,Johnson High School,90,75
33267,Kaylee Alvarez,F,10th,Johnson High School,86,93
33268,Maria Ewing,F,12th,Johnson High School,71,55
33269,Thomas Griffith,M,12th,Johnson High School,90,89
33270,Bonnie Hernandez,F,12th,Johnson High School,89,61
33271,Angela Cunningham,F,11th,Johnson High School,98,90
33272,Kimberly Osborn ,F,9th,Johnson High School,77,68
33273,Adam Erickson,M,10th,Johnson High School,80,96
33274,Gloria Murray,F,12th,Johnson High School,91,85
33275,David Mckenzie,M,11th,Johnson High School,92,87
33276,Linda Vargas,F,9th,Johnson High School,94,97
33277,Andrew Robertson,M,11th,Johnson High School,94,95
33278,Robert Reed,M,9th,Johnson High School,76,77
33279,Regina Johnson,F,9th,Johnson High School,65,87
33280,Kevin Hoover IV,M,11th,Johnson High School,86,64
33281,Jeffrey Thompson,M,12th,Johnson High School,87,68
33282,Beverly Johnson,F,11th,Johnson High School,71,68
33283,Christopher Shannon,M,9th,Johnson High School,86,58
33284,Cynthia Colon,F,9th,Johnson High School,83,59
33285,Vanessa Jackson,F,11th,Johnson High School,64,93
33286,Devin Nguyen,M,10th,Johnson High School,72,95
33287,Logan Gibson,M,12th,Johnson High School,84,82
33288,Douglas Rivera,M,11th,Johnson High School,73,68
33289,James Jensen,M,11th,Johnson High School,97,64
33290,John Gonzalez,M,11th,Johnson High School,73,74
33291,Mark Blankenship,M,9th,Johnson High School,93,93
33292,Thomas Gaines,M,10th,Johnson High School,97,82
33293,Teresa Brown,F,12th,Johnson High School,77,81
33294,Nathan Hill,M,11th,Johnson High School,96,58
33295,Samuel Wright,M,11th,Johnson High School,84,64
33296,David Chandler,M,9th,Johnson High School,97,75
33297,Tiffany Kemp,F,11th,Johnson High School,86,62
33298,Timothy Rodriguez,M,11th,Johnson High School,64,91
33299,Robert Torres,M,11th,Johnson High School,73,81
33300,Jennifer Watson,F,9th,Johnson High School,70,77
33301,Michael Perez,M,10th,Johnson High School,77,98
33302,Jacob Caldwell,M,11th,Johnson High School,79,60
33303,Angela Moore,F,9th,Johnson High School,71,91
33304,Tamara Trujillo,F,9th,Johnson High School,96,75
33305,Eric Ruiz,M,9th,Johnson High School,88,89
33306,Shawn Baird,M,12th,Johnson High School,87,84
33307,Elizabeth Hansen,F,11th,Johnson High School,96,62
33308,Stephen Reeves,M,9th,Johnson High School,96,57
33309,Michael Jennings,M,12th,Johnson High School,75,96
33310,Martha Banks,F,10th,Johnson High School,66,85
33311,Steven Jackson,M,11th,Johnson High School,99,55
33312,Julia Avila,F,9th,Johnson High School,66,92
33313,Ashley Prince,F,11th,Johnson High School,99,82
33314,Thomas Nolan,M,11th,Johnson High School,73,57
33315,Timothy Drake,M,12th,Johnson High School,81,91
33316,Jennifer Thomas,F,11th,Johnson High School,72,93
33317,Stacy Burke,F,11th,Johnson High School,69,86
33318,Melinda Suarez,F,10th,Johnson High School,94,63
33319,Amanda Keller,F,11th,Johnson High School,74,68
33320,George Olson,M,9th,Johnson High School,75,90
33321,Jason Bennett,M,9th,Johnson High School,94,73
33322,Pamela Greene,F,11th,Johnson High School,81,81
33323,Stephen Miller,M,9th,Johnson High School,93,91
33324,Brandon Martinez,M,10th,Johnson High School,95,83
33325,Nicole Hernandez,F,9th,Johnson High School,94,68
33326,Victoria Andrews,F,11th,Johnson High School,67,76
33327,Timothy Gibbs,M,9th,Johnson High School,78,80
33328,Gabrielle Cruz,F,10th,Johnson High School,93,91
33329,Robert Gibson,M,12th,Johnson High School,90,81
33330,Amanda Nguyen,F,11th,Johnson High School,75,98
33331,Daniel Berger,M,9th,Johnson High School,94,86
33332,Jason Smith,M,10th,Johnson High School,77,58
33333,Lori Anderson,F,10th,Johnson High School,92,91
33334,Kristy Lopez,F,10th,Johnson High School,68,64
33335,Christina Walker,F,10th,Johnson High School,88,62
33336,Katherine Buchanan,F,9th,Johnson High School,66,59
33337,Shannon Patel,F,10th,Johnson High School,71,80
33338,Tiffany Acosta,F,11th,Johnson High School,88,98
33339,Gregory Ibarra,M,12th,Johnson High School,96,59
33340,Mrs. Laurie Hamilton,F,10th,Johnson High School,88,75
33341,Kristin Jones,F,9th,Johnson High School,98,79
33342,Tony Griffin,M,10th,Johnson High School,86,83
33343,Nicole Bass,F,12th,Johnson High School,72,76
33344,Joseph Pace,M,10th,Johnson High School,73,89
33345,Michelle Burch,F,10th,Johnson High School,74,84
33346,Linda Carpenter,F,10th,Johnson High School,79,99
33347,Susan Lee,F,10th,Johnson High School,87,65
33348,Tina Bush,F,11th,Johnson High School,79,92
33349,Tara Miller,F,9th,Johnson High School,98,56
33350,Gene Sanders,M,12th,Johnson High School,87,56
33351,Amanda Armstrong,F,10th,Johnson High School,90,89
33352,Monica Washington,F,12th,Johnson High School,66,98
33353,Kristi Moody,F,11th,Johnson High School,98,75
33354,Nathaniel Conway,M,9th,Johnson High School,79,71
33355,Heather Moore,F,10th,Johnson High School,77,87
33356,Andrew Goodwin,M,12th,Johnson High School,92,87
33357,Charles Padilla,M,11th,Johnson High School,96,74
33358,Alison Phillips,F,9th,Johnson High School,96,94
33359,Tracy Jackson,F,12th,Johnson High School,95,72
33360,Kayla Fox,F,10th,Johnson High School,63,58
33361,Ryan Norris,M,10th,Johnson High School,86,77
33362,Mark Barry,M,9th,Johnson High School,96,86
33363,Michael Lloyd,M,10th,Johnson High School,83,89
33364,Brandon Mitchell,M,12th,Johnson High School,69,67
33365,Richard Montoya,M,10th,Johnson High School,96,69
33366,Alyssa Daniels,F,11th,Johnson High School,90,83
33367,Tricia Ruiz,F,10th,Johnson High School,87,77
33368,Kyle Holland,M,11th,Johnson High School,82,95
33369,Sarah Powell,F,9th,Johnson High School,88,82
33370,Melissa Hill,F,12th,Johnson High School,77,91
33371,Daniel Fuller,M,10th,Johnson High School,95,71
33372,Kimberly Matthews,F,12th,Johnson High School,77,88
33373,Kelly Atkins,F,9th,Johnson High School,70,66
33374,Gary Diaz,M,9th,Johnson High School,74,90
33375,Juan Daniel,M,10th,Johnson High School,68,58
33376,Sara Cervantes,F,12th,Johnson High School,70,98
33377,Kristy Reese,F,10th,Johnson High School,92,95
33378,Mallory Stone,F,10th,Johnson High School,82,85
33379,Kristen Jones,F,11th,Johnson High School,77,66
33380,Roberto Taylor,M,9th,Johnson High School,95,72
33381,David Butler Jr.,M,12th,Johnson High School,98,68
33382,Carolyn Carroll,F,12th,Johnson High School,96,97
33383,Amanda Taylor,F,9th,Johnson High School,89,64
33384,Charles Gonzales,M,9th,Johnson High School,93,66
33385,Nicholas Good,M,9th,Johnson High School,96,78
33386,Amy Jones ,F,9th,Johnson High School,77,72
33387,Ricky Spence,M,9th,Johnson High School,64,98
33388,Tyrone Harrison,M,11th,Johnson High School,86,93
33389,Christina Kelley,F,10th,Johnson High School,63,94
33390,Erika Davenport,F,11th,Johnson High School,83,63
33391,Jasmine Sheppard,F,12th,Johnson High School,71,94
33392,Mario Conner,M,12th,Johnson High School,88,64
33393,Robert Lewis,M,11th,Johnson High School,81,60
33394,Adam Roberts,M,9th,Johnson High School,98,63
33395,Dana Ewing,F,10th,Johnson High School,81,97
33396,Nicholas Frost ,M,9th,Johnson High School,98,66
33397,Julie Gray,F,10th,Johnson High School,82,72
33398,Dana King,F,10th,Johnson High School,93,97
33399,Kelly Oliver,F,10th,Johnson High School,94,78
33400,Nicholas Stewart,M,9th,Johnson High School,68,86
33401,Ryan White,M,11th,Johnson High School,66,68
33402,Nicholas Powers,M,10th,Johnson High School,91,84
33403,Fernando Jones,M,11th,Johnson High School,88,89
33404,Lisa Morris,F,9th,Johnson High School,89,66
33405,Seth Elliott,M,9th,Johnson High School,84,97
33406,Jessica Clark,F,11th,Johnson High School,77,63
33407,Lisa Elliott,F,9th,Johnson High School,65,57
33408,Brittany Cline,F,10th,Johnson High School,81,68
33409,Christine Brown,F,11th,Johnson High School,92,59
33410,Erika Cox,F,9th,Johnson High School,73,88
33411,Priscilla Young,F,10th,Johnson High School,76,81
33412,Tyrone Johnston,M,12th,Johnson High School,87,55
33413,Erin Schmitt,F,9th,Johnson High School,87,97
33414,Michelle Brown,F,10th,Johnson High School,63,72
33415,Amanda Terry,F,10th,Johnson High School,73,57
33416,John Bryant,M,12th,Johnson High School,97,68
33417,Joshua Alvarez,M,10th,Johnson High School,77,96
33418,Mark Harrell,M,11th,Johnson High School,92,92
33419,Charles Carter,M,11th,Johnson High School,84,73
33420,Sandra Webb,F,10th,Johnson High School,73,85
33421,Eileen Torres,F,9th,Johnson High School,87,71
33422,Rickey Scott,M,11th,Johnson High School,84,57
33423,Elizabeth Jarvis,F,11th,Johnson High School,76,97
33424,Jennifer Green,F,12th,Johnson High School,89,80
33425,Aimee Miller,F,10th,Johnson High School,70,96
33426,Michael Estes,M,10th,Johnson High School,65,70
33427,Helen Cooper,F,11th,Johnson High School,90,99
33428,Angela Dodson,F,9th,Johnson High School,90,89
33429,Leslie Clark,F,9th,Johnson High School,78,95
33430,Brittany Townsend,F,9th,Johnson High School,82,69
33431,Larry Jensen,M,9th,Johnson High School,88,60
33432,Sabrina Fischer,F,9th,Johnson High School,67,56
33433,Emily Anderson,F,10th,Johnson High School,75,87
33434,Bonnie Mitchell,F,12th,Johnson High School,97,66
33435,James Thompson ,M,11th,Johnson High School,78,74
33436,Kim Graham,F,10th,Johnson High School,89,67
33437,Jill Stark,F,11th,Johnson High School,64,66
33438,Roberto Duarte,M,11th,Johnson High School,76,60
33439,Shelby Marquez,F,11th,Johnson High School,92,92
33440,Cheyenne Moore,F,9th,Johnson High School,98,82
33441,Joanna Strickland,F,9th,Johnson High School,85,63
33442,Jessica Johnson,F,10th,Johnson High School,77,77
33443,Danielle Beasley,F,9th,Johnson High School,68,65
33444,Rebecca Smith,F,11th,Johnson High School,93,87
33445,Jacob Johnson,M,10th,Johnson High School,92,73
33446,Bonnie Johnson,F,10th,Johnson High School,82,93
33447,Emily Patton,F,9th,Johnson High School,99,65
33448,Andrew Guzman,M,9th,Johnson High School,78,75
33449,Anna Rodriguez,F,9th,Johnson High School,98,57
33450,Mary Winters,F,9th,Johnson High School,86,63
33451,Luke Boyle,M,9th,Johnson High School,68,76
33452,Mark White,M,12th,Johnson High School,74,78
33453,Deborah Williams,F,9th,Johnson High School,99,82
33454,Jeffrey Montgomery,M,9th,Johnson High School,77,93
33455,Ashley Clark,F,11th,Johnson High School,85,60
33456,Margaret Carroll,F,9th,Johnson High School,93,94
33457,Paul Cortez,M,12th,Johnson High School,73,55
33458,Stephanie Smith,F,10th,Johnson High School,75,85
33459,Elizabeth Johnson,F,9th,Johnson High School,74,83
33460,Melissa Benjamin,F,12th,Johnson High School,96,56
33461,Gordon Lee,M,12th,Johnson High School,93,64
33462,Lisa Rodgers,F,10th,Johnson High School,83,69
33463,Cindy Stevens,F,11th,Johnson High School,68,97
33464,Marc Johnson,M,9th,Johnson High School,75,65
33465,Sean Marsh,M,9th,Johnson High School,75,81
33466,Aaron Burns,M,12th,Johnson High School,71,77
33467,Paul Steele,M,11th,Johnson High School,90,71
33468,Steven Bush,M,9th,Johnson High School,89,83
33469,Charles Perry,M,12th,Johnson High School,86,99
33470,Mrs. Adrienne Evans ,F,9th,Johnson High School,66,90
33471,Tyler Sanchez,M,10th,Johnson High School,75,65
33472,Kristin Thomas,F,11th,Johnson High School,67,59
33473,Christopher Bell,M,10th,Johnson High School,72,91
33474,Brianna Hardin,F,10th,Johnson High School,63,76
33475,Tim York,M,9th,Johnson High School,84,65
33476,Erin Mason,F,11th,Johnson High School,65,65
33477,Robert Henderson,M,10th,Johnson High School,80,65
33478,James Reese,M,10th,Johnson High School,79,95
33479,Lee Morales,M,12th,Johnson High School,95,99
33480,Amy Brown,F,11th,Johnson High School,64,82
33481,Gail Nicholson,F,11th,Johnson High School,63,78
33482,Judith Bender,F,10th,Johnson High School,78,94
33483,Pamela Baker,F,9th,Johnson High School,74,79
33484,Matthew Gutierrez,M,12th,Johnson High School,90,66
33485,Christy Jones,F,10th,Johnson High School,91,89
33486,Chase Best,M,12th,Johnson High School,83,69
33487,Victoria Koch,F,11th,Johnson High School,73,64
33488,Jesse Walker,M,12th,Johnson High School,80,67
33489,Shaun Johnson,M,12th,Johnson High School,92,97
33490,Tammy Rodriguez,F,10th,Johnson High School,92,96
33491,Dustin Fisher,M,9th,Johnson High School,98,62
33492,Kathryn Munoz,F,10th,Johnson High School,98,74
33493,Lisa Tapia,F,9th,Johnson High School,88,86
33494,Stephanie Rich,F,10th,Johnson High School,94,93
33495,Lauren Gomez,F,11th,Johnson High School,88,91
33496,Anne Cox,F,10th,Johnson High School,78,66
33497,Mark Dunlap,M,9th,Johnson High School,77,75
33498,Veronica Lee,F,9th,Johnson High School,65,57
33499,Richard Pierce,M,12th,Johnson High School,67,90
33500,Louis Smith ,M,12th,Johnson High School,89,75
33501,Lauren Jacobs,F,11th,Johnson High School,92,55
33502,Kayla Wilson,F,9th,Johnson High School,79,98
33503,Mark Turner,M,9th,Johnson High School,75,92
33504,Ricardo Butler,M,10th,Johnson High School,81,77
33505,Cameron Anderson,M,10th,Johnson High School,96,79
33506,Kimberly Sawyer,F,10th,Johnson High School,71,90
33507,Vincent Roberts,M,10th,Johnson High School,78,62
33508,Crystal Wiggins ,F,10th,Johnson High School,97,82
33509,Kimberly Baldwin,F,9th,Johnson High School,76,56
33510,Douglas Alvarez,M,10th,Johnson High School,84,57
33511,Gary Lopez,M,9th,Johnson High School,81,57
33512,Brianna Herrera,F,9th,Johnson High School,80,86
33513,Krystal Martinez,F,9th,Johnson High School,77,58
33514,Thomas Myers,M,10th,Johnson High School,91,64
33515,Kristine Sullivan,F,11th,Johnson High School,69,80
33516,Kimberly Santos,F,9th,Johnson High School,88,76
33517,Jennifer Clayton,F,10th,Johnson High School,98,68
33518,Brad Washington,M,10th,Johnson High School,90,85
33519,David Gill,M,11th,Johnson High School,87,93
33520,Willie Drake,M,12th,Johnson High School,84,56
33521,Brian Williams,M,10th,Johnson High School,84,77
33522,Debra Rodriguez,F,12th,Johnson High School,82,91
33523,Blake Woods,M,10th,Johnson High School,95,81
33524,Mary Harris,F,11th,Johnson High School,86,85
33525,Tammy Fowler,F,12th,Johnson High School,67,74
33526,Aaron Hayes,M,10th,Johnson High School,91,59
33527,Earl Nelson,M,10th,Johnson High School,79,74
33528,Eric Mcbride,M,11th,Johnson High School,97,94
33529,Karen Beard,F,10th,Johnson High School,98,75
33530,Theresa Green,F,9th,Johnson High School,86,90
33531,Mitchell Wheeler,M,9th,Johnson High School,64,55
33532,Jose Cook,M,11th,Johnson High School,92,70
33533,Lauren Rush,F,12th,Johnson High School,63,57
33534,Ashley Ward,F,12th,Johnson High School,89,72
33535,Vicki Wade,F,11th,Johnson High School,86,91
33536,Jeffrey Ward,M,11th,Johnson High School,94,80
33537,Joseph Rogers,M,11th,Johnson High School,72,97
33538,Shelly Gibson,F,11th,Johnson High School,78,75
33539,Michael Wilson Jr.,M,10th,Johnson High School,64,85
33540,Kimberly Ramos,F,11th,Johnson High School,69,60
33541,Ronald Adams,M,9th,Johnson High School,73,92
33542,Sherry Smith,F,11th,Johnson High School,64,96
33543,George Hahn,M,9th,Johnson High School,80,87
33544,Matthew King,M,10th,Johnson High School,69,90
33545,Katherine Robinson,F,12th,Johnson High School,88,71
33546,Jacob Davenport,M,9th,Johnson High School,90,89
33547,Robert Wilcox,M,9th,Johnson High School,68,79
33548,Edward Sparks,M,11th,Johnson High School,99,79
33549,Alyssa Lyons,F,10th,Johnson High School,97,64
33550,Matthew Savage ,M,9th,Johnson High School,98,69
33551,Charles Jones,M,9th,Johnson High School,88,81
33552,Miguel Scott,M,9th,Johnson High School,88,83
33553,Joseph Young,M,11th,Johnson High School,64,99
33554,Cynthia Garcia,F,9th,Johnson High School,87,82
33555,Ashley Woods,F,11th,Johnson High School,70,92
33556,Roger Cobb,M,12th,Johnson High School,63,79
33557,Bradley Mason,M,9th,Johnson High School,68,70
33558,David Davis,M,11th,Johnson High School,71,70
33559,William Bentley,M,9th,Johnson High School,93,69
33560,Ann Thompson,F,9th,Johnson High School,71,84
33561,Jeff King,M,9th,Johnson High School,65,98
33562,Austin Garrett,M,11th,Johnson High School,95,96
33563,Johnathan Carr,M,9th,Johnson High School,83,69
33564,Elizabeth Taylor,F,9th,Johnson High School,72,92
33565,Brandon Skinner,M,12th,Johnson High School,67,86
33566,Jamie Ramos,F,10th,Johnson High School,64,60
33567,Shawn Barnes,M,10th,Johnson High School,99,93
33568,Tammy Prince,F,11th,Johnson High School,70,55
33569,Mark Montgomery,M,11th,Johnson High School,75,84
33570,Teresa Williams,F,10th,Johnson High School,94,79
33571,Benjamin Huynh,M,10th,Johnson High School,72,76
33572,Victoria Anderson,F,10th,Johnson High School,81,80
33573,John Gonzales,M,10th,Johnson High School,88,94
33574,Dylan Mcmahon,M,10th,Johnson High School,92,63
33575,Jillian Page,F,12th,Johnson High School,93,60
33576,Stefanie Bush,F,9th,Johnson High School,80,80
33577,Mark Moss,M,10th,Johnson High School,85,67
33578,Jeffrey Jones ,M,12th,Johnson High School,80,63
33579,Adam Gardner,M,9th,Johnson High School,65,64
33580,Courtney Arnold,F,10th,Johnson High School,99,67
33581,Matthew Rivera,M,12th,Johnson High School,82,57
33582,Cathy Tucker,F,9th,Johnson High School,95,73
33583,Gabriel Jones,M,10th,Johnson High School,78,98
33584,Cynthia Byrd,F,11th,Johnson High School,86,79
33585,Alexander Brown,M,9th,Johnson High School,76,93
33586,Alejandro Palmer,M,9th,Johnson High School,91,63
33587,Joanne Murphy,F,11th,Johnson High School,91,89
33588,Michelle Singleton,F,9th,Johnson High School,74,59
33589,Carolyn Thomas,F,10th,Johnson High School,80,78
33590,Bradley Lewis,M,11th,Johnson High School,77,75
33591,Jonathan Yates,M,9th,Johnson High School,96,56
33592,Toni Rubio,F,10th,Johnson High School,68,82
33593,Jordan Neal,M,9th,Johnson High School,86,96
33594,Julie Carrillo,F,12th,Johnson High School,98,98
33595,John Burns,M,9th,Johnson High School,83,94
33596,Mark Hester,M,11th,Johnson High School,79,90
33597,Cynthia Jacobs,F,11th,Johnson High School,89,66
33598,James Herrera,M,10th,Johnson High School,72,88
33599,Stephen Gregory,M,12th,Johnson High School,96,97
33600,James Parker,M,12th,Johnson High School,64,92
33601,Alex Wilkins,M,10th,Johnson High School,88,95
33602,Nicole Smith,F,11th,Johnson High School,83,87
33603,Kelly Salazar,F,10th,Johnson High School,72,98
33604,Joel Orozco,M,12th,Johnson High School,80,88
33605,Kimberly Kelly,F,10th,Johnson High School,98,79
33606,Susan Obrien,F,12th,Johnson High School,98,98
33607,Shawn Watson,M,11th,Johnson High School,68,95
33608,Scott Olsen,M,10th,Johnson High School,86,84
33609,David Russo,M,10th,Johnson High School,68,62
33610,Walter Mcintosh,M,9th,Johnson High School,99,82
33611,Melanie Harding,F,12th,Johnson High School,69,87
33612,Luke Torres ,M,9th,Johnson High School,74,71
33613,Brian Nelson,M,9th,Johnson High School,91,86
33614,Kathy Anderson,F,12th,Johnson High School,65,80
33615,Lindsey White,F,10th,Johnson High School,72,84
33616,John Gordon,M,11th,Johnson High School,84,84
33617,Patrick Levy,M,10th,Johnson High School,98,73
33618,Melissa Reed,F,11th,Johnson High School,75,64
33619,David Martin,M,10th,Johnson High School,79,82
33620,Christopher Stewart ,M,12th,Johnson High School,92,79
33621,James Chase,M,9th,Johnson High School,81,93
33622,Traci Maynard,F,12th,Johnson High School,81,71
33623,Benjamin Hunter,M,12th,Johnson High School,91,60
33624,Jean Cox,F,9th,Johnson High School,76,80
33625,Richard Burns,M,10th,Johnson High School,70,96
33626,Debra Evans,F,9th,Johnson High School,85,97
33627,Mary Lara,F,12th,Johnson High School,89,94
33628,Gerald Martinez,M,9th,Johnson High School,81,61
33629,Jeremy Parker,M,12th,Johnson High School,73,98
33630,Mark Gardner,M,10th,Johnson High School,66,65
33631,Kenneth Higgins,M,12th,Johnson High School,94,69
33632,Blake Wright,M,12th,Johnson High School,91,68
33633,Michelle Nielsen,F,9th,Johnson High School,91,74
33634,Stanley Lee,M,11th,Johnson High School,68,73
33635,Rebecca Rodriguez,F,11th,Johnson High School,78,83
33636,Elizabeth Schwartz,F,9th,Johnson High School,70,68
33637,Derek Martinez,M,12th,Johnson High School,86,65
33638,Carol Gomez,F,11th,Johnson High School,93,85
33639,Ashley Morrison,F,12th,Johnson High School,87,69
33640,Jason Parker,M,12th,Johnson High School,99,56
33641,Jennifer Ramsey,F,9th,Johnson High School,77,93
33642,Caleb Martinez,M,10th,Johnson High School,68,59
33643,Darius Williams,M,10th,Johnson High School,96,61
33644,Debra Murray,F,9th,Johnson High School,89,72
33645,Benjamin Carlson ,M,10th,Johnson High School,70,70
33646,Sherri Carpenter,F,9th,Johnson High School,88,79
33647,Melanie Andrade,F,11th,Johnson High School,63,87
33648,Jeanne Anderson,F,11th,Johnson High School,63,76
33649,Emily Fitzgerald ,F,9th,Johnson High School,69,71
33650,Joseph Murray,M,9th,Johnson High School,64,65
33651,Jose Heath,M,11th,Johnson High School,82,72
33652,Kristen Snyder,F,11th,Johnson High School,85,87
33653,Tina Gutierrez,F,9th,Johnson High School,69,73
33654,Ashley Dickerson,F,9th,Johnson High School,99,62
33655,Marie Flores,F,11th,Johnson High School,69,91
33656,Taylor Castro,F,12th,Johnson High School,87,68
33657,Peter Armstrong,M,12th,Johnson High School,83,75
33658,Ryan Hamilton,M,11th,Johnson High School,79,81
33659,Cameron Jones,M,9th,Johnson High School,63,74
33660,Cheryl Hayes,F,11th,Johnson High School,68,99
33661,Jason Morgan,M,12th,Johnson High School,99,83
33662,David Jones,M,12th,Johnson High School,66,85
33663,Adam Garcia,M,11th,Johnson High School,91,82
33664,Douglas Novak,M,11th,Johnson High School,91,83
33665,Scott Anderson,M,10th,Johnson High School,66,87
33666,Emily Thomas,F,9th,Johnson High School,87,79
33667,Scott Carlson,M,12th,Johnson High School,81,66
33668,Mrs. Carolyn Cole,F,12th,Johnson High School,95,66
33669,Nicholas Allen,M,9th,Johnson High School,91,77
33670,Robert Green,M,10th,Johnson High School,91,67
33671,Sandra Thomas,F,10th,Johnson High School,73,71
33672,Christina Brown,F,11th,Johnson High School,64,69
33673,Jessica Sanchez,F,9th,Johnson High School,75,92
33674,Rhonda Williams,F,9th,Johnson High School,79,82
33675,Corey Jordan,M,9th,Johnson High School,74,69
33676,Ronald Burton,M,10th,Johnson High School,92,87
33677,Justin Hernandez,M,9th,Johnson High School,96,70
33678,Angela Ray,F,12th,Johnson High School,77,56
33679,Jeffery Peters,M,11th,Johnson High School,84,89
33680,Heather Jackson,F,12th,Johnson High School,86,60
33681,Philip Moyer,M,12th,Johnson High School,81,73
33682,Jose Hayes,M,12th,Johnson High School,70,83
33683,Katherine Wright,F,10th,Johnson High School,65,85
33684,Amber Wright,F,10th,Johnson High School,88,60
33685,Daniel Johnson,M,11th,Johnson High School,63,85
33686,Crystal Green,F,12th,Johnson High School,79,99
33687,Mary Carney,F,9th,Johnson High School,80,60
33688,Charles Morgan,M,12th,Johnson High School,74,92
33689,Bruce Cummings ,M,12th,Johnson High School,83,57
33690,Janice Wright,F,9th,Johnson High School,82,97
33691,Darlene Stevens,F,10th,Johnson High School,94,67
33692,Tracie Simpson,F,9th,Johnson High School,95,76
33693,Ryan Franklin,M,10th,Johnson High School,64,84
33694,Mary Nguyen,F,10th,Johnson High School,99,75
33695,Morgan Smith,F,11th,Johnson High School,94,89
33696,Jerry Taylor,M,12th,Johnson High School,77,77
33697,Carolyn Barnes,F,9th,Johnson High School,75,66
33698,Lori Ibarra,F,9th,Johnson High School,64,59
33699,Christopher Mack,M,10th,Johnson High School,80,88
33700,Felicia Davis,F,11th,Johnson High School,73,76
33701,Joseph Adkins,M,11th,Johnson High School,94,62
33702,Lisa Vance ,F,9th,Johnson High School,95,93
33703,Jason Garcia,M,11th,Johnson High School,99,96
33704,Annette Harris,F,11th,Johnson High School,75,81
33705,Cheryl Brown,F,10th,Johnson High School,96,89
33706,Michael Rivera,M,9th,Johnson High School,74,74
33707,Joshua Pham,M,12th,Johnson High School,64,55
33708,Erika Peterson,F,10th,Johnson High School,93,60
33709,Brian Livingston,M,12th,Johnson High School,70,60
33710,James Nunez,M,9th,Johnson High School,81,74
33711,Mrs. Lisa Doyle,F,12th,Johnson High School,97,71
33712,Jessica Sanders,F,10th,Johnson High School,63,98
33713,Kimberly Velez,F,9th,Johnson High School,64,90
33714,Vincent Richard,M,9th,Johnson High School,71,79
33715,Ricardo Hicks,M,10th,Johnson High School,74,88
33716,Janet Hill,F,11th,Johnson High School,94,90
33717,Jenna French,F,9th,Johnson High School,84,66
33718,Donna Lam,F,11th,Johnson High School,90,97
33719,John Torres,M,9th,Johnson High School,73,64
33720,Jacob Le,M,10th,Johnson High School,70,92
33721,Kathryn Vasquez,F,10th,Johnson High School,72,99
33722,Jeremy Miller,M,12th,Johnson High School,95,92
33723,Maria Stevens,F,10th,Johnson High School,88,81
33724,Jennifer Munoz,F,9th,Johnson High School,91,72
33725,Gary Hull,M,12th,Johnson High School,97,93
33726,Shawn Warner,M,9th,Johnson High School,84,94
33727,Andrew Savage,M,9th,Johnson High School,79,84
33728,Patricia Collins,F,11th,Johnson High School,76,76
33729,Cody Walker,M,10th,Johnson High School,87,94
33730,Carlos Collier,M,12th,Johnson High School,93,60
33731,Maria Martinez,F,10th,Johnson High School,84,74
33732,Jeremy Lawson,M,11th,Johnson High School,84,82
33733,Karen Ford,F,10th,Johnson High School,83,74
33734,Carlos Wiggins,M,9th,Johnson High School,70,82
33735,Brandon Turner,M,9th,Johnson High School,72,60
33736,Eric Espinoza,M,11th,Johnson High School,85,78
33737,Jean Lewis,F,12th,Johnson High School,72,74
33738,Nicole Arias,F,11th,Johnson High School,91,70
33739,Walter Castaneda,M,10th,Johnson High School,68,75
33740,Michelle Johnston,F,12th,Johnson High School,71,78
33741,Barbara Rowe,F,9th,Johnson High School,80,86
33742,Anna Walker,F,10th,Johnson High School,77,68
33743,Brenda Sandoval,F,11th,Johnson High School,97,98
33744,Michelle Roberts,F,10th,Johnson High School,84,81
33745,Kelly Robinson,F,9th,Johnson High School,72,93
33746,Ralph Long,M,10th,Johnson High School,72,83
33747,Ashley White,F,10th,Johnson High School,94,62
33748,Jennifer Stark,F,10th,Johnson High School,81,90
33749,Brian Hughes,M,9th,Johnson High School,69,58
33750,Anthony Rowe,M,11th,Johnson High School,85,76
33751,James Hancock,M,11th,Johnson High School,70,79
33752,Charles Underwood,M,12th,Johnson High School,66,97
33753,Sheila Garcia,F,9th,Johnson High School,70,83
33754,Catherine Melendez,F,12th,Johnson High School,74,60
33755,Joseph Landry,M,12th,Johnson High School,87,85
33756,Alexandria Rhodes,F,11th,Johnson High School,98,55
33757,Joanna Dixon,F,11th,Johnson High School,91,82
33758,Zachary Jones,M,9th,Johnson High School,68,97
33759,Joshua Anderson,M,11th,Johnson High School,96,83
33760,Joseph Osborn,M,11th,Johnson High School,96,98
33761,Rebecca Ruiz,F,10th,Johnson High School,88,77
33762,Jeffrey Carpenter,M,12th,Johnson High School,81,56
33763,Cynthia Harvey,F,11th,Johnson High School,92,94
33764,Jennifer Richardson,F,9th,Johnson High School,86,65
33765,Hannah Flynn,F,11th,Johnson High School,97,86
33766,John Young,M,9th,Johnson High School,77,84
33767,Kevin Jordan,M,9th,Johnson High School,98,59
33768,Zachary Stuart,M,9th,Johnson High School,67,89
33769,Nicholas White,M,10th,Johnson High School,92,83
33770,Jason Thompson,M,11th,Johnson High School,66,78
33771,Kevin Brewer,M,9th,Johnson High School,73,64
33772,Tammy Haley,F,10th,Johnson High School,67,67
33773,Christina Garrett,F,9th,Johnson High School,86,75
33774,John Charles,M,10th,Johnson High School,74,95
33775,James Lowe,M,10th,Johnson High School,81,76
33776,Lori Sharp,F,11th,Johnson High School,92,63
33777,Theresa Smith,F,11th,Johnson High School,90,60
33778,Douglas Hill,M,12th,Johnson High School,70,64
33779,Deborah Watkins,F,12th,Johnson High School,73,98
33780,Amanda Hurley,F,9th,Johnson High School,76,57
33781,Jose Harris,M,11th,Johnson High School,73,64
33782,Kendra Oliver,F,11th,Johnson High School,64,69
33783,John Stewart,M,10th,Johnson High School,79,93
33784,Evan Bowers,M,9th,Johnson High School,89,63
33785,Jennifer Harvey,F,11th,Johnson High School,89,58
33786,Kathryn Donovan,F,11th,Johnson High School,94,78
33787,Paula Lynch,F,10th,Johnson High School,65,60
33788,Tina Wilson,F,10th,Johnson High School,74,73
33789,Sarah Davis,F,10th,Johnson High School,88,61
33790,Michaela Myers,F,10th,Johnson High School,96,83
33791,Adam Harris,M,12th,Johnson High School,75,64
33792,Kimberly Lucas,F,11th,Johnson High School,66,97
33793,Shawn Kirk,M,10th,Johnson High School,77,71
33794,Michael Mendez,M,11th,Johnson High School,97,93
33795,Maria Shields,F,9th,Johnson High School,76,94
33796,Sharon Clarke,F,10th,Johnson High School,72,64
33797,Brenda Meyer,F,9th,Johnson High School,88,82
33798,William Hill,M,12th,Johnson High School,68,93
33799,Jorge Lee,M,12th,Johnson High School,76,97
33800,Shannon Smith,F,9th,Johnson High School,79,79
33801,Michael Holt,M,11th,Johnson High School,86,76
33802,Jesus Melton,M,9th,Johnson High School,97,93
33803,Kimberly Richards,F,10th,Johnson High School,71,69
33804,Stephanie Butler,F,12th,Johnson High School,64,61
33805,Vincent Brown,M,10th,Johnson High School,87,65
33806,Melissa Tran,F,10th,Johnson High School,97,97
33807,Amanda Nguyen,F,10th,Johnson High School,93,80
33808,Elijah Miller,M,9th,Johnson High School,93,97
33809,Ryan Thomas,M,10th,Johnson High School,66,71
33810,Derrick Young,M,12th,Johnson High School,82,87
33811,Peggy Shepard,F,9th,Johnson High School,68,71
33812,Ralph Smith,M,9th,Johnson High School,68,94
33813,Kevin Barnett,M,9th,Johnson High School,74,89
33814,Taylor Garza,F,12th,Johnson High School,82,77
33815,Fernando Wilson,M,12th,Johnson High School,68,73
33816,Teresa Grant,F,11th,Johnson High School,96,74
33817,Amanda Hernandez,F,12th,Johnson High School,95,66
33818,Hailey Hunter,F,10th,Johnson High School,67,81
33819,Diane Mcknight,F,10th,Johnson High School,75,93
33820,Mary Cole,F,11th,Johnson High School,70,77
33821,Lindsey Thompson,F,9th,Johnson High School,79,97
33822,Nicole Jackson,F,10th,Johnson High School,69,65
33823,Denise Taylor,F,10th,Johnson High School,66,92
33824,Lindsay Martinez,F,9th,Johnson High School,85,88
33825,Lee Johnson,M,12th,Johnson High School,78,70
33826,Grant Reese,M,10th,Johnson High School,67,60
33827,Jason Mcintyre,M,11th,Johnson High School,90,71
33828,Michelle Brooks,F,10th,Johnson High School,83,82
33829,Oscar Martin,M,10th,Johnson High School,86,62
33830,Donna Cook,F,11th,Johnson High School,65,74
33831,Jessica Johnson,F,9th,Johnson High School,78,76
33832,Elizabeth Robinson PhD,F,9th,Johnson High School,81,90
33833,Kaitlyn Carter,F,10th,Johnson High School,73,95
33834,Carrie Henry,F,10th,Johnson High School,94,87
33835,Alexandra Weaver,F,11th,Johnson High School,72,76
33836,Dale Smith,M,11th,Johnson High School,77,71
33837,Troy Kennedy,M,9th,Johnson High School,77,89
33838,Linda Roman,F,12th,Johnson High School,92,68
33839,Michael Macdonald,M,9th,Johnson High School,85,89
33840,Michelle Parker,F,11th,Johnson High School,64,77
33841,Melissa Sims,F,11th,Johnson High School,84,84
33842,David Tyler,M,9th,Johnson High School,71,92
33843,Kathryn Wilson,F,9th,Johnson High School,95,63
33844,Angela Harrison,F,10th,Johnson High School,76,86
33845,Charles Salazar,M,9th,Johnson High School,65,96
33846,Aaron Cole,M,9th,Johnson High School,87,86
33847,Travis Anderson,M,10th,Johnson High School,68,79
33848,Andrew Mack,M,11th,Johnson High School,72,75
33849,Elizabeth Perry,F,9th,Johnson High School,64,97
33850,Karen Owen,F,10th,Johnson High School,84,89
33851,Keith Rodriguez,M,10th,Johnson High School,89,75
33852,Melissa Carter,F,9th,Johnson High School,95,69
33853,Rachel Hernandez,F,12th,Johnson High School,93,61
33854,Connie Hudson,F,10th,Johnson High School,75,85
33855,Sarah Love,F,10th,Johnson High School,68,95
33856,Sandra Mullins,F,12th,Johnson High School,66,59
33857,Debbie Thomas,F,9th,Johnson High School,83,87
33858,Timothy Medina,M,11th,Johnson High School,71,90
33859,Kevin Howe,M,11th,Johnson High School,86,92
33860,David Marquez,M,9th,Johnson High School,83,57
33861,Nancy Anthony,F,9th,Johnson High School,76,91
33862,Lawrence Bennett,M,11th,Johnson High School,89,71
33863,Timothy Garcia,M,10th,Johnson High School,66,68
33864,Jessica Johnson,F,12th,Johnson High School,63,62
33865,Aaron Williamson,M,9th,Johnson High School,67,98
33866,James Holt,M,10th,Johnson High School,82,55
33867,Amy Anderson,F,12th,Johnson High School,99,88
33868,Danielle Tran,F,10th,Johnson High School,70,63
33869,Rickey Barnes,M,10th,Johnson High School,89,94
33870,Eric Conrad,M,11th,Johnson High School,77,59
33871,Taylor Rojas,F,11th,Johnson High School,74,87
33872,Tanner Bates,M,11th,Johnson High School,71,85
33873,Kristina Burns,F,10th,Johnson High School,83,89
33874,Deborah Mack,F,10th,Johnson High School,95,58
33875,Natalie Gonzales,F,9th,Johnson High School,79,86
33876,Richard Smith,M,11th,Johnson High School,97,65
33877,David Thompson,M,10th,Johnson High School,81,74
33878,Andrew Sanchez,M,10th,Johnson High School,89,57
33879,Kathleen Lang,F,12th,Johnson High School,96,95
33880,Jamie White,M,9th,Johnson High School,64,94
33881,Troy Townsend,M,9th,Johnson High School,70,64
33882,John Walter,M,9th,Johnson High School,66,81
33883,Pamela Smith,F,9th,Johnson High School,74,65
33884,Thomas Hughes,M,10th,Johnson High School,70,70
33885,Julie Gillespie,F,10th,Johnson High School,83,94
33886,Christina Moore,F,10th,Johnson High School,75,66
33887,Marvin Gay,M,9th,Johnson High School,90,59
33888,Barbara Ross,F,9th,Johnson High School,94,90
33889,Ryan Fox,M,9th,Johnson High School,69,98
33890,Tara Schwartz,F,10th,Johnson High School,83,77
33891,Tracie Drake,F,12th,Johnson High School,82,84
33892,Meredith Riley,F,9th,Johnson High School,96,70
33893,Robert Hanson,M,9th,Johnson High School,81,74
33894,George Hess Jr.,M,11th,Johnson High School,77,92
33895,Angelica Miller,F,9th,Johnson High School,72,55
33896,Carol Wallace,F,11th,Johnson High School,86,95
33897,Michael King,M,10th,Johnson High School,70,77
33898,Amy Cabrera,F,9th,Johnson High School,77,80
33899,Tiffany Harrington,F,10th,Johnson High School,92,84
33900,Stephanie Hopkins,F,9th,Johnson High School,84,65
33901,Sandra Rodriguez,F,11th,Johnson High School,68,85
33902,Andrew Holt,M,11th,Johnson High School,70,93
33903,Eric Horton,M,12th,Johnson High School,72,68
33904,Jenny Cox,F,11th,Johnson High School,84,56
33905,Dawn Whitaker,F,9th,Johnson High School,84,81
33906,Amanda Harrison,F,11th,Johnson High School,97,62
33907,Joseph Reyes,M,10th,Johnson High School,69,91
33908,Johnathan Hopkins,M,12th,Johnson High School,86,77
33909,April Anderson,F,10th,Johnson High School,80,77
33910,William Anderson,M,9th,Johnson High School,98,62
33911,Andrew Smith,M,11th,Johnson High School,76,77
33912,Michael Lopez,M,11th,Johnson High School,73,62
33913,Jorge Wright,M,9th,Johnson High School,75,83
33914,Steven Schmitt,M,9th,Johnson High School,81,71
33915,Stephen Bryant,M,10th,Johnson High School,96,69
33916,Rebecca Howard,F,11th,Johnson High School,92,77
33917,William Flores,M,12th,Johnson High School,67,67
33918,Abigail Johnson,F,9th,Johnson High School,87,84
33919,Alison Smith,F,12th,Johnson High School,95,68
33920,Courtney Cox PhD,F,11th,Johnson High School,70,78
33921,Brian Schmidt ,M,12th,Johnson High School,63,94
33922,Michael Murphy,M,9th,Johnson High School,66,56
33923,Lisa Beasley,F,11th,Johnson High School,72,68
33924,David Stokes,M,10th,Johnson High School,98,91
33925,Amber Poole,F,11th,Johnson High School,83,65
33926,Christopher Berg,M,12th,Johnson High School,86,77
33927,Kevin Briggs Jr.,M,12th,Johnson High School,71,76
33928,James Matthews,M,12th,Johnson High School,68,96
33929,Jennifer Cruz,F,9th,Johnson High School,85,97
33930,Donald Villanueva,M,12th,Johnson High School,87,61
33931,Bryan Odom,M,9th,Johnson High School,79,65
33932,Daniel Crawford,M,11th,Johnson High School,91,94
33933,Edward Wolfe,M,11th,Johnson High School,78,79
33934,Ruth Davis,F,9th,Johnson High School,68,70
33935,Jenna Porter,F,9th,Johnson High School,80,76
33936,Matthew Wilson,M,12th,Johnson High School,64,61
33937,Vanessa Jones,F,9th,Johnson High School,84,88
33938,Shannon Hunt,F,10th,Johnson High School,80,87
33939,Ryan Jimenez,M,10th,Johnson High School,91,90
33940,William Oconnor,M,11th,Johnson High School,87,93
33941,Susan Hart,F,11th,Johnson High School,75,90
33942,Crystal Short,F,9th,Johnson High School,82,94
33943,Grace Austin,F,11th,Johnson High School,92,82
33944,Jason Hernandez,M,11th,Johnson High School,71,55
33945,Bailey Leblanc,F,12th,Johnson High School,98,67
33946,Barry Knox,M,10th,Johnson High School,88,70
33947,Gina Nash,F,12th,Johnson High School,90,69
33948,Andrew Leon,M,9th,Johnson High School,85,88
33949,Louis Cooper ,M,10th,Johnson High School,74,84
33950,Brandon Mccarthy,M,12th,Johnson High School,88,91
33951,John Gay,M,9th,Johnson High School,77,56
33952,William Cardenas,M,9th,Johnson High School,89,90
33953,Katherine Holmes,F,10th,Johnson High School,86,65
33954,Caleb Campbell,M,9th,Johnson High School,89,90
33955,Kimberly Mendoza,F,12th,Johnson High School,99,78
33956,Jacqueline Graham,F,10th,Johnson High School,80,97
33957,Angela Ortiz,F,9th,Johnson High School,80,58
33958,Debra Powell,F,11th,Johnson High School,80,92
33959,George Garza,M,11th,Johnson High School,98,74
33960,Barry Torres,M,11th,Johnson High School,80,98
33961,Jacob Jennings,M,10th,Johnson High School,80,69
33962,Christopher Jones,M,12th,Johnson High School,88,97
33963,Loretta Williams,F,12th,Johnson High School,99,88
33964,Kristen Fox,F,12th,Johnson High School,86,97
33965,Diane Carrillo,F,9th,Johnson High School,85,60
33966,Melanie Thompson,F,11th,Johnson High School,97,59
33967,Katherine Perez,F,11th,Johnson High School,92,73
33968,Courtney Williams,F,12th,Johnson High School,84,59
33969,Dana Wu,F,10th,Johnson High School,81,62
33970,Lisa Howe,F,9th,Johnson High School,66,91
33971,Mrs. Tabitha Coleman,F,10th,Johnson High School,93,60
33972,Thomas Knox ,M,10th,Johnson High School,84,72
33973,Jeffrey Boyd,M,9th,Johnson High School,71,68
33974,Samuel Rasmussen,M,10th,Johnson High School,63,72
33975,Connie Garcia,F,12th,Johnson High School,74,80
33976,Sherry Neal,F,10th,Johnson High School,91,69
33977,Olivia Butler,F,12th,Johnson High School,80,82
33978,Charles Bell,M,9th,Johnson High School,68,87
33979,Colleen Brooks,F,12th,Johnson High School,99,70
33980,Karen Wu,F,10th,Johnson High School,96,88
33981,Paul Williams,M,10th,Johnson High School,72,55
33982,Jessica Jackson,F,10th,Johnson High School,85,71
33983,Jared Lee,M,10th,Johnson High School,69,77
33984,Jessica Rose,F,12th,Johnson High School,79,71
33985,Jessica Castro,F,9th,Johnson High School,97,95
33986,Alyssa Benson,F,9th,Johnson High School,74,58
33987,Jodi Anderson,F,11th,Johnson High School,67,89
33988,Chris Harris,M,9th,Johnson High School,65,66
33989,Kimberly Garner,F,9th,Johnson High School,68,91
33990,Jose Gonzalez,M,11th,Johnson High School,69,74
33991,Jacqueline Blake,F,10th,Johnson High School,86,78
33992,Jack Blanchard,M,12th,Johnson High School,79,99
33993,Brad Austin,M,9th,Johnson High School,70,70
33994,Samuel Beck,M,11th,Johnson High School,85,92
33995,Michele Haynes,F,9th,Johnson High School,99,95
33996,Charles Rowe,M,12th,Johnson High School,82,84
33997,Joseph Henry,M,10th,Johnson High School,67,84
33998,Bryan Byrd,M,10th,Johnson High School,90,80
33999,Janice Barnett,F,11th,Johnson High School,80,84
34000,Michael Pierce,M,10th,Johnson High School,65,67
34001,Dylan Reilly,M,10th,Johnson High School,92,55
34002,Stacy Gordon,F,12th,Johnson High School,89,82
34003,Johnathan Jimenez,M,11th,Johnson High School,84,67
34004,Jacob Holmes,M,9th,Johnson High School,65,86
34005,Nicholas Russell,M,10th,Johnson High School,67,62
34006,Sierra Little ,F,9th,Johnson High School,83,86
34007,Gregory Munoz,M,12th,Johnson High School,73,86
34008,Bobby Duran,M,11th,Johnson High School,88,87
34009,Tammy Hunt,F,10th,Johnson High School,84,95
34010,Gwendolyn Willis,F,10th,Johnson High School,95,64
34011,Edward Johnson,M,11th,Johnson High School,98,58
34012,Joseph Matthews III,M,11th,Johnson High School,71,83
34013,Travis Hill,M,12th,Johnson High School,69,71
34014,John Griffith,M,12th,Johnson High School,67,67
34015,Jenny Reeves,F,12th,Johnson High School,88,60
34016,Sara Coleman,F,10th,Johnson High School,87,89
34017,John Moody,M,9th,Johnson High School,77,82
34018,Melinda Leonard,F,11th,Johnson High School,82,69
34019,Mrs. Brenda Henderson ,F,9th,Johnson High School,72,73
34020,Elizabeth Jennings,F,11th,Johnson High School,82,89
34021,Justin Garcia,M,10th,Johnson High School,77,87
34022,James Miles,M,11th,Johnson High School,96,70
34023,Alexander Anderson,M,12th,Johnson High School,78,67
34024,Nancy Johnson,F,11th,Johnson High School,90,75
34025,Brandon Vazquez,M,11th,Johnson High School,95,91
34026,Rodney Smith,M,12th,Johnson High School,96,63
34027,David Jackson,M,9th,Johnson High School,72,64
34028,Edward Alvarado,M,11th,Johnson High School,63,97
34029,Madison Russell,F,12th,Johnson High School,79,99
34030,Eric Hughes,M,12th,Johnson High School,83,70
34031,Kenneth Reeves,M,10th,Johnson High School,79,67
34032,Ashley Park,F,10th,Johnson High School,83,61
34033,Evan Payne,M,9th,Johnson High School,66,96
34034,Jacqueline Butler,F,10th,Johnson High School,90,61
34035,Renee Washington,F,10th,Johnson High School,78,66
34036,Matthew Scott,M,11th,Johnson High School,88,56
34037,Michael Martin ,M,9th,Johnson High School,80,87
34038,Joseph Holder,M,12th,Johnson High School,76,71
34039,Tammy Moore,F,11th,Johnson High School,89,97
34040,Ralph Brown,M,12th,Johnson High School,82,74
34041,Megan Higgins,F,9th,Johnson High School,90,76
34042,Catherine Small,F,12th,Johnson High School,79,74
34043,James Howard,M,9th,Johnson High School,93,68
34044,Kayla Torres,F,9th,Johnson High School,94,56
34045,Nancy Castaneda,F,11th,Johnson High School,73,79
34046,Lauren Gonzales,F,12th,Johnson High School,70,66
34047,Dominique Jones,F,12th,Johnson High School,97,92
34048,Deborah Evans,F,11th,Johnson High School,92,88
34049,Justin Lara,M,10th,Johnson High School,85,84
34050,Steven Simmons,M,9th,Johnson High School,68,85
34051,Leslie Wang,F,12th,Johnson High School,83,96
34052,Andrew Dennis,M,10th,Johnson High School,80,69
34053,Allen Greene,M,9th,Johnson High School,63,85
34054,Annette Brown,F,11th,Johnson High School,69,78
34055,Darrell Gonzalez,M,9th,Johnson High School,78,90
34056,Dana Diaz,F,10th,Johnson High School,66,78
34057,Antonio Johnson,M,9th,Johnson High School,94,67
34058,Tammy Nelson,F,9th,Johnson High School,66,57
34059,Matthew Tran,M,9th,Johnson High School,82,83
34060,Edward Davenport,M,10th,Johnson High School,98,90
34061,Colleen Leach,F,10th,Johnson High School,78,98
34062,Victor Walker,M,12th,Johnson High School,66,92
34063,Mary Brooks,F,12th,Johnson High School,90,99
34064,Vincent Cook,M,9th,Johnson High School,71,84
34065,Sandra Ortega,F,10th,Johnson High School,72,74
34066,Walter Stone,M,10th,Johnson High School,77,66
34067,Adam Frank,M,9th,Johnson High School,79,88
34068,Jonathan Hodges,M,10th,Johnson High School,90,62
34069,Dylan Bailey Jr.,M,10th,Johnson High School,74,83
34070,Gregory Adams,M,9th,Johnson High School,77,91
34071,Jordan Gardner,M,10th,Johnson High School,66,82
34072,Aimee Jackson,F,11th,Johnson High School,63,63
34073,Janet Delacruz,F,11th,Johnson High School,97,98
34074,Anthony Lee,M,10th,Johnson High School,78,99
34075,Charles Simmons,M,9th,Johnson High School,92,72
34076,Taylor Summers,F,11th,Johnson High School,76,61
34077,Jennifer Moses,F,11th,Johnson High School,75,95
34078,Laura Deleon,F,12th,Johnson High School,84,59
34079,Kimberly Wolf,F,12th,Johnson High School,91,72
34080,Jamie Campbell,F,10th,Johnson High School,96,93
34081,Matthew Herrera,M,10th,Johnson High School,68,82
34082,Ashley Johnson,F,12th,Johnson High School,85,62
34083,Scott Johnson,M,9th,Johnson High School,65,72
34084,Jeffery Richardson,M,11th,Johnson High School,76,70
34085,Matthew Williamson,M,9th,Johnson High School,82,84
34086,Janet Bishop,F,9th,Johnson High School,81,69
34087,Denise Mueller,F,11th,Johnson High School,99,66
34088,James Meyer,M,11th,Johnson High School,77,92
34089,Trevor Ellis,M,11th,Johnson High School,68,70
34090,Kelly King,F,9th,Johnson High School,96,68
34091,Haley Lee,F,11th,Johnson High School,82,62
34092,Vanessa Scott,F,10th,Johnson High School,82,67
34093,Blake Thomas,M,9th,Johnson High School,95,56
34094,William Carter,M,10th,Johnson High School,96,79
34095,Betty Morales,F,9th,Johnson High School,96,90
34096,Jonathan Beltran,M,9th,Johnson High School,89,93
34097,Nathaniel Roberts,M,9th,Johnson High School,82,82
34098,Andrew Smith,M,11th,Johnson High School,67,96
34099,Michael Walls,M,9th,Johnson High School,92,63
34100,Todd Smith,M,10th,Johnson High School,65,86
34101,Becky Saunders,F,12th,Johnson High School,96,74
34102,Ashley Jones,F,11th,Johnson High School,78,55
34103,Rebecca Allen,F,11th,Johnson High School,72,62
34104,John Jackson,M,10th,Johnson High School,68,80
34105,Jesse Moore,M,11th,Johnson High School,86,68
34106,Johnny Sellers,M,9th,Johnson High School,76,60
34107,Bob Olson,M,12th,Johnson High School,68,85
34108,Stephen Armstrong,M,12th,Johnson High School,90,55
34109,Alejandra Russell,F,11th,Johnson High School,65,87
34110,Vanessa Smith,F,10th,Johnson High School,99,90
34111,Ann Tucker,F,11th,Johnson High School,89,65
34112,Phillip Olson,M,11th,Johnson High School,97,84
34113,Joshua Cantu,M,11th,Johnson High School,94,61
34114,Kevin Thomas,M,9th,Johnson High School,75,78
34115,Laura Kline,F,9th,Johnson High School,71,99
34116,John Weaver,M,12th,Johnson High School,78,94
34117,Carlos Fernandez,M,11th,Johnson High School,79,65
34118,Jasmine Murphy,F,10th,Johnson High School,93,82
34119,Matthew King,M,9th,Johnson High School,68,92
34120,Emily Savage,F,9th,Johnson High School,93,91
34121,Lisa Hernandez ,F,10th,Johnson High School,75,79
34122,Michelle Butler,F,12th,Johnson High School,67,68
34123,Lisa Thomas,F,12th,Johnson High School,98,60
34124,Luke Cordova,M,9th,Johnson High School,96,70
34125,Alexander Bailey,M,10th,Johnson High School,85,86
34126,Isaac Bailey,M,11th,Johnson High School,93,97
34127,Dean Hunter,M,12th,Johnson High School,90,61
34128,Christopher Price,M,9th,Johnson High School,65,84
34129,Connie Jones,F,10th,Johnson High School,82,56
34130,Sara Thompson,F,12th,Johnson High School,67,97
34131,Carol Jenkins,F,11th,Johnson High School,64,89
34132,Victoria Lutz,F,12th,Johnson High School,87,75
34133,Jacob Jenkins,M,9th,Johnson High School,88,98
34134,Angelica Walker,F,10th,Johnson High School,73,55
34135,James Wiley,M,10th,Johnson High School,66,65
34136,Michael Gibbs,M,9th,Johnson High School,73,74
34137,Ashley Carter,F,10th,Johnson High School,91,96
34138,Rachel Santos,F,10th,Johnson High School,82,81
34139,Brittany Black,F,9th,Johnson High School,82,86
34140,Amanda Watts,F,9th,Johnson High School,73,70
34141,April Wade,F,12th,Johnson High School,70,68
34142,Amanda Pearson,F,10th,Johnson High School,73,71
34143,Shawn Marsh,M,11th,Johnson High School,84,93
34144,Bonnie Jackson,F,9th,Johnson High School,75,92
34145,Angel Brown ,M,10th,Johnson High School,92,82
34146,Christopher Stein,M,9th,Johnson High School,98,93
34147,James Ward,M,10th,Johnson High School,82,86
34148,Christina Humphrey,F,12th,Johnson High School,77,74
34149,Sydney Rodriguez,F,9th,Johnson High School,90,84
34150,Kathleen Suarez,F,9th,Johnson High School,96,90
34151,Carlos Ward,M,10th,Johnson High School,81,57
34152,Richard Fowler,M,9th,Johnson High School,86,87
34153,Valerie Reyes,F,9th,Johnson High School,98,74
34154,Alicia Peters,F,10th,Johnson High School,71,89
34155,Barbara Jones,F,10th,Johnson High School,69,87
34156,Jennifer Harris,F,12th,Johnson High School,82,97
34157,Anna Villegas,F,9th,Johnson High School,75,94
34158,Alicia Long,F,11th,Johnson High School,95,75
34159,Justin Larson,M,10th,Johnson High School,64,58
34160,Dawn Crosby,F,10th,Johnson High School,69,90
34161,Dustin Lewis,M,11th,Johnson High School,74,63
34162,Wendy Browning,F,9th,Johnson High School,81,66
34163,Robin Ford,F,12th,Johnson High School,97,77
34164,James Vazquez,M,10th,Johnson High School,78,69
34165,Jonathan Whitney,M,11th,Johnson High School,95,97
34166,Theresa Hendricks,F,10th,Johnson High School,89,87
34167,Emily Scott,F,11th,Johnson High School,71,65
34168,Julie Shaw,F,12th,Johnson High School,70,65
34169,Kenneth Martin,M,11th,Johnson High School,91,91
34170,Kayla Hammond,F,12th,Johnson High School,92,99
34171,Sandra Williams,F,12th,Johnson High School,74,90
34172,Ryan Gonzalez,M,11th,Johnson High School,78,93
34173,Kathryn Obrien,F,10th,Johnson High School,83,71
34174,Robyn Lane,F,12th,Johnson High School,78,96
34175,Alex Meza,M,11th,Johnson High School,76,98
34176,Kathryn Martin,F,11th,Johnson High School,88,65
34177,Karen Mcguire,F,11th,Johnson High School,68,75
34178,Donald Henderson,M,11th,Johnson High School,81,71
34179,Christine Lawson,F,10th,Johnson High School,98,83
34180,Rebecca Cole,F,10th,Johnson High School,76,96
34181,Jacob Johnson,M,12th,Johnson High School,71,71
34182,Connie Brown,F,12th,Johnson High School,92,55
34183,Joseph Bowman,M,9th,Johnson High School,65,92
34184,Richard Zimmerman,M,10th,Johnson High School,91,73
34185,Anthony Lewis,M,9th,Johnson High School,72,96
34186,Ivan Garcia,M,9th,Johnson High School,74,87
34187,Angela Smith,F,9th,Johnson High School,97,61
34188,Carlos Hayes,M,9th,Johnson High School,81,68
34189,Cody Burns,M,11th,Johnson High School,90,78
34190,Robert Moreno,M,9th,Johnson High School,70,85
34191,Jonathan Smith,M,11th,Johnson High School,74,89
34192,Diana Allen,F,11th,Johnson High School,82,88
34193,Shelby Gordon,F,11th,Johnson High School,78,61
34194,Brad Ortiz,M,9th,Johnson High School,67,59
34195,Brittany Powers,F,10th,Johnson High School,77,79
34196,Brittany Dennis,F,10th,Johnson High School,99,58
34197,Steven Vang,M,11th,Johnson High School,89,65
34198,Debra Hensley,F,12th,Johnson High School,69,55
34199,Ashley Taylor,F,12th,Johnson High School,72,61
34200,Richard Mccoy,M,11th,Johnson High School,66,76
34201,Kristen Williams,F,9th,Johnson High School,86,64
34202,Timothy Carter,M,9th,Johnson High School,67,81
34203,Matthew Edwards,M,11th,Johnson High School,67,97
34204,Sarah Munoz,F,10th,Johnson High School,74,88
34205,Nathan Harrell,M,11th,Johnson High School,95,97
34206,Ashley Mills,F,10th,Johnson High School,86,83
34207,Nathan Johnson,M,11th,Johnson High School,74,66
34208,Michelle Ramirez,F,10th,Johnson High School,70,57
34209,Yvonne Wells,F,11th,Johnson High School,64,97
34210,Victor Savage,M,10th,Johnson High School,86,72
34211,Jamie Fisher,F,10th,Johnson High School,66,72
34212,William Brown,M,12th,Johnson High School,65,70
34213,Brandon Savage,M,9th,Johnson High School,98,99
34214,Andrew Ryan,M,11th,Johnson High School,99,61
34215,Claudia Terry,F,10th,Johnson High School,78,85
34216,Ashley Montgomery,F,9th,Johnson High School,93,87
34217,Jillian Oconnell,F,12th,Johnson High School,87,68
34218,Kimberly Bolton,F,11th,Johnson High School,80,91
34219,Alex Silva,M,12th,Johnson High School,74,78
34220,Gary Hays,M,9th,Johnson High School,92,83
34221,John Hood,M,11th,Johnson High School,80,80
34222,Joseph Freeman,M,11th,Johnson High School,68,68
34223,Aaron Perry,M,10th,Johnson High School,98,90
34224,Karl Jennings,M,10th,Johnson High School,85,97
34225,Bryan Moore,M,9th,Johnson High School,76,59
34226,Brian Walls,M,10th,Johnson High School,90,63
34227,Christopher Gonzalez,M,9th,Johnson High School,97,72
34228,Erica Jordan,F,10th,Johnson High School,74,78
34229,Richard Frost,M,11th,Johnson High School,69,99
34230,Tyler Braun,M,11th,Johnson High School,69,99
34231,John Rodriguez,M,9th,Johnson High School,89,65
34232,Amanda Roach,F,9th,Johnson High School,93,99
34233,Anthony Woods Jr.,M,12th,Johnson High School,74,79
34234,Alexis Miller,F,10th,Johnson High School,67,56
34235,Eric Williams,M,12th,Johnson High School,69,74
34236,Donna Simmons,F,9th,Johnson High School,98,65
34237,Charlene Farley,F,10th,Johnson High School,93,94
34238,Carol Downs,F,9th,Johnson High School,96,58
34239,Jerry Brown,M,9th,Johnson High School,92,87
34240,David Miller,M,10th,Johnson High School,99,62
34241,Kenneth Payne,M,12th,Johnson High School,95,68
34242,Dawn Smith,F,10th,Johnson High School,71,97
34243,Dustin Valdez,M,11th,Johnson High School,92,93
34244,Samantha Miles,F,10th,Johnson High School,98,77
34245,Jessica Contreras,F,11th,Johnson High School,94,66
34246,Robert Faulkner,M,9th,Johnson High School,66,65
34247,Christopher Lopez,M,11th,Johnson High School,70,90
34248,Kimberly Lee,F,10th,Johnson High School,98,95
34249,Mary Ortega,F,10th,Johnson High School,69,61
34250,Melissa West,F,10th,Johnson High School,71,95
34251,Patricia Anderson,F,9th,Johnson High School,78,95
34252,Bob Fletcher,M,12th,Johnson High School,63,90
34253,Mary Miller,F,9th,Johnson High School,78,94
34254,Jose Moreno,M,12th,Johnson High School,67,66
34255,Cheryl Price,F,12th,Johnson High School,67,86
34256,Brandy Nelson,F,9th,Johnson High School,99,75
34257,Laura Everett,F,10th,Johnson High School,68,74
34258,Stephanie Anderson,F,11th,Johnson High School,84,77
34259,Sean Brown,M,10th,Johnson High School,77,95
34260,Rachel Palmer,F,11th,Johnson High School,72,84
34261,Mary Murphy,F,11th,Johnson High School,93,97
34262,Lisa Mendoza,F,10th,Johnson High School,88,67
34263,Clinton Lin,M,9th,Johnson High School,98,70
34264,Doris Maldonado,F,10th,Johnson High School,71,63
34265,Belinda Petty,F,12th,Johnson High School,97,58
34266,Christopher Harris,M,12th,Johnson High School,97,63
34267,Brittany Marks,F,11th,Johnson High School,85,96
34268,Brittney Day,F,10th,Johnson High School,92,68
34269,Michael Rollins,M,11th,Johnson High School,65,83
34270,Rachel Navarro,F,11th,Johnson High School,65,98
34271,Chad Miller,M,9th,Johnson High School,86,68
34272,Cheryl Flores,F,9th,Johnson High School,97,67
34273,Melanie Miller,F,9th,Johnson High School,75,97
34274,Kimberly Brown,F,9th,Johnson High School,76,97
34275,Patrick Ortiz,M,10th,Johnson High School,90,69
34276,Christopher Burgess,M,12th,Johnson High School,74,92
34277,Darren Rush,M,11th,Johnson High School,75,98
34278,Anthony Davis,M,9th,Johnson High School,71,67
34279,Eric Thompson,M,11th,Johnson High School,79,72
34280,Theodore Harmon,M,9th,Johnson High School,74,66
34281,John Little,M,9th,Johnson High School,96,78
34282,Brenda Tran,F,9th,Johnson High School,83,98
34283,Leslie Mathis,F,9th,Johnson High School,73,78
34284,Danielle Smith,F,12th,Johnson High School,97,93
34285,Elizabeth Barr,F,9th,Johnson High School,70,97
34286,Richard Nicholson,M,12th,Johnson High School,65,55
34287,Mark Hurst,M,9th,Johnson High School,82,76
34288,Gary Santos,M,9th,Johnson High School,94,99
34289,Amber Wright,F,12th,Johnson High School,93,85
34290,Michelle Powell,F,11th,Johnson High School,85,99
34291,Katherine Garcia,F,11th,Johnson High School,88,89
34292,Kimberly Osborne,F,11th,Johnson High School,70,67
34293,Brenda Aguilar,F,11th,Johnson High School,81,62
34294,Nicholas Martinez,M,10th,Johnson High School,79,77
34295,Christian Mack,M,10th,Johnson High School,90,86
34296,Eric Horton,M,9th,Johnson High School,77,77
34297,Robert Hamilton,M,10th,Johnson High School,63,78
34298,Olivia Aguirre,F,10th,Johnson High School,82,86
34299,Joshua Hopkins,M,12th,Johnson High School,93,85
34300,Amber Lee,F,11th,Johnson High School,81,97
34301,Scott Garner,M,10th,Johnson High School,83,97
34302,Peter Villegas,M,9th,Johnson High School,94,64
34303,John Hall,M,9th,Johnson High School,74,92
34304,George Rice,M,9th,Johnson High School,82,64
34305,Anthony Bean,M,12th,Johnson High School,74,69
34306,Stephanie Zavala,F,12th,Johnson High School,98,92
34307,Kylie Shaffer,F,11th,Johnson High School,94,79
34308,Amy Watson,F,12th,Johnson High School,73,99
34309,Elizabeth Allen,F,12th,Johnson High School,72,97
34310,Ashley Holt,F,12th,Johnson High School,76,59
34311,Marcus Jones ,M,11th,Johnson High School,78,62
34312,Diamond Walton,F,9th,Johnson High School,92,70
34313,Matthew Mccarty,M,11th,Johnson High School,74,80
34314,Tyler Park,M,9th,Johnson High School,91,62
34315,Crystal Moore,F,10th,Johnson High School,85,75
34316,Nathan Thompson,M,9th,Johnson High School,91,91
34317,Michelle Mccarthy,F,12th,Johnson High School,97,87
34318,Kyle Lee,M,9th,Johnson High School,72,71
34319,Kelsey Bennett ,F,9th,Johnson High School,67,78
34320,Paula Barnes,F,12th,Johnson High School,78,83
34321,Joseph Jones,M,11th,Johnson High School,81,64
34322,Elizabeth Ford,F,10th,Johnson High School,89,58
34323,Katherine Evans,F,9th,Johnson High School,83,77
34324,Daniel Krause,M,11th,Johnson High School,68,98
34325,Destiny Horton,F,11th,Johnson High School,86,65
34326,Alexandra Pearson,F,11th,Johnson High School,68,89
34327,Peter Ortiz,M,9th,Johnson High School,85,61
34328,Robert Swanson,M,9th,Johnson High School,91,74
34329,Peter Gillespie,M,12th,Johnson High School,87,57
34330,Lisa Perkins,F,12th,Johnson High School,77,67
34331,Susan Snyder,F,10th,Johnson High School,73,81
34332,Todd Morales,M,12th,Johnson High School,77,72
34333,Shannon Murphy,F,9th,Johnson High School,91,60
34334,Steven Young,M,10th,Johnson High School,79,79
34335,Molly Mcdaniel,F,11th,Johnson High School,89,98
34336,Emily Lee,F,9th,Johnson High School,81,81
34337,Emily Morgan,F,11th,Johnson High School,71,70
34338,Kenneth Pruitt,M,10th,Johnson High School,68,63
34339,Robert Lucas,M,9th,Johnson High School,92,74
34340,Joseph Richardson,M,11th,Johnson High School,78,74
34341,Caitlin Collins,F,10th,Johnson High School,74,86
34342,Samuel Tran,M,10th,Johnson High School,63,68
34343,Sabrina Shea,F,9th,Johnson High School,95,60
34344,Melissa Turner,F,11th,Johnson High School,83,90
34345,Roy Rodriguez,M,11th,Johnson High School,93,70
34346,William Marshall,M,10th,Johnson High School,69,98
34347,Craig Callahan,M,9th,Johnson High School,88,82
34348,Holly Allen,F,11th,Johnson High School,98,99
34349,Cameron Brown,M,9th,Johnson High School,77,93
34350,Adam Peterson,M,11th,Johnson High School,87,71
34351,Rebekah Myers,F,11th,Johnson High School,89,84
34352,Melvin Jackson,M,12th,Johnson High School,94,66
34353,Gary Thomas,M,10th,Johnson High School,83,74
34354,Kayla Carter,F,10th,Johnson High School,84,74
34355,Matthew Dunn,M,10th,Johnson High School,69,58
34356,Fred Goodwin,M,10th,Johnson High School,91,55
34357,Deanna Robinson,F,12th,Johnson High School,94,57
34358,Heather Reyes,F,10th,Johnson High School,72,84
34359,Luke Murray,M,11th,Johnson High School,79,98
34360,Jennifer Walker,F,11th,Johnson High School,65,61
34361,Ashley Wells ,F,12th,Johnson High School,96,64
34362,Daniel Mayo,M,10th,Johnson High School,86,61
34363,David Richards,M,9th,Johnson High School,85,83
34364,Kristin Hill,F,10th,Johnson High School,79,82
34365,Cassandra Foley,F,9th,Johnson High School,93,96
34366,Edward Wong,M,11th,Johnson High School,76,79
34367,Pamela Leon,F,9th,Johnson High School,95,72
34368,Todd Beck,M,11th,Johnson High School,77,93
34369,Michael Harris Jr.,M,10th,Johnson High School,97,60
34370,Daniel Castillo,M,10th,Johnson High School,66,84
34371,Breanna Torres,F,10th,Johnson High School,95,94
34372,Hannah Garcia,F,10th,Johnson High School,83,77
34373,Cynthia Brown,F,10th,Johnson High School,71,75
34374,Rachel Harris,F,10th,Johnson High School,95,79
34375,Ricky Castillo,M,9th,Johnson High School,64,62
34376,Danny Mcgee,M,11th,Johnson High School,77,59
34377,Joshua Bradley,M,9th,Johnson High School,96,99
34378,Jeffrey Gardner,M,9th,Johnson High School,96,55
34379,Michael Murphy,M,12th,Johnson High School,73,90
34380,April Anderson,F,9th,Johnson High School,93,91
34381,Roy Santiago,M,12th,Johnson High School,95,75
34382,Paul Jones,M,9th,Johnson High School,67,64
34383,Sandra Jackson,F,9th,Johnson High School,80,62
34384,Bonnie Ortiz,F,11th,Johnson High School,99,58
34385,Taylor Ross,F,11th,Johnson High School,83,89
34386,Madeline James,F,9th,Johnson High School,85,76
34387,Emily Shelton,F,9th,Johnson High School,79,91
34388,Cynthia Kelley,F,9th,Johnson High School,74,77
34389,William Romero,M,12th,Johnson High School,65,75
34390,Kevin Smith,M,10th,Johnson High School,77,71
34391,Dawn Montoya,F,9th,Johnson High School,85,84
34392,Shannon Lee,F,12th,Johnson High School,80,87
34393,Jon Shannon,M,12th,Johnson High School,96,60
34394,Leah Huff,F,9th,Johnson High School,74,57
34395,Hannah Short,F,12th,Johnson High School,99,63
34396,Laura Duncan,F,11th,Johnson High School,83,99
34397,Courtney Davis,F,10th,Johnson High School,78,65
34398,Kelly Pena,F,10th,Johnson High School,67,57
34399,Kelsey Andrews,F,12th,Johnson High School,80,95
34400,Sharon Freeman,F,10th,Johnson High School,95,55
34401,Kelly Martin,F,11th,Johnson High School,77,91
34402,Laura Hayes,F,12th,Johnson High School,72,65
34403,Sarah Shelton,F,10th,Johnson High School,91,95
34404,Tonya Wade,F,10th,Johnson High School,84,59
34405,Craig Welch,M,10th,Johnson High School,95,95
34406,Garrett Johnson,M,10th,Johnson High School,93,89
34407,Carla Garcia,F,11th,Johnson High School,91,85
34408,Dylan Paul,M,11th,Johnson High School,91,58
34409,Emily Mann,F,9th,Johnson High School,99,61
34410,Brandon Larson,M,9th,Johnson High School,85,60
34411,Brittany Miller,F,11th,Johnson High School,97,72
34412,Jennifer King,F,10th,Johnson High School,87,68
34413,Brian Gregory,M,12th,Johnson High School,71,89
34414,Daniel Diaz Jr.,M,10th,Johnson High School,71,75
34415,Ashlee Roman,F,10th,Johnson High School,90,86
34416,Deborah Patterson,F,9th,Johnson High School,96,74
34417,Brandi Valencia,F,10th,Johnson High School,67,77
34418,Matthew Greene,M,9th,Johnson High School,90,80
34419,Jennifer Scott,F,9th,Johnson High School,76,79
34420,George Mcconnell,M,10th,Johnson High School,95,71
34421,Cynthia Pierce,F,11th,Johnson High School,87,77
34422,Austin Lewis,M,10th,Johnson High School,64,55
34423,Jillian Marquez,F,12th,Johnson High School,79,99
34424,David Chavez,M,9th,Johnson High School,66,66
34425,Justin Leach,M,10th,Johnson High School,76,94
34426,Jason Fox,M,10th,Johnson High School,94,66
34427,Jessica Welch,F,9th,Johnson High School,83,99
34428,Maurice Adams,M,9th,Johnson High School,63,61
34429,Andrea Lopez,F,10th,Johnson High School,82,70
34430,Shelia Adams,F,10th,Johnson High School,87,65
34431,Andrew Martinez,M,12th,Johnson High School,92,78
34432,Arthur Brown,M,11th,Johnson High School,66,75
34433,Diane Brown,F,11th,Johnson High School,97,90
34434,Gabriel Hoffman,M,10th,Johnson High School,96,73
34435,Adam Robinson,M,12th,Johnson High School,76,86
34436,Jamie Ward,F,10th,Johnson High School,64,83
34437,Edward Richards,M,10th,Johnson High School,68,68
34438,Antonio Garcia,M,12th,Johnson High School,95,94
34439,Laura Miller,F,9th,Johnson High School,88,80
34440,Shelby Woods,F,10th,Johnson High School,63,89
34441,James Ramirez,M,10th,Johnson High School,74,57
34442,Amanda Pace,F,11th,Johnson High School,70,84
34443,James White,M,11th,Johnson High School,95,73
34444,Scott Jones,M,12th,Johnson High School,81,70
34445,Mitchell Cole,M,9th,Johnson High School,95,80
34446,Eric Brock,M,10th,Johnson High School,73,76
34447,Tiffany Robertson,F,11th,Johnson High School,83,57
34448,Amanda Mckenzie,F,12th,Johnson High School,64,93
34449,Veronica Young,F,10th,Johnson High School,93,64
34450,Travis Harrington,M,10th,Johnson High School,80,68
34451,John Owens,M,12th,Johnson High School,65,92
34452,Joel Meyers,M,9th,Johnson High School,96,70
34453,Alisha Hill,F,11th,Johnson High School,79,69
34454,Valerie Brown,F,12th,Johnson High School,65,60
34455,Scott Rocha,M,10th,Johnson High School,65,89
34456,Joseph Frey,M,9th,Johnson High School,69,75
34457,Mrs. April Thornton,F,12th,Johnson High School,88,67
34458,Roy Rose,M,9th,Johnson High School,95,69
34459,Kara Gonzalez,F,11th,Johnson High School,75,73
34460,Cory Rose,M,10th,Johnson High School,77,84
34461,James Cunningham,M,10th,Johnson High School,72,89
34462,Wesley Hernandez,M,11th,Johnson High School,97,94
34463,Wendy Walls,F,9th,Johnson High School,89,64
34464,Tyler Bell,M,12th,Johnson High School,87,82
34465,Nicole Good,F,9th,Johnson High School,75,85
34466,Randy Bradford,M,9th,Johnson High School,63,59
34467,Nathaniel Taylor,M,9th,Johnson High School,94,81
34468,Jason Holland,M,12th,Johnson High School,77,74
34469,Steven Reid ,M,9th,Johnson High School,66,88
34470,Caroline Chung,F,10th,Johnson High School,71,66
34471,Amanda Spears,F,12th,Johnson High School,84,63
34472,Oscar White,M,10th,Johnson High School,81,93
34473,Wyatt Sparks,M,12th,Johnson High School,82,79
34474,Joseph Sexton,M,9th,Johnson High School,73,93
34475,Janice Herrera,F,12th,Johnson High School,91,90
34476,Joshua Miller,M,10th,Johnson High School,78,89
34477,James Hughes,M,10th,Johnson High School,92,61
34478,Samuel Small,M,10th,Johnson High School,70,86
34479,Jennifer Brown,F,11th,Johnson High School,93,87
34480,Richard Chen,M,10th,Johnson High School,73,96
34481,Russell Carter,M,11th,Johnson High School,75,58
34482,Kelly Green,M,12th,Johnson High School,76,78
34483,Kimberly Cox,F,10th,Johnson High School,70,65
34484,Kendra Abbott,F,9th,Johnson High School,93,70
34485,David Santos,M,10th,Johnson High School,82,59
34486,Travis Smith,M,11th,Johnson High School,97,64
34487,Jack Stephens,M,10th,Johnson High School,83,73
34488,Riley Reed,M,9th,Johnson High School,96,56
34489,Amanda Ross,F,12th,Johnson High School,75,58
34490,Jacob Brooks,M,11th,Johnson High School,77,98
34491,Daniel Jones,M,10th,Johnson High School,78,57
34492,Olivia Mendez,F,12th,Johnson High School,75,79
34493,James Lyons,M,12th,Johnson High School,82,64
34494,Robert French,M,9th,Johnson High School,88,93
34495,Debbie Lyons,F,11th,Johnson High School,83,65
34496,Matthew Hays,M,10th,Johnson High School,77,95
34497,Matthew Baldwin,M,11th,Johnson High School,69,91
34498,Justin Gaines,M,9th,Johnson High School,73,99
34499,Susan Moore,F,9th,Johnson High School,73,66
34500,Zachary Horton,M,9th,Johnson High School,77,72
34501,Angel Foley,M,12th,Johnson High School,97,89
34502,Erica Hunter,F,11th,Johnson High School,66,74
34503,Laura Davis,F,12th,Johnson High School,70,99
34504,William Mcfarland,M,10th,Johnson High School,83,91
34505,Ryan Bowman,M,11th,Johnson High School,84,89
34506,Karla Miller,F,10th,Johnson High School,98,69
34507,Sharon Bennett,F,9th,Johnson High School,64,59
34508,Terry Smith,M,10th,Johnson High School,99,55
34509,Ashley Rodriguez,F,11th,Johnson High School,71,83
34510,Jason Huerta,M,10th,Johnson High School,80,96
34511,Susan Phillips,F,10th,Johnson High School,71,76
34512,James Little,M,9th,Johnson High School,79,88
34513,Diane Walls,F,10th,Johnson High School,96,79
34514,Leslie Randolph,F,10th,Johnson High School,95,64
34515,Kelli Webster,F,11th,Johnson High School,63,55
34516,Charles Williams,M,9th,Johnson High School,66,98
34517,Jennifer Clark,F,10th,Johnson High School,63,74
34518,Taylor Kelley,F,9th,Johnson High School,82,66
34519,Amanda Lane,F,10th,Johnson High School,68,76
34520,Johnny Torres,M,12th,Johnson High School,81,73
34521,Abigail Hamilton,F,9th,Johnson High School,63,91
34522,Andrew Holden,M,12th,Johnson High School,63,98
34523,Elizabeth Wang,F,9th,Johnson High School,75,72
34524,Kristy Sanders,F,10th,Johnson High School,97,83
34525,Steven Casey,M,12th,Johnson High School,98,71
34526,Allison Ortega,F,12th,Johnson High School,64,92
34527,Howard Gill,M,11th,Johnson High School,83,76
34528,Justin Rangel,M,9th,Johnson High School,86,71
34529,Kenneth Riley,M,11th,Johnson High School,88,96
34530,Elizabeth Davis,F,10th,Johnson High School,76,71
34531,Gary Gill,M,10th,Johnson High School,77,71
34532,Tina Butler,F,11th,Johnson High School,79,99
34533,Sophia Banks,F,10th,Johnson High School,72,67
34534,Taylor Smith,F,9th,Johnson High School,70,74
34535,Anna Franklin,F,9th,Johnson High School,83,62
34536,Caleb Walsh,M,9th,Johnson High School,95,92
34537,Justin Sanchez,M,11th,Johnson High School,89,89
34538,Jacqueline Miller,F,10th,Johnson High School,73,56
34539,Rachel Martinez,F,9th,Johnson High School,63,92
34540,Nicholas Baker,M,11th,Johnson High School,91,81
34541,Alexander Ortega,M,9th,Johnson High School,88,91
34542,Alan Rios,M,9th,Johnson High School,65,64
34543,Mark Frye,M,9th,Johnson High School,98,94
34544,John Martinez,M,11th,Johnson High School,63,95
34545,Tammy Simpson,F,11th,Johnson High School,74,60
34546,Angela Barker,F,10th,Johnson High School,76,96
34547,Debra Fritz,F,11th,Johnson High School,72,77
34548,Felicia Barrett,F,11th,Johnson High School,98,62
34549,Zachary Gill,M,11th,Johnson High School,80,78
34550,Alexander Carroll,M,12th,Johnson High School,78,65
34551,Margaret Williams,F,9th,Johnson High School,99,58
34552,Wendy Nielsen,F,11th,Johnson High School,80,87
34553,Angel Velez,F,9th,Johnson High School,88,88
34554,Christopher Ford,M,9th,Johnson High School,81,79
34555,Pamela Arnold,F,11th,Johnson High School,98,74
34556,Tony Walker,M,12th,Johnson High School,75,63
34557,Holly James,F,10th,Johnson High School,70,58
34558,Joseph Bennett,M,10th,Johnson High School,97,76
34559,Alyssa Todd,F,10th,Johnson High School,95,59
34560,Troy Duke,M,11th,Johnson High School,76,75
34561,Hannah Petersen,F,9th,Johnson High School,91,74
34562,Jay Maxwell,M,12th,Johnson High School,83,81
34563,Raymond Campbell,M,12th,Johnson High School,83,89
34564,Kathryn Coleman,F,9th,Johnson High School,93,96
34565,Amy Wells,F,11th,Johnson High School,78,95
34566,Blake Davis,M,9th,Johnson High School,89,80
34567,Richard Evans,M,11th,Johnson High School,63,64
34568,Stacy Brown,F,11th,Johnson High School,84,66
34569,Jill Dominguez,F,9th,Johnson High School,67,75
34570,Kimberly White,F,12th,Johnson High School,69,82
34571,Timothy Hall,M,12th,Johnson High School,69,94
34572,Courtney Roberson,F,12th,Johnson High School,92,57
34573,Randall Price,M,11th,Johnson High School,78,59
34574,Janet Morales,F,12th,Johnson High School,83,70
34575,Breanna Hopkins,F,10th,Johnson High School,89,79
34576,Elizabeth Hoffman,F,9th,Johnson High School,82,81
34577,Peggy Williams,F,11th,Johnson High School,80,77
34578,Linda Scott,F,9th,Johnson High School,95,55
34579,Matthew Flores,M,12th,Johnson High School,67,60
34580,Jonathan Bryant,M,11th,Johnson High School,97,70
34581,Melanie Pearson,F,10th,Johnson High School,70,81
34582,Patrick Rasmussen,M,9th,Johnson High School,83,68
34583,Nicole Phillips,F,11th,Johnson High School,90,72
34584,Sarah Lucas,F,12th,Johnson High School,95,78
34585,Jamie Smith,F,11th,Johnson High School,80,89
34586,Marissa Howard,F,9th,Johnson High School,76,98
34587,Todd Johnson,M,10th,Johnson High School,85,62
34588,Daniel Hughes,M,11th,Johnson High School,77,59
34589,Taylor Peterson,F,9th,Johnson High School,79,96
34590,Richard Willis,M,9th,Johnson High School,93,68
34591,Douglas Johnson,M,10th,Johnson High School,71,96
34592,Adrienne Marquez,F,9th,Johnson High School,84,72
34593,Brendan Gay,M,12th,Johnson High School,95,98
34594,Brittany Ford,F,10th,Johnson High School,86,78
34595,Brenda Garcia,F,12th,Johnson High School,73,58
34596,Adam Howard,M,12th,Johnson High School,64,79
34597,Diana Ruiz,F,11th,Johnson High School,64,93
34598,Jennifer Manning,F,12th,Johnson High School,97,83
34599,Tammy Nelson,F,11th,Johnson High School,68,75
34600,Lisa Edwards,F,12th,Johnson High School,94,68
34601,Ryan Brown,M,10th,Johnson High School,66,73
34602,Taylor Mendez,F,12th,Johnson High School,84,70
34603,Jordan Smith,F,10th,Johnson High School,73,72
34604,Jeffrey Combs,M,11th,Johnson High School,88,78
34605,Melanie Baker,F,9th,Johnson High School,98,96
34606,Gregory Mccormick,M,12th,Johnson High School,72,69
34607,Patricia Wiggins,F,12th,Johnson High School,85,58
34608,Savannah Solis,F,11th,Johnson High School,65,93
34609,Joshua Johnson,M,11th,Johnson High School,96,59
34610,Dakota Harris,M,9th,Johnson High School,72,55
34611,Sean Burns,M,9th,Johnson High School,67,83
34612,Henry Hunt,M,9th,Johnson High School,66,76
34613,Jason Smith,M,9th,Johnson High School,68,91
34614,Eric Goodman,M,12th,Johnson High School,64,72
34615,Theresa Garcia,F,10th,Johnson High School,76,65
34616,Mary Phillips,F,11th,Johnson High School,79,93
34617,Amanda Jordan,F,12th,Johnson High School,92,90
34618,Becky Morris,F,12th,Johnson High School,81,71
34619,Courtney Flores,F,10th,Johnson High School,84,97
34620,Robert Becker,M,10th,Johnson High School,67,58
34621,Brittany Roberts,F,10th,Johnson High School,84,62
34622,John Daniels,M,9th,Johnson High School,73,62
34623,Paula Gregory,F,9th,Johnson High School,73,69
34624,Matthew Freeman,M,10th,Johnson High School,64,76
34625,Anna Brown,F,11th,Johnson High School,69,95
34626,Kimberly Cunningham,F,10th,Johnson High School,85,58
34627,Scott Haynes,M,11th,Johnson High School,68,68
34628,Ashley Jensen,F,10th,Johnson High School,96,77
34629,Nichole Pittman,F,12th,Johnson High School,71,76
34630,Ryan Turner,M,10th,Johnson High School,84,61
34631,Paige Clements,F,12th,Johnson High School,78,76
34632,William Reyes,M,10th,Johnson High School,91,62
34633,Marcus Nicholson,M,9th,Johnson High School,76,59
34634,Jessica Moore,F,12th,Johnson High School,82,61
34635,Christina Pearson,F,9th,Johnson High School,67,73
34636,Lori Robinson,F,10th,Johnson High School,66,64
34637,Michael Baker,M,12th,Johnson High School,71,86
34638,Jordan Herman,M,11th,Johnson High School,87,98
34639,Travis Jones,M,10th,Johnson High School,78,98
34640,Adam Garza,M,9th,Johnson High School,74,73
34641,Karen Mercado,F,9th,Johnson High School,73,59
34642,Joseph Manning,M,9th,Johnson High School,88,69
34643,Denise Smith,F,9th,Johnson High School,86,70
34644,Maria Peters,F,9th,Johnson High School,83,62
34645,Melissa Mathews,F,12th,Johnson High School,82,95
34646,Brian Bennett,M,9th,Johnson High School,91,97
34647,Natasha Wright,F,9th,Johnson High School,80,77
34648,Charles Carney,M,10th,Johnson High School,64,76
34649,Heather Kane,F,9th,Johnson High School,81,79
34650,Janice Sanchez,F,11th,Johnson High School,73,56
34651,Thomas Cummings,M,12th,Johnson High School,82,59
34652,Richard Kaufman,M,9th,Johnson High School,99,99
34653,Laurie Edwards,F,10th,Johnson High School,70,98
34654,Jean Duran,F,9th,Johnson High School,92,90
34655,Thomas Ortega,M,9th,Johnson High School,67,86
34656,Cristian Williams PhD,M,11th,Johnson High School,90,73
34657,Gary Velazquez,M,11th,Johnson High School,87,95
34658,John Warner,M,12th,Johnson High School,71,72
34659,Melinda Wagner,F,9th,Johnson High School,93,86
34660,Timothy Griffin,M,12th,Johnson High School,69,65
34661,Jennifer Lee,F,12th,Johnson High School,63,99
34662,Brenda Navarro,F,10th,Johnson High School,93,70
34663,John Tyler,M,10th,Johnson High School,68,68
34664,Kimberly Sullivan,F,11th,Johnson High School,87,77
34665,Benjamin Love,M,9th,Johnson High School,95,63
34666,Benjamin Martinez,M,10th,Johnson High School,80,69
34667,Willie Christensen,M,9th,Johnson High School,97,69
34668,Alicia Jimenez,F,11th,Johnson High School,70,83
34669,Max Freeman,M,9th,Johnson High School,89,83
34670,Natalie Herring,F,12th,Johnson High School,82,79
34671,John Hogan,M,9th,Johnson High School,96,77
34672,Glenn Stevenson,M,9th,Johnson High School,79,66
34673,Brandon Williams,M,9th,Johnson High School,90,55
34674,Douglas Carr,M,10th,Johnson High School,79,60
34675,Krista White,F,10th,Johnson High School,76,76
34676,Jessica Shaw,F,12th,Johnson High School,97,90
34677,Terri Ramirez,F,12th,Johnson High School,77,76
34678,John Wagner,M,11th,Johnson High School,97,76
34679,Nicole Alvarez,F,11th,Johnson High School,97,86
34680,Sara Oconnor,F,12th,Johnson High School,87,93
34681,Ashley Bates,F,11th,Johnson High School,70,81
34682,Kristin White,F,12th,Johnson High School,78,55
34683,Christine Monroe,F,12th,Johnson High School,74,64
34684,Jacob Jones,M,12th,Johnson High School,74,98
34685,Bryan Lewis,M,10th,Johnson High School,95,80
34686,Alexander Gibson,M,11th,Johnson High School,95,83
34687,Connie Thomas,F,11th,Johnson High School,89,61
34688,Jeremy Moore,M,12th,Johnson High School,77,97
34689,Christina Williams,F,12th,Johnson High School,79,65
34690,Jordan Harvey,M,12th,Johnson High School,75,72
34691,Erin Sutton,F,9th,Johnson High School,95,89
34692,Mary Evans,F,10th,Johnson High School,91,70
34693,Terry Jackson,M,10th,Johnson High School,95,91
34694,Madeline Perez,F,9th,Johnson High School,80,56
34695,Carla Fowler,F,12th,Johnson High School,93,67
34696,Adam Baxter,M,10th,Johnson High School,84,59
34697,Natasha Brooks,F,10th,Johnson High School,79,65
34698,Sydney Jones,F,9th,Johnson High School,99,85
34699,Jeffrey Cooper,M,10th,Johnson High School,72,98
34700,Cynthia Jones,F,12th,Johnson High School,74,90
34701,Mrs. Amanda Harris ,F,10th,Johnson High School,84,66
34702,Erin Taylor,F,9th,Johnson High School,93,84
34703,Claudia Estrada,F,10th,Johnson High School,71,81
34704,Cynthia Brown,F,10th,Johnson High School,76,89
34705,Brandon Galvan,M,12th,Johnson High School,82,90
34706,Keith Maddox,M,12th,Johnson High School,71,69
34707,Brian Montgomery,M,10th,Johnson High School,98,87
34708,Jeanette Jackson,F,10th,Johnson High School,81,77
34709,Kendra Fischer,F,10th,Johnson High School,81,85
34710,David Davis,M,11th,Johnson High School,71,64
34711,Angela Lopez,F,11th,Johnson High School,86,84
34712,Rachel Warren,F,11th,Johnson High School,89,89
34713,Chelsea Pierce,F,12th,Johnson High School,98,70
34714,Geoffrey Harris,M,11th,Johnson High School,71,93
34715,Terry Rosales,F,12th,Johnson High School,79,80
34716,Jo Reid,F,10th,Johnson High School,96,85
34717,Kathryn Woodard,F,9th,Johnson High School,69,76
34718,Sean Lopez,M,12th,Johnson High School,94,95
34719,Michael Wells,M,12th,Johnson High School,67,56
34720,Katherine Alexander,F,11th,Johnson High School,70,88
34721,Cody White,M,10th,Johnson High School,82,97
34722,Linda Brown,F,9th,Johnson High School,98,98
34723,Kevin Jones,M,11th,Johnson High School,72,72
34724,Kelli Black,F,9th,Johnson High School,64,92
34725,Dana Taylor,F,12th,Johnson High School,68,64
34726,Julia Jensen,F,10th,Johnson High School,65,84
34727,Phillip Mercado,M,9th,Johnson High School,79,98
34728,Stephanie French,F,11th,Johnson High School,99,81
34729,Jessica Smith,F,10th,Johnson High School,65,56
34730,Stephanie Atkinson,F,11th,Johnson High School,63,87
34731,Sarah Leach,F,10th,Johnson High School,96,76
34732,Debra Rice,F,9th,Johnson High School,70,80
34733,William Carr,M,10th,Johnson High School,70,77
34734,Christy Dickerson,F,10th,Johnson High School,77,61
34735,Sean Reed ,M,12th,Johnson High School,80,68
34736,Ronald Henderson,M,9th,Johnson High School,80,60
34737,Gabriela Perry,F,9th,Johnson High School,93,95
34738,Laura Ford,F,10th,Johnson High School,74,65
34739,James Taylor,M,12th,Johnson High School,88,80
34740,David Baker,M,11th,Johnson High School,68,95
34741,Julian Ramos,M,9th,Johnson High School,65,98
34742,Melissa Jefferson,F,9th,Johnson High School,81,73
34743,Robin Phelps,F,9th,Johnson High School,81,93
34744,Darren Maxwell,M,11th,Johnson High School,84,81
34745,Nicholas Espinoza,M,10th,Johnson High School,84,68
34746,Debbie Mills,F,12th,Johnson High School,95,91
34747,Angela Medina,F,11th,Johnson High School,88,89
34748,Daniel Berry,M,9th,Johnson High School,76,85
34749,Molly Valenzuela,F,11th,Johnson High School,92,80
34750,Eric Duran,M,10th,Johnson High School,78,72
34751,Erica Robbins,F,9th,Johnson High School,97,75
34752,Andrea Fuentes,F,9th,Johnson High School,90,88
34753,Sean Bradshaw,M,10th,Johnson High School,77,90
34754,Robin Higgins,F,11th,Johnson High School,89,72
34755,Robert Waller,M,9th,Johnson High School,97,79
34756,Emily Campbell,F,12th,Johnson High School,69,90
34757,Patrick Webster,M,9th,Johnson High School,81,71
34758,Rebecca Ball,F,10th,Johnson High School,64,63
34759,Brittney Willis,F,9th,Johnson High School,92,82
34760,Tammy Ashley,F,10th,Johnson High School,64,82
34761,Richard Glenn,M,10th,Johnson High School,71,86
34762,Megan Glass,F,11th,Johnson High School,82,70
34763,Amber Tran,F,11th,Johnson High School,79,66
34764,Christopher Daniel,M,9th,Johnson High School,96,74
34765,Justin Ingram,M,11th,Johnson High School,94,61
34766,William Duran,M,9th,Johnson High School,86,84
34767,James Henderson,M,11th,Johnson High School,91,89
34768,Angela Brooks,F,9th,Johnson High School,88,61
34769,Stephen Huynh,M,9th,Johnson High School,82,81
34770,Brandon Mason,M,10th,Johnson High School,76,60
34771,Erika Koch,F,11th,Johnson High School,91,74
34772,Jason Martinez,M,9th,Johnson High School,67,87
34773,Bradley Gibson,M,9th,Johnson High School,81,90
34774,Logan Miller,M,11th,Johnson High School,81,57
34775,Stacy Reynolds,F,10th,Johnson High School,81,63
34776,Morgan Jacobs,F,11th,Johnson High School,99,98
34777,Brianna Wheeler,F,10th,Johnson High School,77,93
34778,Derrick Hutchinson,M,11th,Johnson High School,81,72
34779,Stephen Jones,M,11th,Johnson High School,99,67
34780,Amanda Rocha,F,9th,Johnson High School,76,86
34781,John Saunders,M,11th,Johnson High School,81,57
34782,Ian Thompson,M,11th,Johnson High School,80,95
34783,Carl Martinez,M,10th,Johnson High School,69,91
34784,Jeremiah Kramer,M,12th,Johnson High School,90,59
34785,Dana Jimenez,F,10th,Johnson High School,77,76
34786,Matthew Jones,M,9th,Johnson High School,74,79
34787,Shelby Anderson,F,11th,Johnson High School,90,65
34788,Michael Lang,M,10th,Johnson High School,81,89
34789,Charles Molina,M,10th,Johnson High School,84,59
34790,Sheila Grant,F,10th,Johnson High School,82,61
34791,Miranda Vincent,F,9th,Johnson High School,92,64
34792,Joshua Murphy,M,9th,Johnson High School,91,70
34793,Alicia Cantu,F,11th,Johnson High School,68,78
34794,Robert Taylor,M,11th,Johnson High School,80,71
34795,Adriana Brown,F,9th,Johnson High School,97,68
34796,Michael Mercado,M,9th,Ford High School,66,94
34797,Stephen Wolf,M,11th,Ford High School,68,63
34798,Bonnie Hughes,F,12th,Ford High School,73,59
34799,Melissa Smith,F,11th,Ford High School,88,58
34800,Brian Mitchell,M,10th,Ford High School,96,55
34801,William Scott,M,9th,Ford High School,73,75
34802,Stephen Taylor,M,11th,Ford High School,82,59
34803,Steven Lee,M,9th,Ford High School,77,84
34804,Candace Campbell,F,11th,Ford High School,80,67
34805,Veronica English,F,9th,Ford High School,75,93
34806,Crystal Sandoval,F,11th,Ford High School,85,84
34807,Christopher Garcia,M,9th,Ford High School,96,93
34808,Tamara Daniels,F,12th,Ford High School,84,94
34809,Jeffrey Mcclure,M,11th,Ford High School,89,84
34810,Debra White,F,11th,Ford High School,98,81
34811,Michael Williams,M,9th,Ford High School,71,56
34812,Donald Davis,M,11th,Ford High School,67,89
34813,Jodi Johnson,F,11th,Ford High School,91,88
34814,Martin Molina,M,11th,Ford High School,69,76
34815,Donald Taylor,M,11th,Ford High School,82,92
34816,Emma Adams,F,9th,Ford High School,88,85
34817,Julia Garcia,F,12th,Ford High School,87,82
34818,John Jones,M,9th,Ford High School,95,81
34819,Nicholas Doyle,M,12th,Ford High School,87,98
34820,Diana Nguyen,F,10th,Ford High School,98,95
34821,Amy Baker,F,9th,Ford High School,93,76
34822,Christopher Scott,M,12th,Ford High School,97,84
34823,Teresa Campbell,F,9th,Ford High School,94,78
34824,Sherri Williams,F,9th,Ford High School,84,89
34825,Jason Craig,M,11th,Ford High School,65,83
34826,Wesley Kelley,M,9th,Ford High School,73,81
34827,Chad Gentry ,M,10th,Ford High School,83,82
34828,Cheryl Smith,F,11th,Ford High School,63,84
34829,Robert James,M,11th,Ford High School,81,97
34830,Daniel Price,M,10th,Ford High School,98,67
34831,Ashley Woodward,F,12th,Ford High School,81,75
34832,Tammie Lee,F,9th,Ford High School,92,87
34833,Kristin Atkinson,F,12th,Ford High School,93,57
34834,Kelsey Bond,F,10th,Ford High School,86,55
34835,Raymond Rice,M,12th,Ford High School,75,62
34836,David Bryant,M,11th,Ford High School,73,84
34837,Jared Hood,M,9th,Ford High School,92,74
34838,Jennifer Beck,F,9th,Ford High School,98,90
34839,Joseph Garcia,M,9th,Ford High School,89,92
34840,Ray Rivera,M,12th,Ford High School,93,64
34841,Julian Gibson,M,10th,Ford High School,79,91
34842,John Walton,M,10th,Ford High School,92,84
34843,Kevin Petty,M,10th,Ford High School,98,76
34844,Patrick Huffman,M,12th,Ford High School,64,60
34845,Adrian Delacruz,M,10th,Ford High School,69,69
34846,Sara Gomez,F,11th,Ford High School,71,80
34847,Sarah Turner,F,10th,Ford High School,83,80
34848,Shelley Price,F,9th,Ford High School,88,59
34849,Thomas Leonard,M,12th,Ford High School,86,93
34850,Steven Brennan,M,12th,Ford High School,72,91
34851,Larry Conley,M,10th,Ford High School,75,78
34852,Dale Salas,M,9th,Ford High School,71,73
34853,Joseph Martin,M,10th,Ford High School,88,80
34854,Dorothy Jones,F,11th,Ford High School,81,78
34855,Dylan Lee,M,9th,Ford High School,77,89
34856,Jesse Davenport,M,10th,Ford High School,73,75
34857,Raymond Bowen,M,11th,Ford High School,88,95
34858,Stephanie Baker,F,11th,Ford High School,71,86
34859,Ashlee Garcia,F,12th,Ford High School,86,69
34860,James Miller,M,12th,Ford High School,67,81
34861,Christopher Allen,M,10th,Ford High School,68,65
34862,Melissa Wilson,F,10th,Ford High School,74,77
34863,Taylor Thompson Jr.,M,12th,Ford High School,94,55
34864,Michael Lawson,M,11th,Ford High School,85,85
34865,Donna Hernandez,F,9th,Ford High School,63,73
34866,James Quinn,M,12th,Ford High School,66,74
34867,Richard Garcia,M,10th,Ford High School,79,86
34868,Lisa Hart,F,9th,Ford High School,98,55
34869,Bianca Quinn,F,9th,Ford High School,81,97
34870,Troy Allen,M,12th,Ford High School,71,78
34871,Wendy Martin,F,10th,Ford High School,82,60
34872,Adam Mckinney,M,12th,Ford High School,89,58
34873,Leonard Schmidt,M,9th,Ford High School,96,57
34874,David Brown,M,9th,Ford High School,73,73
34875,Susan Brown,F,11th,Ford High School,90,89
34876,Christian Weber,M,10th,Ford High School,68,88
34877,Jeff Glover,M,9th,Ford High School,93,79
34878,Stacy Hawkins,F,9th,Ford High School,67,96
34879,Justin Hunt,M,12th,Ford High School,84,96
34880,Kari Martinez,F,9th,Ford High School,90,88
34881,James Meza,M,9th,Ford High School,63,86
34882,Julie Smith,F,10th,Ford High School,93,75
34883,David Long,M,10th,Ford High School,86,67
34884,Jamie Neal,F,11th,Ford High School,95,61
34885,Melissa Gray,F,10th,Ford High School,89,77
34886,Renee Williams,F,12th,Ford High School,80,55
34887,Jasmine Brooks,F,9th,Ford High School,68,71
34888,Nicole Baker,F,11th,Ford High School,69,91
34889,Alexandra Ward,F,10th,Ford High School,89,81
34890,Amanda Clark,F,9th,Ford High School,69,80
34891,Eric Colon,M,9th,Ford High School,82,72
34892,Shawn Ball,M,10th,Ford High School,77,76
34893,Kathy Lopez,F,10th,Ford High School,71,95
34894,Elizabeth Barnes,F,11th,Ford High School,85,76
34895,Sarah Massey,F,12th,Ford High School,78,75
34896,Jimmy Boone,M,9th,Ford High School,63,86
34897,Rebecca Woods,F,9th,Ford High School,77,92
34898,Sean Olson,M,11th,Ford High School,66,66
34899,Leah Rice,F,9th,Ford High School,92,70
34900,Gina Shelton,F,9th,Ford High School,63,99
34901,Rhonda Ingram,F,12th,Ford High School,72,76
34902,Marie Estrada,F,9th,Ford High School,77,90
34903,Mary Cooley,F,9th,Ford High School,99,70
34904,Paul Nguyen,M,10th,Ford High School,75,60
34905,Ashley Harris,F,11th,Ford High School,67,73
34906,Kevin Palmer,M,9th,Ford High School,68,55
34907,Jamie Hodges,F,10th,Ford High School,63,95
34908,Cynthia Robinson,F,12th,Ford High School,95,90
34909,Barbara Johnson,F,10th,Ford High School,85,81
34910,Daniel Robinson Jr.,M,11th,Ford High School,83,87
34911,Jodi Mitchell,F,9th,Ford High School,76,84
34912,Jason Smith,M,9th,Ford High School,69,83
34913,Elaine Schroeder,F,11th,Ford High School,83,84
34914,Steven Schultz,M,9th,Ford High School,96,59
34915,Mark Garrison,M,10th,Ford High School,77,90
34916,Kathryn Montgomery,F,9th,Ford High School,70,76
34917,Crystal Smith,F,11th,Ford High School,73,57
34918,Eric Davis,M,10th,Ford High School,91,90
34919,Katherine Rojas,F,11th,Ford High School,87,83
34920,Courtney Tapia,F,11th,Ford High School,91,98
34921,Frank Williams,M,10th,Ford High School,98,55
34922,Charles Ryan,M,12th,Ford High School,80,55
34923,Jessica Hood,F,9th,Ford High School,74,86
34924,Jasmine Strong,F,9th,Ford High School,80,57
34925,Michael Gonzalez,M,9th,Ford High School,69,62
34926,Jason Kirby,M,9th,Ford High School,80,99
34927,Adam Bryan,M,9th,Ford High School,92,83
34928,Douglas Vega,M,10th,Ford High School,71,59
34929,Troy Santiago,M,12th,Ford High School,85,59
34930,Ian Hall,M,11th,Ford High School,77,65
34931,Michael Harris,M,9th,Ford High School,84,86
34932,David Bryant,M,11th,Ford High School,91,85
34933,Ryan Blankenship,M,12th,Ford High School,64,90
34934,John Ferguson,M,9th,Ford High School,97,78
34935,Carolyn Jarvis,F,12th,Ford High School,82,76
34936,Kristopher Campbell,M,9th,Ford High School,92,86
34937,Nicholas Rogers,M,10th,Ford High School,99,93
34938,Christopher Smith,M,10th,Ford High School,65,98
34939,Scott Ibarra,M,12th,Ford High School,83,74
34940,James Adams,M,11th,Ford High School,69,64
34941,Adam Haas,M,11th,Ford High School,66,84
34942,Melinda Hernandez,F,9th,Ford High School,63,55
34943,Bethany Cook,F,9th,Ford High School,81,95
34944,Kara Mills,F,9th,Ford High School,63,65
34945,Jennifer Henderson,F,9th,Ford High School,77,65
34946,Daniel Huerta,M,12th,Ford High School,86,97
34947,Joseph Richmond,M,11th,Ford High School,68,65
34948,Jonathan Morgan,M,10th,Ford High School,63,62
34949,Kevin Silva,M,12th,Ford High School,88,97
34950,Larry Lambert,M,10th,Ford High School,88,70
34951,Stephanie Watson,F,9th,Ford High School,63,81
34952,Daniel Bryant,M,10th,Ford High School,66,57
34953,Melissa Smith,F,11th,Ford High School,83,83
34954,Jason Jensen,M,9th,Ford High School,91,89
34955,Brian Briggs,M,10th,Ford High School,97,70
34956,William Jimenez,M,9th,Ford High School,68,89
34957,Cynthia Kline,F,11th,Ford High School,94,64
34958,Tammy Miller,F,11th,Ford High School,79,64
34959,Carol Luna,F,12th,Ford High School,67,99
34960,Jose Williams,M,11th,Ford High School,96,92
34961,Kenneth Wade,M,10th,Ford High School,97,89
34962,Matthew Hill,M,10th,Ford High School,79,88
34963,Kevin Williams,M,9th,Ford High School,90,84
34964,Brady Rodriguez,M,10th,Ford High School,70,57
34965,Kelsey Palmer,F,10th,Ford High School,76,78
34966,James Browning,M,9th,Ford High School,68,94
34967,Edward Wood,M,12th,Ford High School,90,61
34968,Tammy Le,F,11th,Ford High School,88,75
34969,Brandon Boyer,M,11th,Ford High School,69,92
34970,Melanie Ward,F,10th,Ford High School,76,89
34971,Stephanie Sanchez,F,10th,Ford High School,83,57
34972,David Anderson,M,12th,Ford High School,65,59
34973,Joseph Riley,M,12th,Ford High School,63,94
34974,Katherine Dunn,F,12th,Ford High School,90,98
34975,Morgan Lopez,F,10th,Ford High School,89,94
34976,Elizabeth Knapp,F,10th,Ford High School,96,89
34977,Patricia Young,F,11th,Ford High School,68,71
34978,Angela Russell,F,11th,Ford High School,77,72
34979,Dale Newman,M,12th,Ford High School,82,67
34980,Stephen Smith,M,12th,Ford High School,82,77
34981,Jeremy Fernandez,M,12th,Ford High School,93,83
34982,Nicholas Wallace,M,11th,Ford High School,78,89
34983,Chad Simon,M,12th,Ford High School,63,76
34984,Dennis Kennedy,M,9th,Ford High School,93,58
34985,Derek Hancock,M,9th,Ford High School,80,73
34986,Michael Taylor ,M,12th,Ford High School,96,69
34987,Marissa Rosales,F,12th,Ford High School,97,64
34988,Micheal Stout ,M,11th,Ford High School,68,75
34989,Ashley Townsend,F,9th,Ford High School,98,61
34990,Robert Huang,M,9th,Ford High School,77,91
34991,Jeffrey Jones,M,10th,Ford High School,70,72
34992,Keith Pace,M,9th,Ford High School,68,97
34993,Andrew Walton,M,10th,Ford High School,87,98
34994,Angel Alexander,M,10th,Ford High School,88,85
34995,Denise Robinson,F,10th,Ford High School,91,82
34996,Vanessa Allen,F,9th,Ford High School,87,71
34997,Stephanie Friedman,F,9th,Ford High School,98,90
34998,Melanie Hamilton,F,9th,Ford High School,78,69
34999,Ronald Jones,M,10th,Ford High School,85,97
35000,Anita Thornton,F,9th,Ford High School,68,86
35001,Jennifer Miller,F,9th,Ford High School,80,94
35002,Krista Mays,F,10th,Ford High School,98,66
35003,Nicole Ritter,F,12th,Ford High School,66,85
35004,Daniel Lowe,M,10th,Ford High School,97,97
35005,Michael Aguirre ,M,9th,Ford High School,74,88
35006,Elizabeth Rhodes,F,10th,Ford High School,93,76
35007,Karl Campbell,M,11th,Ford High School,95,64
35008,Robert Ramsey,M,12th,Ford High School,84,95
35009,Beverly Mccarthy,F,9th,Ford High School,97,63
35010,James Hansen,M,10th,Ford High School,94,66
35011,Aaron Randolph,M,11th,Ford High School,86,68
35012,Paul Silva,M,11th,Ford High School,83,78
35013,Michael Walter,M,10th,Ford High School,70,89
35014,Derrick Miller,M,12th,Ford High School,93,88
35015,Brian Booth,M,10th,Ford High School,77,74
35016,Janice James,F,10th,Ford High School,81,56
35017,Olivia Cooper,F,12th,Ford High School,94,72
35018,Thomas Johnson,M,9th,Ford High School,67,56
35019,Randy Jordan,M,11th,Ford High School,68,87
35020,Jeffery Hughes,M,10th,Ford High School,98,97
35021,Anna Davenport,F,9th,Ford High School,72,64
35022,Matthew Smith,M,9th,Ford High School,81,99
35023,Cynthia Gill,F,11th,Ford High School,92,64
35024,Dylan Brown,M,12th,Ford High School,77,72
35025,Eric Jones,M,9th,Ford High School,76,71
35026,Amber Sanchez,F,9th,Ford High School,78,69
35027,Kenneth Jackson,M,10th,Ford High School,96,60
35028,Kerry Garcia,M,10th,Ford High School,74,57
35029,Bobby Medina,M,12th,Ford High School,67,94
35030,David Fuller,M,11th,Ford High School,94,72
35031,Mark Harvey,M,12th,Ford High School,94,69
35032,Brian Thompson,M,9th,Ford High School,82,89
35033,Tina Johnson,F,9th,Ford High School,74,85
35034,Hannah Wright,F,12th,Ford High School,86,58
35035,Mackenzie Hodges,F,12th,Ford High School,72,86
35036,Michael Chambers,M,9th,Ford High School,89,71
35037,Timothy Mcmillan,M,10th,Ford High School,75,85
35038,Amy Wolf,F,12th,Ford High School,96,83
35039,Nathaniel Potter,M,11th,Ford High School,88,86
35040,Darlene Medina,F,10th,Ford High School,83,66
35041,Jeffery Robinson,M,11th,Ford High School,99,56
35042,Sally Perez,F,11th,Ford High School,78,77
35043,Austin Hanna,M,12th,Ford High School,81,74
35044,Shelby Mcintyre,F,9th,Ford High School,90,59
35045,Kaitlin Duke,F,12th,Ford High School,81,62
35046,Ashley Brown,F,11th,Ford High School,73,61
35047,Justin Aguilar,M,10th,Ford High School,97,63
35048,Veronica Bates,F,9th,Ford High School,78,76
35049,Richard Lawrence,M,9th,Ford High School,86,60
35050,Darren Barber,M,12th,Ford High School,76,61
35051,Keith Martin,M,9th,Ford High School,88,88
35052,Wesley Dougherty,M,10th,Ford High School,88,87
35053,Danielle Marshall,F,11th,Ford High School,66,86
35054,Colleen Hurst,F,9th,Ford High School,68,64
35055,Angelica Murphy,F,12th,Ford High School,89,88
35056,Kenneth Rodriguez,M,11th,Ford High School,95,77
35057,Morgan Mata,F,12th,Ford High School,74,65
35058,Brian Mitchell,M,10th,Ford High School,94,70
35059,Caitlin Chaney,F,12th,Ford High School,78,96
35060,Kevin English,M,9th,Ford High School,72,78
35061,Benjamin Singh,M,12th,Ford High School,95,60
35062,Angelica Carroll,F,12th,Ford High School,64,61
35063,Juan Foster,M,12th,Ford High School,93,89
35064,Jared Wright,M,10th,Ford High School,72,57
35065,Bradley White,M,10th,Ford High School,65,80
35066,Kevin Woods,M,12th,Ford High School,85,83
35067,Patricia Garner,F,10th,Ford High School,94,63
35068,Jessica Butler,F,9th,Ford High School,94,78
35069,Amanda Washington,F,12th,Ford High School,92,95
35070,Joseph Morris,M,12th,Ford High School,67,59
35071,Brent Smith,M,11th,Ford High School,80,65
35072,Nicole Smith,F,11th,Ford High School,93,69
35073,Charles Sellers,M,12th,Ford High School,74,91
35074,Mark Mccormick,M,10th,Ford High School,97,90
35075,Luis Diaz,M,10th,Ford High School,64,81
35076,Jordan Richardson,M,11th,Ford High School,96,94
35077,Donald Mitchell,M,9th,Ford High School,96,65
35078,Tony Bennett,M,9th,Ford High School,95,64
35079,Jason Lamb,M,11th,Ford High School,84,63
35080,Matthew Harper,M,10th,Ford High School,77,70
35081,Karen Kerr,F,11th,Ford High School,68,88
35082,Brandi Camacho,F,10th,Ford High School,82,58
35083,Lauren Moran,F,9th,Ford High School,66,67
35084,Chad Frank,M,10th,Ford High School,73,85
35085,Brittney Richard,F,12th,Ford High School,72,74
35086,Jenna Arellano ,F,9th,Ford High School,96,80
35087,Joshua Hart,M,10th,Ford High School,69,96
35088,Laura Barber,F,11th,Ford High School,69,97
35089,Holly Adams ,F,9th,Ford High School,86,77
35090,Jennifer Martinez,F,10th,Ford High School,71,61
35091,Samantha Payne,F,9th,Ford High School,89,79
35092,Eric Rose,M,10th,Ford High School,84,67
35093,Vanessa Brooks,F,10th,Ford High School,67,70
35094,Sharon Kelly,F,9th,Ford High School,72,72
35095,Melissa Joyce,F,11th,Ford High School,77,91
35096,John Peterson,M,9th,Ford High School,68,80
35097,Paul Jensen,M,9th,Ford High School,88,63
35098,Tammy Blake,F,10th,Ford High School,89,71
35099,Veronica Lopez,F,10th,Ford High School,72,67
35100,Hayden Reid,M,12th,Ford High School,74,91
35101,Amanda Hicks,F,10th,Ford High School,64,95
35102,Amanda Barry,F,12th,Ford High School,65,76
35103,Melissa Barnett PhD,F,10th,Ford High School,72,76
35104,Cory Johns,M,10th,Ford High School,70,96
35105,Anthony Williams,M,12th,Ford High School,76,79
35106,Maria Scott,F,10th,Ford High School,75,59
35107,Tara Mcintosh,F,9th,Ford High School,65,66
35108,Amanda Mata,F,9th,Ford High School,79,70
35109,Jessica Gallagher,F,11th,Ford High School,93,66
35110,Melissa King,F,11th,Ford High School,71,81
35111,Krista Lamb,F,10th,Ford High School,80,91
35112,Ellen Chambers,F,9th,Ford High School,92,66
35113,Bernard Payne,M,12th,Ford High School,83,84
35114,Brenda Stevens,F,10th,Ford High School,65,89
35115,Roger Clark,M,10th,Ford High School,72,61
35116,Jamie Arnold,F,11th,Ford High School,71,71
35117,Kelly Mitchell,F,11th,Ford High School,75,95
35118,Nancy Peterson,F,11th,Ford High School,69,97
35119,Diana Cummings,F,10th,Ford High School,67,91
35120,Timothy Mckay,M,9th,Ford High School,99,88
35121,Melissa Greene,F,10th,Ford High School,69,61
35122,Shannon Williams,F,12th,Ford High School,82,92
35123,Michael Adams,M,12th,Ford High School,66,91
35124,Timothy Fleming,M,9th,Ford High School,79,93
35125,Megan Gilmore,F,9th,Ford High School,74,70
35126,John Lang,M,12th,Ford High School,82,58
35127,Brianna Stewart,F,10th,Ford High School,97,99
35128,Jacqueline Davis,F,11th,Ford High School,77,85
35129,Gregory Vasquez,M,10th,Ford High School,93,82
35130,Jessica Brown,F,9th,Ford High School,79,73
35131,David Hamilton,M,11th,Ford High School,89,76
35132,Aaron Oliver,M,9th,Ford High School,68,98
35133,Edward Harris,M,10th,Ford High School,85,69
35134,Dale Bennett,M,9th,Ford High School,78,96
35135,Jennifer Howard,F,12th,Ford High School,82,93
35136,George Caldwell,M,12th,Ford High School,90,67
35137,Tyler Hudson,M,10th,Ford High School,68,97
35138,Frederick Watkins,M,10th,Ford High School,72,85
35139,David Ryan,M,9th,Ford High School,68,99
35140,Susan Frazier,F,10th,Ford High School,93,90
35141,Ashley Moreno,F,9th,Ford High School,95,79
35142,Kimberly Gutierrez,F,9th,Ford High School,80,78
35143,Andrea Hicks,F,10th,Ford High School,86,87
35144,Kevin Hernandez,M,11th,Ford High School,69,57
35145,Lisa Austin,F,10th,Ford High School,65,68
35146,Melissa Logan,F,9th,Ford High School,67,67
35147,Frederick Marquez,M,10th,Ford High School,78,72
35148,Timothy Stark,M,10th,Ford High School,85,61
35149,Lindsay Taylor,F,10th,Ford High School,67,58
35150,Heather Leonard,F,12th,Ford High School,77,87
35151,John Perry,M,9th,Ford High School,92,86
35152,Joseph Lin,M,9th,Ford High School,71,83
35153,Dustin Mckenzie,M,9th,Ford High School,95,87
35154,Brenda Tran,F,9th,Ford High School,73,65
35155,Brenda Brown ,F,11th,Ford High School,63,90
35156,Sharon Gordon,F,11th,Ford High School,85,91
35157,Patrick Turner,M,12th,Ford High School,64,74
35158,Melissa Thompson,F,9th,Ford High School,70,96
35159,James Turner,M,9th,Ford High School,93,92
35160,Richard Parker,M,11th,Ford High School,73,78
35161,Gregory Kent,M,9th,Ford High School,94,93
35162,Austin Maxwell,M,12th,Ford High School,76,95
35163,Karen Morgan,F,9th,Ford High School,82,58
35164,Johnny Barnett,M,11th,Ford High School,66,78
35165,Corey Lee,M,10th,Ford High School,87,77
35166,Ricky Robinson,M,10th,Ford High School,85,85
35167,Alicia Palmer ,F,11th,Ford High School,83,68
35168,Jaime Singh,F,12th,Ford High School,63,88
35169,Anthony Underwood,M,10th,Ford High School,85,96
35170,Paul Herrera,M,12th,Ford High School,67,70
35171,Kathryn Velez,F,11th,Ford High School,79,82
35172,Christopher Williams,M,10th,Ford High School,64,96
35173,Valerie Pollard,F,11th,Ford High School,77,92
35174,Ralph Thompson,M,11th,Ford High School,80,84
35175,Priscilla Jones,F,9th,Ford High School,65,91
35176,Melanie Thomas,F,11th,Ford High School,92,69
35177,Randall Terry,M,12th,Ford High School,70,97
35178,David Wood,M,10th,Ford High School,90,90
35179,Jerry Lawrence,M,10th,Ford High School,80,62
35180,Christy Moses,F,10th,Ford High School,95,64
35181,Patrick Coleman,M,9th,Ford High School,80,89
35182,Alexandria Myers,F,10th,Ford High School,86,87
35183,Jacob Garcia,M,10th,Ford High School,63,97
35184,Zachary Ayala,M,10th,Ford High School,63,90
35185,Katrina Coffey,F,12th,Ford High School,80,93
35186,Joseph Pruitt,M,10th,Ford High School,68,69
35187,Madison Coleman,F,12th,Ford High School,69,89
35188,Jerry Friedman,M,12th,Ford High School,67,64
35189,Jeffery Jackson,M,9th,Ford High School,73,91
35190,Kristin Luna,F,9th,Ford High School,82,98
35191,Kimberly Cox,F,9th,Ford High School,92,62
35192,Tina Bell,F,10th,Ford High School,96,67
35193,Anthony White,M,9th,Ford High School,63,61
35194,Bianca Jones,F,12th,Ford High School,96,90
35195,Matthew Sweeney,M,10th,Ford High School,78,71
35196,Christina Marshall,F,9th,Ford High School,71,65
35197,Jessica Todd,F,9th,Ford High School,87,96
35198,Kristen Murphy,F,12th,Ford High School,86,99
35199,Taylor Salazar,M,11th,Ford High School,84,68
35200,Willie Skinner,M,12th,Ford High School,86,78
35201,David Buck,M,10th,Ford High School,99,98
35202,Donna Gomez,F,10th,Ford High School,84,95
35203,Stephanie Sanchez,F,11th,Ford High School,80,99
35204,Jordan Haney,F,10th,Ford High School,80,75
35205,Amanda Marshall,F,9th,Ford High School,96,55
35206,Brandon Wolfe,M,12th,Ford High School,83,89
35207,John Barker,M,12th,Ford High School,86,73
35208,Courtney Warner,F,11th,Ford High School,73,67
35209,Meghan Dean,F,10th,Ford High School,65,97
35210,Glenn Bell,M,10th,Ford High School,84,88
35211,Carlos Bender,M,12th,Ford High School,83,81
35212,Daniel Hicks,M,10th,Ford High School,97,87
35213,Andrew Castro,M,9th,Ford High School,65,59
35214,Sandra Harris,F,10th,Ford High School,69,61
35215,Adam Osborne,M,9th,Ford High School,92,94
35216,Jennifer Noble,F,12th,Ford High School,99,86
35217,Howard Stephens,M,9th,Ford High School,91,97
35218,John Cole,M,10th,Ford High School,86,88
35219,Larry Campbell,M,9th,Ford High School,66,69
35220,Justin Norton,M,12th,Ford High School,67,98
35221,Kenneth Sherman,M,10th,Ford High School,94,97
35222,Jennifer Brewer,F,10th,Ford High School,73,83
35223,Manuel Diaz,M,11th,Ford High School,81,91
35224,Michelle Pierce,F,11th,Ford High School,64,88
35225,Patrick Bennett,M,12th,Ford High School,69,78
35226,Jose Lopez,M,10th,Ford High School,66,91
35227,James Thomas,M,12th,Ford High School,94,64
35228,Autumn Brown,F,12th,Ford High School,96,74
35229,William Taylor,M,9th,Ford High School,63,62
35230,Eric Coleman,M,9th,Ford High School,68,55
35231,John Day,M,11th,Ford High School,82,92
35232,Carrie Thomas,F,11th,Ford High School,67,81
35233,Zoe Burton,F,9th,Ford High School,91,55
35234,Terry Macdonald,M,9th,Ford High School,68,61
35235,Joseph Mcclure,M,12th,Ford High School,85,71
35236,Sheila Burnett,F,9th,Ford High School,87,91
35237,Carl Haynes,M,11th,Ford High School,75,90
35238,Paula Wilson,F,10th,Ford High School,95,72
35239,Jose Rush,M,11th,Ford High School,82,92
35240,Christopher Marshall,M,10th,Ford High School,79,69
35241,Suzanne Cobb,F,9th,Ford High School,67,79
35242,Amber Morales,F,11th,Ford High School,74,65
35243,Adrian Nelson,M,11th,Ford High School,77,55
35244,Elizabeth Lane,F,9th,Ford High School,69,70
35245,Emma Gray,F,10th,Ford High School,77,94
35246,Jennifer Choi,F,10th,Ford High School,85,64
35247,John Rodriguez,M,10th,Ford High School,75,80
35248,Christopher Morris,M,12th,Ford High School,69,86
35249,Deborah Moore,F,10th,Ford High School,66,78
35250,Amy Rodriguez,F,12th,Ford High School,88,77
35251,Angela Silva,F,12th,Ford High School,65,82
35252,Alexis Simpson,F,11th,Ford High School,95,94
35253,Charles Castaneda,M,12th,Ford High School,99,91
35254,Heather Thompson,F,9th,Ford High School,84,96
35255,Valerie Riley,F,10th,Ford High School,88,87
35256,Arthur Smith,M,9th,Ford High School,95,85
35257,Nathan Savage,M,9th,Ford High School,89,76
35258,Sean Brown,M,9th,Ford High School,91,55
35259,Elizabeth Davis,F,12th,Ford High School,86,61
35260,Anthony Bryant ,M,10th,Ford High School,78,69
35261,Ryan Rose,M,9th,Ford High School,68,95
35262,Matthew Jimenez,M,11th,Ford High School,79,80
35263,Karen Davis,F,11th,Ford High School,91,94
35264,Gerald Short,M,10th,Ford High School,89,94
35265,Kyle Bowen,M,11th,Ford High School,63,84
35266,Jessica Smith,F,11th,Ford High School,82,92
35267,Anthony Clark,M,12th,Ford High School,75,93
35268,Chad Garcia,M,11th,Ford High School,73,85
35269,Daniel Donovan,M,12th,Ford High School,90,60
35270,Christopher Gutierrez,M,12th,Ford High School,94,90
35271,Rose Lee,F,9th,Ford High School,80,89
35272,Bridget Sullivan,F,12th,Ford High School,79,56
35273,Jason Chang,M,12th,Ford High School,97,97
35274,Patrick Best,M,12th,Ford High School,77,99
35275,Henry King,M,9th,Ford High School,82,68
35276,John Robles,M,9th,Ford High School,82,87
35277,Nancy Cortez,F,12th,Ford High School,85,83
35278,Whitney Turner,F,12th,Ford High School,96,78
35279,Dean Butler,M,12th,Ford High School,91,64
35280,Eric Giles,M,11th,Ford High School,91,93
35281,Mark Kelly,M,9th,Ford High School,71,72
35282,Lori Harris,F,9th,Ford High School,88,63
35283,Jacqueline Carlson,F,10th,Ford High School,94,80
35284,Autumn Stephenson,F,10th,Ford High School,73,69
35285,Jane Moreno,F,12th,Ford High School,68,59
35286,Daniel Martin,M,10th,Ford High School,98,79
35287,Peggy Brown,F,11th,Ford High School,93,59
35288,Elizabeth Sanchez,F,11th,Ford High School,80,89
35289,Michele Houston,F,11th,Ford High School,68,87
35290,David Gomez,M,11th,Ford High School,89,74
35291,Margaret Guzman,F,12th,Ford High School,73,63
35292,Jeff Ayala,M,12th,Ford High School,79,68
35293,Mercedes Ford,F,11th,Ford High School,79,76
35294,Christopher Perez ,M,12th,Ford High School,88,94
35295,Roy Love,M,11th,Ford High School,86,69
35296,Katherine Potts,F,11th,Ford High School,92,65
35297,Laura Mccormick,F,12th,Ford High School,82,60
35298,Thomas Cole,M,12th,Ford High School,88,66
35299,Rebecca Hendricks,F,10th,Ford High School,79,99
35300,Charles Farmer,M,10th,Ford High School,80,77
35301,Ashley Harris,F,9th,Ford High School,92,90
35302,Meghan Leonard,F,9th,Ford High School,90,77
35303,Mrs. Amber Garner ,F,11th,Ford High School,65,85
35304,Melvin Richards,M,10th,Ford High School,86,91
35305,Michelle George,F,10th,Ford High School,87,64
35306,Phillip Cooper,M,11th,Ford High School,82,68
35307,Brandon Baker,M,12th,Ford High School,96,78
35308,Gwendolyn Hall,F,9th,Ford High School,87,89
35309,Amy Ferguson,F,9th,Ford High School,66,98
35310,Jacob Mcdonald,M,11th,Ford High School,84,74
35311,Patrick Marshall,M,11th,Ford High School,68,90
35312,Cassandra Stewart,F,9th,Ford High School,91,57
35313,Thomas Diaz ,M,9th,Ford High School,89,66
35314,Taylor Taylor,M,12th,Ford High School,85,74
35315,David Johnson,M,10th,Ford High School,69,59
35316,Daniel Marquez,M,12th,Ford High School,90,56
35317,Jacob Briggs,M,9th,Ford High School,66,84
35318,Elijah Wright,M,9th,Ford High School,64,56
35319,Tony Pena,M,9th,Ford High School,65,98
35320,Kimberly Conway,F,10th,Ford High School,99,72
35321,Hannah Romero,F,11th,Ford High School,90,97
35322,David Munoz,M,10th,Ford High School,82,73
35323,Christopher Reed,M,10th,Ford High School,93,66
35324,David Johnson,M,12th,Ford High School,91,86
35325,Erica Mccormick,F,9th,Ford High School,72,64
35326,Steven Kelly,M,12th,Ford High School,79,79
35327,Sherri Atkinson,F,10th,Ford High School,73,88
35328,Eric Yang,M,9th,Ford High School,63,79
35329,Elizabeth Osborne,F,9th,Ford High School,86,66
35330,Michelle Tyler,F,9th,Ford High School,81,81
35331,Priscilla Walsh,F,9th,Ford High School,92,75
35332,Cynthia Taylor,F,9th,Ford High School,97,79
35333,Joshua Gonzalez,M,12th,Ford High School,64,80
35334,Logan Thomas,M,11th,Ford High School,70,74
35335,Heidi West,F,9th,Ford High School,84,55
35336,Julia Woodard,F,9th,Ford High School,86,74
35337,Gary Horton,M,9th,Ford High School,89,92
35338,Kristen Pearson,F,12th,Ford High School,95,70
35339,Heather Mack,F,12th,Ford High School,76,66
35340,Samuel Bennett,M,10th,Ford High School,71,96
35341,Matthew Martin,M,9th,Ford High School,65,59
35342,Doris Turner,F,10th,Ford High School,87,74
35343,Nicole Ashley,F,9th,Ford High School,67,74
35344,Gloria White,F,9th,Ford High School,71,90
35345,Wendy Roy,F,11th,Ford High School,66,82
35346,Adrienne Padilla,F,11th,Ford High School,78,70
35347,James Lewis,M,9th,Ford High School,94,77
35348,Thomas Rocha,M,12th,Ford High School,81,63
35349,Jacob Pearson,M,11th,Ford High School,71,73
35350,Sherry Turner ,F,10th,Ford High School,67,85
35351,Matthew Moore,M,9th,Ford High School,79,81
35352,Donna Wilson,F,10th,Ford High School,66,61
35353,David Brown,M,12th,Ford High School,85,75
35354,Paige Chavez,F,9th,Ford High School,76,71
35355,Ashley Gonzalez,F,11th,Ford High School,82,94
35356,Brandi Wilcox,F,11th,Ford High School,71,70
35357,Keith Jefferson,M,12th,Ford High School,76,75
35358,Morgan Carpenter,F,12th,Ford High School,79,93
35359,Lisa Wilson,F,11th,Ford High School,87,78
35360,Theodore Patel,M,11th,Ford High School,74,99
35361,Laurie Peterson,F,10th,Ford High School,68,90
35362,Dan Kaiser,M,9th,Ford High School,68,86
35363,Sarah Leon,F,11th,Ford High School,87,78
35364,Mark Nelson,M,11th,Ford High School,82,77
35365,Cheryl Smith,F,11th,Ford High School,73,61
35366,Joseph Green,M,9th,Ford High School,85,68
35367,Mike Anderson,M,12th,Ford High School,92,59
35368,Tanner Stevenson,M,11th,Ford High School,81,78
35369,Jack Hood,M,9th,Ford High School,89,73
35370,Joshua Martinez ,M,11th,Ford High School,76,76
35371,Jodi Brown,F,9th,Ford High School,84,96
35372,Mrs. Alicia Sanford,F,10th,Ford High School,99,81
35373,Eric Owens,M,10th,Ford High School,89,75
35374,Jeremy Ingram,M,9th,Ford High School,92,81
35375,Dustin Boyd,M,10th,Ford High School,97,96
35376,Joe Adams,M,12th,Ford High School,79,58
35377,Stephanie Fuller,F,10th,Ford High School,74,96
35378,Teresa Martinez,F,10th,Ford High School,80,69
35379,Mario Lewis,M,9th,Ford High School,68,65
35380,Scott Braun,M,11th,Ford High School,92,79
35381,Ashley Tucker,F,12th,Ford High School,87,83
35382,Gina Snyder,F,12th,Ford High School,83,78
35383,Sheryl Daniels,F,10th,Ford High School,94,97
35384,Jeffrey Tucker,M,11th,Ford High School,93,80
35385,Diana Harris,F,9th,Ford High School,81,63
35386,Lisa Mcknight,F,9th,Ford High School,83,84
35387,Ronald Ward,M,11th,Ford High School,84,85
35388,Mary Case,F,10th,Ford High School,64,67
35389,Lauren Harris,F,10th,Ford High School,81,81
35390,Anthony Byrd,M,9th,Ford High School,95,85
35391,Gwendolyn Thomas,F,9th,Ford High School,82,58
35392,Nicole Johnson,F,12th,Ford High School,68,76
35393,Denise Barker,F,10th,Ford High School,78,83
35394,James Adkins,M,11th,Ford High School,89,63
35395,Daniel Boyd,M,9th,Ford High School,73,88
35396,Kenneth Skinner,M,10th,Ford High School,88,57
35397,Amy Moyer,F,10th,Ford High School,93,59
35398,Olivia Farrell,F,9th,Ford High School,94,61
35399,Bruce Rhodes,M,9th,Ford High School,82,77
35400,Michael Branch,M,9th,Ford High School,86,56
35401,Tammy Franco,F,9th,Ford High School,78,96
35402,Rachel Cook,F,9th,Ford High School,63,56
35403,Isaac Davis,M,10th,Ford High School,71,69
35404,Misty Woods,F,10th,Ford High School,64,91
35405,Monica Mason,F,10th,Ford High School,95,86
35406,Mrs. Laura Sexton,F,10th,Ford High School,99,80
35407,Aaron Walker,M,10th,Ford High School,99,71
35408,Rebecca Wilcox,F,11th,Ford High School,76,88
35409,Dustin Davis,M,9th,Ford High School,90,87
35410,Rebecca Stevens,F,11th,Ford High School,86,98
35411,Christopher Jefferson,M,9th,Ford High School,65,74
35412,Christopher Kim,M,9th,Ford High School,99,59
35413,Reginald Brady,M,10th,Ford High School,86,98
35414,Craig Thomas,M,9th,Ford High School,84,76
35415,Daniel Mosley,M,10th,Ford High School,83,90
35416,Annette Diaz,F,10th,Ford High School,77,92
35417,Nicholas Cox,M,11th,Ford High School,88,90
35418,Erin Martinez,F,12th,Ford High School,94,83
35419,Patrick Miller,M,11th,Ford High School,85,77
35420,Madison Potter,F,10th,Ford High School,76,91
35421,Madison Jones,F,9th,Ford High School,74,94
35422,Brittany Cole,F,12th,Ford High School,98,74
35423,Kristy Thompson,F,12th,Ford High School,73,94
35424,Brenda Glenn,F,9th,Ford High School,76,85
35425,Bradley Berry,M,12th,Ford High School,63,85
35426,Danny Johnson,M,10th,Ford High School,81,72
35427,Allen Johnson,M,10th,Ford High School,65,94
35428,Daniel Ferguson,M,10th,Ford High School,83,82
35429,Teresa Castillo,F,9th,Ford High School,77,57
35430,Melissa Coleman ,F,9th,Ford High School,68,95
35431,Sharon Warren,F,11th,Ford High School,69,95
35432,Peter Mathis,M,10th,Ford High School,68,95
35433,Lauren Gomez,F,11th,Ford High School,87,67
35434,Natasha Oconnell,F,9th,Ford High School,81,69
35435,Richard Barnes,M,10th,Ford High School,69,61
35436,Catherine Velasquez,F,11th,Ford High School,65,61
35437,Gregory Bailey,M,12th,Ford High School,88,90
35438,Michael Mendez,M,10th,Ford High School,65,80
35439,Dana Burnett ,F,12th,Ford High School,70,98
35440,Sean Martin,M,9th,Ford High School,75,98
35441,Shelley Daniels,F,11th,Ford High School,94,69
35442,Emily Garrison,F,12th,Ford High School,81,95
35443,Ronald Phelps Jr.,M,10th,Ford High School,82,68
35444,Jessica Washington,F,12th,Ford High School,74,63
35445,Beth Martin,F,11th,Ford High School,64,76
35446,Vicki Calderon,F,9th,Ford High School,81,75
35447,Kenneth Collins,M,10th,Ford High School,96,78
35448,Richard Myers,M,10th,Ford High School,97,83
35449,Tracy Cole,F,12th,Ford High School,67,94
35450,John Ward,M,11th,Ford High School,84,95
35451,Mark Harris,M,11th,Ford High School,77,90
35452,Lisa Smith,F,9th,Ford High School,82,89
35453,Jason Jensen,M,11th,Ford High School,82,90
35454,Sarah Lewis,F,10th,Ford High School,83,92
35455,James Martinez,M,10th,Ford High School,79,71
35456,Nicholas Andersen,M,10th,Ford High School,65,96
35457,Benjamin Vaughn,M,10th,Ford High School,85,98
35458,Kelly Cox,F,10th,Ford High School,85,83
35459,Jason Mendez,M,9th,Ford High School,64,67
35460,Veronica Crosby,F,10th,Ford High School,87,74
35461,Michelle Ray,F,10th,Ford High School,65,91
35462,Darrell Jones,M,10th,Ford High School,81,79
35463,Michael Clark,M,9th,Ford High School,96,92
35464,Matthew Wilcox,M,11th,Ford High School,66,98
35465,Megan Carroll,F,10th,Ford High School,94,68
35466,Martha Grant,F,9th,Ford High School,80,95
35467,Nathan Costa,M,9th,Ford High School,98,79
35468,Mrs. Jessica Flynn,F,9th,Ford High School,81,73
35469,Amy Bell,F,12th,Ford High School,94,86
35470,Kelsey Gregory,F,11th,Ford High School,65,71
35471,Michael Hall,M,10th,Ford High School,80,67
35472,Michelle Aguilar,F,11th,Ford High School,90,83
35473,Kimberly Smith,F,10th,Ford High School,83,59
35474,Robin Jones,F,9th,Ford High School,84,67
35475,Alison Mann,F,10th,Ford High School,88,98
35476,Michael Jones,M,11th,Ford High School,87,72
35477,Daniel Ortiz,M,10th,Ford High School,96,64
35478,Robert Stephenson,M,10th,Ford High School,94,99
35479,Kathleen Ramirez,F,10th,Ford High School,91,97
35480,Dustin Jones,M,11th,Ford High School,68,63
35481,Amanda Morrison,F,10th,Ford High School,67,67
35482,Michael Baker,M,9th,Ford High School,73,96
35483,Jesse Ford,M,9th,Ford High School,97,75
35484,James Rice,M,11th,Ford High School,79,92
35485,Sarah Parker,F,12th,Ford High School,71,85
35486,Robin Davis,F,11th,Ford High School,99,67
35487,Janice Perry,F,10th,Ford High School,93,81
35488,Bryan Chandler,M,10th,Ford High School,76,94
35489,Gary Snow,M,9th,Ford High School,66,55
35490,Amber Long,F,12th,Ford High School,93,58
35491,Keith Richardson,M,10th,Ford High School,67,70
35492,William Chan,M,9th,Ford High School,88,94
35493,Casey Fields,F,11th,Ford High School,65,91
35494,David Romero,M,9th,Ford High School,71,57
35495,Joshua Ortiz,M,12th,Ford High School,88,62
35496,Linda Jenkins,F,11th,Ford High School,87,65
35497,Dawn Garcia,F,9th,Ford High School,67,60
35498,Heather Johnson,F,9th,Ford High School,80,92
35499,Matthew Acosta,M,10th,Ford High School,64,78
35500,Michelle Lewis,F,11th,Ford High School,74,60
35501,Nicole Ramsey,F,10th,Ford High School,82,80
35502,Troy Garcia,M,10th,Ford High School,74,77
35503,Javier Gardner,M,11th,Ford High School,64,88
35504,Mark Parks,M,9th,Ford High School,84,58
35505,Michael Gilbert,M,11th,Ford High School,65,86
35506,James Owen,M,11th,Ford High School,73,55
35507,Jackie Kim,F,11th,Ford High School,95,58
35508,Frank Lewis,M,9th,Ford High School,91,70
35509,Daniel Bond,M,11th,Ford High School,83,89
35510,Lisa Jones,F,11th,Ford High School,95,96
35511,Sara Waller,F,12th,Ford High School,73,75
35512,Randy Washington,M,9th,Ford High School,97,85
35513,Eric Ramos,M,9th,Ford High School,75,86
35514,Cynthia Cox,F,9th,Ford High School,82,61
35515,Claudia Crawford,F,10th,Ford High School,71,66
35516,Richard Baker,M,11th,Ford High School,75,65
35517,William Campbell,M,10th,Ford High School,77,62
35518,Joseph Ramirez,M,11th,Ford High School,88,72
35519,Jason Silva,M,11th,Ford High School,96,84
35520,Carl Patel,M,10th,Ford High School,92,98
35521,Robin Estes,F,9th,Ford High School,68,72
35522,Dawn Young,F,9th,Ford High School,87,96
35523,Dawn Gregory,F,9th,Ford High School,85,99
35524,Cody Sanchez,M,12th,Ford High School,84,86
35525,Adam Patton,M,11th,Ford High School,66,55
35526,Robert Brown,M,9th,Ford High School,83,90
35527,Paul Simmons,M,10th,Ford High School,87,69
35528,Steven Mccarthy,M,12th,Ford High School,94,58
35529,Alice Carlson,F,11th,Ford High School,98,97
35530,Natalie Davis,F,10th,Ford High School,69,93
35531,Michael Collins,M,11th,Ford High School,72,95
35532,Juan Hobbs,M,11th,Ford High School,75,59
35533,Michelle Stevenson,F,11th,Ford High School,67,79
35534,Walter Curry,M,12th,Ford High School,67,69
35535,Jeffrey Parker ,M,9th,Ford High School,83,66
35536,Elizabeth Payne,F,12th,Ford High School,73,79
35537,Jonathan Morris,M,10th,Ford High School,68,89
35538,Frank Wong,M,9th,Ford High School,97,98
35539,Catherine Meyers,F,11th,Ford High School,91,92
35540,Paul Dean,M,11th,Ford High School,85,62
35541,Lauren Gray,F,10th,Ford High School,76,58
35542,William Cortez,M,11th,Ford High School,94,94
35543,Mrs. Elizabeth Jones,F,9th,Ford High School,90,59
35544,Nicholas Jackson,M,10th,Ford High School,67,56
35545,John Thompson,M,9th,Ford High School,74,88
35546,Jessica Anderson,F,12th,Ford High School,90,79
35547,Karina Richmond,F,11th,Ford High School,95,63
35548,Aaron Stanley,M,9th,Ford High School,72,92
35549,Amanda Hernandez,F,11th,Ford High School,94,88
35550,Michael Jones,M,12th,Ford High School,63,78
35551,Sarah Hall,F,12th,Ford High School,64,97
35552,Nicole Navarro,F,12th,Ford High School,75,68
35553,David Velasquez,M,10th,Ford High School,76,91
35554,Trevor Wilson,M,12th,Ford High School,97,94
35555,Tara Mejia,F,10th,Ford High School,90,99
35556,Andrew Mendoza,M,11th,Ford High School,78,87
35557,Catherine Rowe,F,11th,Ford High School,89,74
35558,Brittney Hancock,F,9th,Ford High School,79,86
35559,Erika Stafford ,F,12th,Ford High School,74,76
35560,Gabrielle Nguyen,F,9th,Ford High School,74,62
35561,Tyler Wilkinson,M,11th,Ford High School,65,91
35562,Samuel Wise,M,9th,Ford High School,73,96
35563,David Robinson,M,11th,Ford High School,90,79
35564,Katherine Jones,F,9th,Ford High School,67,81
35565,Beverly Lee,F,10th,Ford High School,99,68
35566,Ian Harris,M,9th,Ford High School,90,68
35567,Jennifer Johnson,F,11th,Ford High School,88,59
35568,Elizabeth Smith,F,9th,Ford High School,64,62
35569,Courtney Caldwell,F,12th,Ford High School,97,98
35570,Vincent Reed,M,11th,Ford High School,78,87
35571,Kristina Douglas,F,10th,Ford High School,90,67
35572,Matthew Nielsen,M,10th,Ford High School,76,88
35573,Jesus Taylor,M,10th,Ford High School,92,55
35574,John James,M,10th,Ford High School,91,69
35575,Justin Mcgee,M,12th,Ford High School,90,82
35576,Jared Cunningham,M,11th,Ford High School,88,83
35577,Shelby Weiss,F,11th,Ford High School,88,68
35578,Tracey Smith,F,9th,Ford High School,64,58
35579,Robin Lewis,F,12th,Ford High School,96,87
35580,Brooke Hayes,F,12th,Ford High School,75,94
35581,Michelle Flores,F,9th,Ford High School,66,64
35582,Jeffrey Cox,M,10th,Ford High School,66,73
35583,Christopher Mitchell,M,9th,Ford High School,66,57
35584,Jeremy Maddox,M,9th,Ford High School,76,82
35585,Anne Hernandez,F,10th,Ford High School,90,95
35586,Alexander Jordan,M,11th,Ford High School,90,74
35587,Roy Powers,M,9th,Ford High School,86,80
35588,John Hodge,M,10th,Ford High School,91,79
35589,James Valentine,M,9th,Ford High School,87,76
35590,Elaine Scott,F,10th,Ford High School,70,76
35591,Melissa Simon,F,10th,Ford High School,66,84
35592,James Bates,M,9th,Ford High School,64,60
35593,Erin Smith,F,9th,Ford High School,80,71
35594,Patrick Durham,M,10th,Ford High School,74,72
35595,Elizabeth Mcdaniel,F,11th,Ford High School,86,80
35596,Leslie Barnes,F,10th,Ford High School,86,64
35597,Anthony Brown,M,11th,Ford High School,66,55
35598,Mark Jackson,M,10th,Ford High School,69,78
35599,William Walsh,M,11th,Ford High School,93,87
35600,Alicia Hoover,F,10th,Ford High School,94,64
35601,Erin Cowan,F,10th,Ford High School,86,80
35602,Claudia Nolan,F,12th,Ford High School,89,71
35603,Edward Chen,M,9th,Ford High School,90,87
35604,Elizabeth Mcbride,F,9th,Ford High School,90,83
35605,Eric Kemp,M,12th,Ford High School,63,55
35606,Todd Turner ,M,9th,Ford High School,67,67
35607,Jeremy Soto,M,10th,Ford High School,98,89
35608,Claire Brown,F,9th,Ford High School,77,89
35609,Paul Jones,M,9th,Ford High School,93,96
35610,Marcia Rodriguez,F,9th,Ford High School,88,82
35611,Raven Whitney,F,11th,Ford High School,83,64
35612,Jenna Hernandez,F,9th,Ford High School,77,85
35613,Rhonda Turner,F,10th,Ford High School,67,62
35614,Rebecca Chan,F,10th,Ford High School,69,60
35615,Elizabeth King,F,9th,Ford High School,94,86
35616,Katherine Travis,F,10th,Ford High School,65,84
35617,Sean Cook,M,11th,Ford High School,95,71
35618,Andrew Cunningham,M,11th,Ford High School,65,74
35619,Jennifer Bennett,F,9th,Ford High School,88,56
35620,Rhonda Reyes,F,12th,Ford High School,88,99
35621,Paul Washington,M,12th,Ford High School,75,90
35622,Stephanie Thompson,F,10th,Ford High School,97,90
35623,Danny Hernandez,M,12th,Ford High School,81,56
35624,Susan Winters,F,12th,Ford High School,95,75
35625,Corey Kane,M,10th,Ford High School,79,84
35626,William Williams,M,11th,Ford High School,88,64
35627,Nicholas Sherman,M,10th,Ford High School,73,74
35628,Lisa Heath,F,11th,Ford High School,96,85
35629,Keith Conner,M,11th,Ford High School,78,88
35630,Brenda Jones,F,9th,Ford High School,88,76
35631,Rachel Gibson,F,12th,Ford High School,82,78
35632,Crystal Walton,F,10th,Ford High School,75,78
35633,Kenneth Stevenson,M,12th,Ford High School,65,56
35634,Linda Flores,F,9th,Ford High School,72,89
35635,Wanda Navarro,F,9th,Ford High School,81,57
35636,Melissa Snyder,F,9th,Ford High School,64,55
35637,Jennifer Rogers,F,12th,Ford High School,81,64
35638,Christine Johnson,F,12th,Ford High School,82,73
35639,Dawn Cook,F,9th,Ford High School,91,95
35640,Jonathan Harvey,M,11th,Ford High School,82,92
35641,Corey Wise,M,11th,Ford High School,83,91
35642,Haley Hayes,F,9th,Ford High School,90,93
35643,Sandra Garcia,F,12th,Ford High School,86,89
35644,Alan Ferguson,M,10th,Ford High School,95,60
35645,Stacey Walker,F,9th,Ford High School,92,80
35646,Sandra Clay,F,12th,Ford High School,64,91
35647,Jessica Jones,F,10th,Ford High School,95,86
35648,Andrew Williamson,M,10th,Ford High School,73,87
35649,Curtis Holland,M,11th,Ford High School,77,78
35650,Heather Green,F,9th,Ford High School,83,84
35651,Curtis King,M,11th,Ford High School,64,96
35652,Nathan Davis,M,10th,Ford High School,85,64
35653,Natalie Barry,F,12th,Ford High School,74,59
35654,Patrick Barton,M,9th,Ford High School,97,92
35655,Curtis Romero,M,12th,Ford High School,90,72
35656,Sarah Beasley,F,12th,Ford High School,81,89
35657,George Duke,M,9th,Ford High School,70,91
35658,Peter Doyle,M,9th,Ford High School,85,70
35659,Danny Garrett,M,9th,Ford High School,76,65
35660,Jo Carter,F,9th,Ford High School,84,94
35661,Nicole Wong,F,11th,Ford High School,71,97
35662,Patrick Conner,M,9th,Ford High School,90,74
35663,Danielle Bryant,F,11th,Ford High School,92,62
35664,Karen Glenn,F,12th,Ford High School,71,68
35665,Judy Wang,F,11th,Ford High School,86,95
35666,Deborah Gonzalez,F,11th,Ford High School,67,70
35667,Benjamin Dickson,M,9th,Ford High School,81,61
35668,Douglas Hall,M,11th,Ford High School,64,81
35669,James Clayton,M,10th,Ford High School,88,62
35670,Judith Stevenson,F,9th,Ford High School,99,66
35671,Benjamin Chan,M,10th,Ford High School,96,96
35672,Andrea Nguyen,F,12th,Ford High School,73,61
35673,Andrew Aguilar,M,11th,Ford High School,69,60
35674,William Michael,M,11th,Ford High School,92,95
35675,Matthew Perez,M,11th,Ford High School,84,87
35676,Kevin Stephens,M,9th,Ford High School,93,61
35677,Heather Ellis,F,12th,Ford High School,63,92
35678,Debbie Johnson,F,9th,Ford High School,71,86
35679,Keith Townsend,M,9th,Ford High School,88,96
35680,Chad Johns,M,12th,Ford High School,75,94
35681,Kyle Hernandez,M,9th,Ford High School,79,95
35682,Matthew Sellers,M,11th,Ford High School,87,73
35683,Amber Marquez,F,10th,Ford High School,89,83
35684,Dustin Parks,M,10th,Ford High School,86,99
35685,Kelly Davis,F,10th,Ford High School,73,93
35686,Wayne Waller,M,10th,Ford High School,78,62
35687,Joseph Avery,M,12th,Ford High School,73,85
35688,Terry Gross,M,9th,Ford High School,98,77
35689,Olivia Dominguez,F,11th,Ford High School,78,93
35690,Christine Rodriguez,F,10th,Ford High School,94,77
35691,Robert Murray,M,11th,Ford High School,91,71
35692,Joshua Green,M,9th,Ford High School,96,88
35693,Michael Banks,M,11th,Ford High School,79,60
35694,Mitchell Carroll,M,11th,Ford High School,77,90
35695,Charlene Hunt,F,12th,Ford High School,72,88
35696,Natasha Park,F,10th,Ford High School,69,97
35697,Michael Parsons,M,9th,Ford High School,81,86
35698,Debra Franklin,F,9th,Ford High School,98,88
35699,Karen Kidd ,F,12th,Ford High School,77,95
35700,Shelly White,F,9th,Ford High School,93,79
35701,Rebekah Turner,F,10th,Ford High School,83,75
35702,Tammy Murphy,F,10th,Ford High School,97,71
35703,Amanda Johnson,F,10th,Ford High School,80,68
35704,Yolanda Leonard,F,9th,Ford High School,66,55
35705,Larry Bradford,M,10th,Ford High School,78,85
35706,Tina Moore,F,12th,Ford High School,81,79
35707,Kenneth Hayes,M,10th,Ford High School,98,91
35708,Grace Flores,F,9th,Ford High School,70,76
35709,Jesse Owens,M,9th,Ford High School,96,96
35710,Mary Hammond,F,10th,Ford High School,99,88
35711,David Golden,M,11th,Ford High School,98,95
35712,Rhonda Gonzalez,F,9th,Ford High School,82,96
35713,Jacob Johnson,M,12th,Ford High School,88,79
35714,Maurice Jones,M,9th,Ford High School,70,59
35715,Megan Vazquez,F,10th,Ford High School,68,95
35716,Manuel Cox,M,9th,Ford High School,70,60
35717,Jamie Roberts,F,10th,Ford High School,65,76
35718,Ronald Conner,M,9th,Ford High School,71,90
35719,Benjamin Robbins,M,11th,Ford High School,92,85
35720,Laura Farmer,F,12th,Ford High School,73,88
35721,Michael Miller PhD,M,9th,Ford High School,81,87
35722,Patricia Riley,F,10th,Ford High School,78,81
35723,Randy Ray,M,11th,Ford High School,71,77
35724,Rebecca Walker,F,11th,Ford High School,80,65
35725,Deborah Farrell,F,12th,Ford High School,80,95
35726,Aaron Brown,M,12th,Ford High School,85,82
35727,Mary Santos,F,9th,Ford High School,67,89
35728,Maurice Taylor,M,12th,Ford High School,69,97
35729,Chelsea Howard,F,11th,Ford High School,68,98
35730,Krystal Johnson,F,10th,Ford High School,93,62
35731,Tammy Buchanan,F,9th,Ford High School,74,88
35732,Derek Cortez,M,9th,Ford High School,92,98
35733,Earl Burch,M,10th,Ford High School,77,67
35734,Megan Freeman,F,10th,Ford High School,93,88
35735,Scott Cooper,M,12th,Ford High School,78,56
35736,Justin Marsh,M,10th,Ford High School,78,81
35737,Debbie Brown,F,10th,Ford High School,88,55
35738,Robert Sullivan,M,11th,Ford High School,82,93
35739,Deanna Hill,F,10th,Ford High School,90,55
35740,Steven David,M,9th,Ford High School,91,76
35741,David Peterson,M,9th,Ford High School,67,94
35742,Jennifer Perez,F,11th,Ford High School,79,56
35743,Chelsea Mcclain,F,11th,Ford High School,74,59
35744,Diane Robinson,F,11th,Ford High School,96,61
35745,Brian Fowler,M,12th,Ford High School,79,95
35746,Katherine Lester,F,11th,Ford High School,73,87
35747,Michelle Garcia,F,11th,Ford High School,85,71
35748,Antonio Odonnell,M,10th,Ford High School,96,58
35749,Angela Hicks,F,9th,Ford High School,95,82
35750,Todd Diaz,M,10th,Ford High School,91,76
35751,Justin Burton,M,10th,Ford High School,73,88
35752,Damon Small,M,11th,Ford High School,72,67
35753,Richard Strong,M,10th,Ford High School,67,97
35754,Deborah Richardson,F,10th,Ford High School,80,75
35755,Kenneth Gray,M,9th,Ford High School,84,91
35756,Jennifer Lopez,F,10th,Ford High School,81,76
35757,William Marshall,M,12th,Ford High School,98,70
35758,Stacy Boyer,F,12th,Ford High School,70,81
35759,Jeremiah Hobbs,M,9th,Ford High School,72,62
35760,Malik Mccann,M,12th,Ford High School,79,55
35761,Michael Villanueva,M,9th,Ford High School,64,62
35762,Dorothy Ford,F,9th,Ford High School,98,67
35763,Allison Frazier,F,9th,Ford High School,66,77
35764,Matthew Hebert,M,10th,Ford High School,77,96
35765,Sonya Norton,F,12th,Ford High School,81,89
35766,Mary Taylor,F,9th,Ford High School,80,82
35767,Martin Lopez,M,10th,Ford High School,69,57
35768,Barbara Fleming,F,11th,Ford High School,63,85
35769,Caleb Sims,M,10th,Ford High School,63,70
35770,Dustin Trevino,M,9th,Ford High School,78,71
35771,Kelli Obrien,F,11th,Ford High School,97,82
35772,Thomas Jackson,M,12th,Ford High School,74,64
35773,Justin Gilmore,M,12th,Ford High School,90,84
35774,Terry Oliver,M,11th,Ford High School,75,84
35775,Melissa Wilson,F,11th,Ford High School,92,86
35776,Mrs. Sharon Kelley,F,11th,Ford High School,78,79
35777,Joan Russell,F,11th,Ford High School,78,88
35778,Barbara Wright,F,12th,Ford High School,94,78
35779,Cristian Mitchell,M,10th,Ford High School,82,78
35780,Erin Ford,F,10th,Ford High School,80,63
35781,Wesley Vincent,M,9th,Ford High School,77,65
35782,Marissa Mccullough,F,12th,Ford High School,63,60
35783,Samuel Smith,M,9th,Ford High School,78,82
35784,Garrett Arnold,M,9th,Ford High School,68,83
35785,Amber Houston,F,9th,Ford High School,88,78
35786,Sydney Olsen,F,10th,Ford High School,71,62
35787,Steven Ross,M,11th,Ford High School,94,83
35788,Nicolas Jackson,M,10th,Ford High School,95,81
35789,Tyler Mahoney,M,11th,Ford High School,75,59
35790,Kathleen Mullen,F,12th,Ford High School,85,58
35791,Madison Newton,F,11th,Ford High School,79,95
35792,Jason Jordan,M,10th,Ford High School,63,94
35793,Jimmy Morgan,M,9th,Ford High School,88,88
35794,Gina Smith,F,10th,Ford High School,97,73
35795,Victoria Young,F,12th,Ford High School,96,87
35796,John Morgan,M,9th,Ford High School,79,60
35797,Jeremy Gamble,M,10th,Ford High School,73,64
35798,Morgan Klein,F,10th,Ford High School,84,56
35799,Manuel Weaver,M,9th,Ford High School,89,81
35800,Terry Rivera,M,10th,Ford High School,90,74
35801,Christian Crane,M,10th,Ford High School,76,74
35802,Patricia Sanchez,F,11th,Ford High School,64,83
35803,Daniel Ingram,M,11th,Ford High School,86,89
35804,Whitney Flynn,F,11th,Ford High School,83,78
35805,Bryan Schmitt,M,11th,Ford High School,83,64
35806,Dale Elliott,M,9th,Ford High School,77,67
35807,Emily Carroll,F,12th,Ford High School,93,98
35808,Glen Kramer,M,9th,Ford High School,96,62
35809,Danny Freeman,M,12th,Ford High School,67,87
35810,Renee Delacruz,F,11th,Ford High School,87,66
35811,Joseph Stewart,M,12th,Ford High School,66,92
35812,Kelly Nichols,F,11th,Ford High School,65,93
35813,Tina Reyes,F,9th,Ford High School,77,85
35814,Lauren Zhang,F,12th,Ford High School,66,61
35815,Harold Dunn,M,10th,Ford High School,85,98
35816,Karen Sanchez,F,12th,Ford High School,99,77
35817,Denise Brooks,F,12th,Ford High School,98,88
35818,Valerie Wright,F,10th,Ford High School,78,84
35819,Megan Cochran,F,9th,Ford High School,67,61
35820,Toni Munoz,F,10th,Ford High School,93,84
35821,Jonathan Alvarez,M,11th,Ford High School,85,79
35822,Christian Bradley,M,10th,Ford High School,69,94
35823,Courtney Diaz,F,9th,Ford High School,83,81
35824,Katrina Adams,F,11th,Ford High School,74,73
35825,Stephen Wheeler,M,10th,Ford High School,68,57
35826,Donald Gonzalez,M,11th,Ford High School,65,59
35827,Nancy Costa,F,11th,Ford High School,75,82
35828,Joshua Roberson,M,10th,Ford High School,69,89
35829,Andrew Cole ,M,10th,Ford High School,67,60
35830,Jeffrey Mclaughlin,M,11th,Ford High School,98,88
35831,Beverly Wolf,F,9th,Ford High School,84,82
35832,Jonathan Reid II,M,12th,Ford High School,95,95
35833,Raymond Bailey,M,10th,Ford High School,82,68
35834,Lisa Robbins,F,11th,Ford High School,74,73
35835,Tina Anderson,F,11th,Ford High School,64,94
35836,Mrs. Taylor Castillo,F,11th,Ford High School,96,74
35837,Erika Ellis,F,10th,Ford High School,81,74
35838,Brandon Reilly,M,9th,Ford High School,77,98
35839,Marissa Oliver,F,12th,Ford High School,95,59
35840,Alicia Moore,F,12th,Ford High School,66,92
35841,Elizabeth Campbell,F,12th,Ford High School,87,85
35842,Deanna Clayton,F,11th,Ford High School,72,90
35843,Anna Martin,F,9th,Ford High School,87,73
35844,Jesse Mercado,M,10th,Ford High School,75,99
35845,George Wright,M,10th,Ford High School,82,79
35846,Gabrielle Wong,F,11th,Ford High School,69,75
35847,Kristin Wilkinson,F,10th,Ford High School,90,62
35848,Sheila Rice,F,9th,Ford High School,77,63
35849,Tami Velez,F,9th,Ford High School,85,85
35850,William Allison,M,9th,Ford High School,66,90
35851,Linda Torres,F,9th,Ford High School,75,57
35852,Jenna Carlson,F,10th,Ford High School,65,72
35853,Heather Adams,F,12th,Ford High School,84,76
35854,William Barnett,M,10th,Ford High School,84,55
35855,Lindsay Yates,F,10th,Ford High School,74,69
35856,Cassidy Parker,F,11th,Ford High School,81,61
35857,Jennifer Matthews,F,9th,Ford High School,75,96
35858,Maria Allen,F,10th,Ford High School,80,99
35859,Robert Fleming,M,12th,Ford High School,69,58
35860,Jennifer Cantrell,F,9th,Ford High School,72,71
35861,Dennis Gibson,M,12th,Ford High School,80,69
35862,Mary Rose,F,12th,Ford High School,72,61
35863,Brandon Rogers,M,10th,Ford High School,69,85
35864,Monica Ferguson,F,11th,Ford High School,94,78
35865,Michael Arellano,M,10th,Ford High School,69,86
35866,Dorothy Avila,F,11th,Ford High School,90,85
35867,Katherine Klein,F,12th,Ford High School,75,90
35868,Vanessa Stone,F,12th,Ford High School,73,84
35869,Thomas Haney,M,9th,Ford High School,83,89
35870,Anthony Gaines,M,10th,Ford High School,75,77
35871,Renee Morris,F,11th,Ford High School,72,90
35872,Brandy Cooper,F,11th,Ford High School,66,71
35873,Teresa Reeves,F,12th,Ford High School,77,56
35874,Reginald Trujillo,M,10th,Ford High School,66,85
35875,Jean Ryan,F,9th,Ford High School,83,79
35876,Matthew Deleon,M,9th,Ford High School,94,97
35877,Alexis Barnett,F,9th,Ford High School,70,75
35878,Martin Callahan,M,10th,Ford High School,80,76
35879,Joshua Smith Jr.,M,9th,Ford High School,65,99
35880,John Miller,M,10th,Ford High School,97,87
35881,Gerald Calhoun,M,9th,Ford High School,69,95
35882,Derek Wright,M,11th,Ford High School,66,86
35883,Carolyn Moore,F,12th,Ford High School,71,75
35884,Michael Thompson,M,11th,Ford High School,63,78
35885,Tamara Velez,F,9th,Ford High School,89,92
35886,Billy Bailey,M,12th,Ford High School,99,82
35887,Joel Snyder,M,9th,Ford High School,79,93
35888,Alexis Williams,F,11th,Ford High School,75,95
35889,Kenneth Bernard,M,12th,Ford High School,74,63
35890,Jon Murray,M,12th,Ford High School,73,76
35891,Michael Stewart,M,10th,Ford High School,91,65
35892,Jacqueline Rangel,F,9th,Ford High School,74,97
35893,Tonya Hanna,F,9th,Ford High School,79,67
35894,Thomas Mendoza,M,11th,Ford High School,98,70
35895,Julie Berry,F,11th,Ford High School,74,82
35896,Madison Summers,F,9th,Ford High School,64,67
35897,Tiffany Thomas,F,10th,Ford High School,72,73
35898,Jennifer Briggs,F,9th,Ford High School,63,83
35899,Victoria Davis,F,12th,Ford High School,74,75
35900,Edward Martin,M,9th,Ford High School,86,78
35901,Antonio Miller,M,10th,Ford High School,89,78
35902,Nancy Watson,F,10th,Ford High School,88,66
35903,Nicholas Bright,M,10th,Ford High School,86,90
35904,Randall Wilson,M,10th,Ford High School,69,92
35905,Christopher Thomas,M,12th,Ford High School,86,56
35906,Cody Dalton,M,10th,Ford High School,88,89
35907,Thomas Harris,M,9th,Ford High School,80,60
35908,Nicole Proctor,F,12th,Ford High School,67,95
35909,Herbert Marshall,M,11th,Ford High School,79,58
35910,Robert Palmer,M,9th,Ford High School,77,67
35911,Joseph Herrera III,M,9th,Ford High School,64,74
35912,Andrea Holmes,F,9th,Ford High School,64,84
35913,Rhonda Gilmore,F,11th,Ford High School,74,58
35914,Misty Lopez,F,11th,Ford High School,74,73
35915,Anna Smith,F,9th,Ford High School,66,80
35916,Dennis Lopez,M,9th,Ford High School,83,87
35917,Andrew Taylor,M,11th,Ford High School,99,92
35918,Dennis Hernandez,M,9th,Ford High School,93,72
35919,Christopher Harrison,M,9th,Ford High School,95,56
35920,Eric Solis,M,11th,Ford High School,80,83
35921,Wayne Gomez,M,10th,Ford High School,86,56
35922,Jason Holt,M,11th,Ford High School,97,92
35923,Meghan Hernandez,F,12th,Ford High School,98,66
35924,Emily Andrews,F,12th,Ford High School,68,75
35925,Meredith Johnson,F,11th,Ford High School,83,82
35926,John Long,M,11th,Ford High School,82,73
35927,Seth Gutierrez,M,12th,Ford High School,68,55
35928,Elizabeth Morgan,F,12th,Ford High School,65,66
35929,Michelle English,F,11th,Ford High School,78,70
35930,Megan Smith,F,10th,Ford High School,91,59
35931,Christopher Elliott,M,11th,Ford High School,93,58
35932,Miguel Johnson,M,9th,Ford High School,74,55
35933,Adam Wilkerson,M,10th,Ford High School,80,88
35934,Michele Kaiser,F,10th,Ford High School,98,61
35935,Natalie Smith,F,9th,Ford High School,99,70
35936,Catherine Ferguson ,F,9th,Ford High School,73,99
35937,Tiffany Dixon,F,12th,Ford High School,63,70
35938,Kathryn Thompson,F,9th,Ford High School,80,72
35939,Robert Hunter,M,12th,Ford High School,74,71
35940,Sara Wiley,F,10th,Ford High School,73,82
35941,Sara Hicks,F,9th,Ford High School,90,59
35942,Matthew Anderson,M,11th,Ford High School,93,67
35943,Amy Wheeler,F,10th,Ford High School,69,88
35944,Tracy Le,F,9th,Ford High School,97,65
35945,Aaron Hill,M,11th,Ford High School,82,78
35946,Jessica Smith,F,10th,Ford High School,72,66
35947,Stephanie Valdez,F,12th,Ford High School,93,56
35948,Paul Bright,M,11th,Ford High School,94,62
35949,Jacob Burgess,M,9th,Ford High School,88,56
35950,Nicholas Johnson,M,9th,Ford High School,82,71
35951,Christopher Ruiz,M,10th,Ford High School,82,63
35952,Adrienne Reese,F,9th,Ford High School,90,86
35953,Gregory Ferguson,M,11th,Ford High School,87,74
35954,Tiffany Smith,F,10th,Ford High School,98,65
35955,Anthony Shaw,M,12th,Ford High School,85,72
35956,Vernon Riley,M,12th,Ford High School,65,79
35957,Samantha Chavez,F,9th,Ford High School,68,82
35958,Daniel Brown,M,12th,Ford High School,64,58
35959,Joshua Joyce,M,10th,Ford High School,94,56
35960,Eugene Moody,M,10th,Ford High School,68,81
35961,Mark Baker,M,10th,Ford High School,88,62
35962,Shannon Smith,F,11th,Ford High School,83,87
35963,Timothy Knight,M,12th,Ford High School,64,71
35964,Jennifer Hudson,F,9th,Ford High School,93,78
35965,Luis Jones,M,12th,Ford High School,83,71
35966,Jennifer Anderson,F,10th,Ford High School,92,94
35967,Tanya Watson,F,10th,Ford High School,78,74
35968,Natalie Lopez,F,10th,Ford High School,80,66
35969,Zachary Parker,M,10th,Ford High School,93,62
35970,Pamela Hansen,F,9th,Ford High School,72,70
35971,Tracy Mcdonald,F,12th,Ford High School,86,55
35972,Jordan Randall,F,11th,Ford High School,81,75
35973,Robert Washington,M,11th,Ford High School,87,70
35974,Grace Bush,F,9th,Ford High School,76,71
35975,Benjamin Flores,M,11th,Ford High School,77,91
35976,Megan Rivers,F,10th,Ford High School,72,86
35977,Thomas Griffith,M,10th,Ford High School,71,99
35978,Megan White,F,9th,Ford High School,65,57
35979,John Robinson,M,9th,Ford High School,66,82
35980,Richard French,M,9th,Ford High School,79,57
35981,Madeline Ramos,F,12th,Ford High School,80,91
35982,Angela Johnson,F,12th,Ford High School,72,76
35983,Elizabeth Martinez,F,10th,Ford High School,85,75
35984,Morgan Guerrero,F,10th,Ford High School,79,65
35985,Luke Perez,M,10th,Ford High School,76,65
35986,Daniel Johnson,M,10th,Ford High School,92,72
35987,Richard Young,M,10th,Ford High School,92,91
35988,Priscilla Strickland,F,10th,Ford High School,98,73
35989,Brittany Taylor,F,12th,Ford High School,94,65
35990,Victoria Morgan,F,10th,Ford High School,94,80
35991,Renee Hickman,F,12th,Ford High School,99,73
35992,Jordan Sanchez,F,11th,Ford High School,99,68
35993,Shannon Bennett,F,11th,Ford High School,89,74
35994,Victoria Martinez,F,11th,Ford High School,89,92
35995,Amber Roberts,F,11th,Ford High School,86,80
35996,Toni Sullivan,F,12th,Ford High School,68,58
35997,Megan Solomon,F,12th,Ford High School,82,89
35998,Michelle Walton,F,9th,Ford High School,96,58
35999,Pamela Rocha,F,12th,Ford High School,92,89
36000,Larry Morgan,M,9th,Ford High School,94,61
36001,Diane Ford,F,9th,Ford High School,92,71
36002,Kyle Ward,M,9th,Ford High School,77,59
36003,Zachary Bowen,M,11th,Ford High School,86,68
36004,David Wright,M,12th,Ford High School,90,84
36005,Pamela Myers,F,10th,Ford High School,63,75
36006,Deanna Johnson,F,11th,Ford High School,65,99
36007,Tammy Curtis,F,10th,Ford High School,63,67
36008,Mitchell Hays,M,9th,Ford High School,73,83
36009,Gregory Campbell,M,9th,Ford High School,71,58
36010,Timothy Mclean,M,11th,Ford High School,90,61
36011,Kimberly Mitchell,F,12th,Ford High School,95,63
36012,Mark Compton,M,12th,Ford High School,98,61
36013,Patrick Mahoney,M,9th,Ford High School,83,99
36014,Ashley Phelps,F,9th,Ford High School,78,65
36015,Jerry Green,M,11th,Ford High School,83,83
36016,Allison Little,F,9th,Ford High School,73,66
36017,Mrs. Jordan Turner,F,9th,Ford High School,96,82
36018,Christy Sharp,F,11th,Ford High School,91,82
36019,Samantha Park,F,10th,Ford High School,88,62
36020,Ryan Hunter,M,9th,Ford High School,67,71
36021,Alicia Burton,F,10th,Ford High School,85,68
36022,Anthony Stewart,M,12th,Ford High School,81,80
36023,Beverly Ingram,F,11th,Ford High School,83,93
36024,Robert Reyes,M,11th,Ford High School,85,62
36025,Frederick Perez,M,10th,Ford High School,96,83
36026,Louis Snow,M,10th,Ford High School,75,97
36027,Luis Hill,M,12th,Ford High School,89,64
36028,Sheila Williams,F,10th,Ford High School,92,79
36029,Karen Barrett,F,11th,Ford High School,89,93
36030,Sheila Evans,F,10th,Ford High School,86,96
36031,Lindsey Gray,F,9th,Ford High School,86,89
36032,Jennifer Thomas,F,11th,Ford High School,65,63
36033,Dalton Burns,M,9th,Ford High School,74,60
36034,Richard Richardson,M,9th,Ford High School,89,64
36035,Kendra Bell,F,11th,Ford High School,65,70
36036,Karen Flores,F,10th,Ford High School,82,98
36037,Jacqueline Sutton,F,11th,Ford High School,79,79
36038,Melanie Villa,F,11th,Ford High School,87,55
36039,Dana Curtis,F,9th,Ford High School,71,97
36040,Michael Hendricks,M,12th,Ford High School,92,77
36041,Candice Bryant,F,12th,Ford High School,73,92
36042,Hunter Johnson,M,10th,Ford High School,94,65
36043,Cynthia Farmer,F,9th,Ford High School,88,74
36044,Jessica Alvarez,F,11th,Ford High School,80,65
36045,Brittney Mata,F,12th,Ford High School,83,78
36046,Jaime Turner,F,9th,Ford High School,63,79
36047,Edward Estrada,M,12th,Ford High School,88,78
36048,Jennifer Harris,F,10th,Ford High School,80,86
36049,Andrew Ray,M,9th,Ford High School,72,91
36050,Rick Stanley,M,9th,Ford High School,68,57
36051,Albert Gallegos,M,9th,Ford High School,87,83
36052,Christopher Clark,M,11th,Ford High School,65,93
36053,Gary Barnes,M,9th,Ford High School,90,76
36054,Amy Sullivan,F,10th,Ford High School,64,56
36055,Lisa Peterson,F,10th,Ford High School,74,70
36056,Daniel Miller,M,12th,Ford High School,82,90
36057,Russell Payne,M,10th,Ford High School,83,64
36058,William Acosta,M,10th,Ford High School,87,92
36059,Diana Cervantes,F,11th,Ford High School,87,56
36060,Cameron Davis,M,9th,Ford High School,85,63
36061,Scott Russo,M,11th,Ford High School,66,93
36062,Tyler Knight,M,11th,Ford High School,67,98
36063,Michael Jones,M,10th,Ford High School,87,80
36064,Tyrone Ibarra,M,9th,Ford High School,87,61
36065,Shawn Taylor,M,12th,Ford High School,75,87
36066,James Harrison,M,10th,Ford High School,74,70
36067,Jessica Frederick,F,11th,Ford High School,82,96
36068,Travis Woods,M,12th,Ford High School,84,73
36069,Johnny Walsh,M,9th,Ford High School,69,60
36070,Jasmin Bowen,F,9th,Ford High School,76,70
36071,Anita Martinez,F,11th,Ford High School,94,61
36072,Timothy Smith,M,11th,Ford High School,74,96
36073,Jessica Spencer,F,9th,Ford High School,89,79
36074,Todd Molina,M,9th,Ford High School,85,77
36075,Kerry Wheeler,M,10th,Ford High School,73,84
36076,Jeremy Barber,M,12th,Ford High School,81,77
36077,Stephanie Taylor,F,12th,Ford High School,66,75
36078,Nicole Schroeder,F,10th,Ford High School,83,96
36079,Robert Parker,M,11th,Ford High School,84,56
36080,Molly Baker,F,9th,Ford High School,92,84
36081,Joseph Gardner,M,12th,Ford High School,77,74
36082,Jeffrey Thompson,M,9th,Ford High School,82,73
36083,Lindsay White,F,9th,Ford High School,82,96
36084,Michele Harris,F,9th,Ford High School,65,78
36085,Courtney Harper,F,9th,Ford High School,84,94
36086,Isabel Combs,F,9th,Ford High School,99,61
36087,Corey Mcdowell,M,12th,Ford High School,99,64
36088,Alec Rios,M,10th,Ford High School,69,92
36089,Kathleen Benson,F,11th,Ford High School,89,99
36090,Jessica Lindsey,F,9th,Ford High School,71,99
36091,James Burns,M,12th,Ford High School,77,76
36092,Michael Brown,M,9th,Ford High School,74,90
36093,Timothy Martin,M,11th,Ford High School,75,57
36094,Joe Allison,M,11th,Ford High School,70,71
36095,Marvin Hughes,M,12th,Ford High School,64,57
36096,Christopher Santiago,M,10th,Ford High School,91,68
36097,Andrew Walsh PhD,M,10th,Ford High School,99,78
36098,Jennifer Garcia,F,9th,Ford High School,99,78
36099,Sean Elliott,M,9th,Ford High School,73,97
36100,Randall Williams,M,10th,Ford High School,66,77
36101,Jacob Jensen,M,9th,Ford High School,81,73
36102,Mrs. Lauren Collins,F,11th,Ford High School,65,77
36103,Elizabeth Payne,F,9th,Ford High School,84,70
36104,Natalie Boyle,F,10th,Ford High School,66,57
36105,Sharon Berry,F,10th,Ford High School,69,86
36106,Carolyn Hahn,F,10th,Ford High School,85,94
36107,Eric Wiggins,M,9th,Ford High School,80,90
36108,Barry Johnson,M,12th,Ford High School,87,70
36109,Cassandra Mitchell,F,12th,Ford High School,94,95
36110,Adam Thompson ,M,9th,Ford High School,88,97
36111,Christina Wagner,F,11th,Ford High School,84,64
36112,Mrs. Chelsea Roberts ,F,9th,Ford High School,70,56
36113,Anthony Payne,M,10th,Ford High School,82,68
36114,Heidi Thompson,F,12th,Ford High School,72,58
36115,Colleen Edwards,F,9th,Ford High School,81,65
36116,Andrew Hill,M,9th,Ford High School,90,81
36117,Summer Holt,F,9th,Ford High School,80,98
36118,Carlos Gonzalez,M,12th,Ford High School,90,97
36119,Kelly Bowman,F,11th,Ford High School,67,58
36120,Arthur Brown,M,12th,Ford High School,65,90
36121,Jasmine Lee,F,12th,Ford High School,87,99
36122,Kimberly Gonzalez,F,11th,Ford High School,70,66
36123,Joseph Floyd,M,12th,Ford High School,74,88
36124,Brianna Diaz,F,12th,Ford High School,94,90
36125,Chelsea Turner,F,11th,Ford High School,81,65
36126,Aaron Anderson,M,9th,Ford High School,69,84
36127,Andrew Harris,M,11th,Ford High School,84,78
36128,Kathy Allen,F,9th,Ford High School,97,58
36129,Gloria Hoover,F,9th,Ford High School,82,56
36130,Donald Stone,M,11th,Ford High School,76,76
36131,Julie Sharp,F,12th,Ford High School,87,77
36132,Debra Brown,F,10th,Ford High School,65,79
36133,Micheal Montgomery,M,12th,Ford High School,78,92
36134,Heidi Day,F,9th,Ford High School,70,88
36135,Edward Coleman,M,11th,Ford High School,86,79
36136,Jessica Brown,F,12th,Ford High School,92,71
36137,Jacqueline Soto,F,12th,Ford High School,88,94
36138,Juan Rodriguez,M,11th,Ford High School,81,79
36139,Christopher Roberts,M,11th,Ford High School,83,90
36140,James Lawson,M,11th,Ford High School,88,87
36141,Timothy Harris,M,12th,Ford High School,77,58
36142,Ashley Mclaughlin,F,10th,Ford High School,85,93
36143,Jason Wilcox,M,12th,Ford High School,99,78
36144,Michael Brown,M,12th,Ford High School,64,59
36145,Paula Kelly,F,9th,Ford High School,74,79
36146,Casey Riley,M,9th,Ford High School,89,67
36147,Richard Payne,M,9th,Ford High School,73,69
36148,Maria Bird,F,11th,Ford High School,77,65
36149,Lori Jacobson,F,11th,Ford High School,98,72
36150,Ronald Hughes,M,9th,Ford High School,80,70
36151,Deborah Weaver,F,9th,Ford High School,72,88
36152,Lisa Morales,F,10th,Ford High School,73,85
36153,Mark Gardner,M,12th,Ford High School,65,79
36154,Jennifer Marshall,F,9th,Ford High School,83,76
36155,Stephen Chandler,M,10th,Ford High School,88,75
36156,Richard Jones,M,9th,Ford High School,76,98
36157,Alyssa Harmon,F,9th,Ford High School,87,88
36158,Maria Jenkins,F,11th,Ford High School,96,91
36159,Janice Foster,F,10th,Ford High School,73,96
36160,Larry Johnson,M,9th,Ford High School,91,87
36161,Margaret Morris,F,10th,Ford High School,86,66
36162,Erika Dunn,F,10th,Ford High School,81,92
36163,William Griffith,M,9th,Ford High School,93,77
36164,Jonathan Barnes,M,9th,Ford High School,67,92
36165,Vicki Santos PhD,F,10th,Ford High School,99,73
36166,John Scott,M,10th,Ford High School,97,81
36167,Justin Pham,M,12th,Ford High School,76,57
36168,Jennifer Shaw,F,11th,Ford High School,98,58
36169,Christopher Scott,M,9th,Ford High School,72,61
36170,Debra Douglas,F,12th,Ford High School,64,65
36171,Douglas Adams,M,9th,Ford High School,84,60
36172,Gavin Foley,M,9th,Ford High School,69,85
36173,Calvin Marshall,M,10th,Ford High School,79,73
36174,Ashley Yu,F,11th,Ford High School,64,95
36175,Charles Moore,M,10th,Ford High School,83,72
36176,Jimmy Zuniga,M,11th,Ford High School,75,87
36177,Jessica Parker,F,10th,Ford High School,98,74
36178,Latoya Allen,F,11th,Ford High School,70,62
36179,Tony Robertson II,M,9th,Ford High School,66,93
36180,Shannon Edwards,F,9th,Ford High School,70,88
36181,Leslie Bray,F,10th,Ford High School,79,58
36182,Jeffrey Nichols,M,12th,Ford High School,65,72
36183,Autumn Conner,F,12th,Ford High School,67,58
36184,Justin Tran,M,10th,Ford High School,92,58
36185,Arthur Davis,M,9th,Ford High School,86,84
36186,Joshua Espinoza,M,12th,Ford High School,87,62
36187,Erica Hamilton,F,10th,Ford High School,69,85
36188,Roy Patrick,M,10th,Ford High School,67,63
36189,Brooke Bell,F,12th,Ford High School,96,84
36190,Diamond Mcmahon,F,11th,Ford High School,95,58
36191,Laura Casey,F,9th,Ford High School,91,67
36192,Michele Jones,F,10th,Ford High School,89,62
36193,William Singleton,M,10th,Ford High School,81,83
36194,Aaron Acosta,M,12th,Ford High School,99,95
36195,Timothy Robinson,M,10th,Ford High School,65,69
36196,Eric Jones,M,9th,Ford High School,91,69
36197,Mark Hayes,M,10th,Ford High School,99,73
36198,Keith Bishop,M,11th,Ford High School,86,70
36199,Jesse Carrillo,M,11th,Ford High School,71,64
36200,Anthony Abbott,M,10th,Ford High School,63,83
36201,Rachel Brown,F,10th,Ford High School,67,73
36202,Gregory Harris,M,9th,Ford High School,66,81
36203,Lisa Whitehead,F,10th,Ford High School,78,94
36204,Kevin Rodriguez,M,10th,Ford High School,87,71
36205,Lisa Fisher,F,11th,Ford High School,91,70
36206,Theresa Campbell,F,11th,Ford High School,93,94
36207,Robert Sanchez,M,12th,Ford High School,87,68
36208,Linda Davis,F,9th,Ford High School,66,72
36209,Kevin Carey,M,9th,Ford High School,69,78
36210,Stacey Castro,F,9th,Ford High School,99,72
36211,Jennifer Harrington,F,11th,Ford High School,97,77
36212,Martin Crosby,M,10th,Ford High School,99,73
36213,Robert Park,M,10th,Ford High School,99,87
36214,Anthony Kelley,M,12th,Ford High School,72,56
36215,Douglas Davis,M,9th,Ford High School,79,89
36216,Christine Woods,F,9th,Ford High School,80,93
36217,Ryan Washington,M,11th,Ford High School,68,70
36218,Bryan Brown,M,9th,Ford High School,70,94
36219,Sarah Coleman,F,9th,Ford High School,72,95
36220,Sarah Ruiz,F,12th,Ford High School,99,77
36221,Daniel Johnson,M,10th,Ford High School,96,96
36222,Jennifer Hill,F,10th,Ford High School,97,71
36223,Edwin Wallace,M,9th,Ford High School,83,56
36224,Sara Cunningham,F,11th,Ford High School,63,70
36225,Diane Meyer,F,11th,Ford High School,79,68
36226,Terri Wells,F,10th,Ford High School,82,59
36227,Jesse Stone,M,12th,Ford High School,66,68
36228,Jeffrey Matthews,M,11th,Ford High School,75,64
36229,Jasmine Carey,F,11th,Ford High School,82,97
36230,Joanna Ferrell,F,11th,Ford High School,64,77
36231,Isaac Johnson,M,10th,Ford High School,66,74
36232,Zachary Smith,M,12th,Ford High School,79,59
36233,Donald Lam,M,9th,Ford High School,70,79
36234,Christine Trevino,F,11th,Ford High School,93,85
36235,David Stephens,M,9th,Ford High School,65,96
36236,Kim Martinez,F,10th,Ford High School,65,67
36237,Bianca Martin,F,9th,Ford High School,88,85
36238,Melanie Mann,F,9th,Ford High School,79,55
36239,Andrew Crawford,M,11th,Ford High School,90,59
36240,Michelle Mcdaniel,F,9th,Ford High School,95,84
36241,Ronald Cooley,M,9th,Ford High School,96,68
36242,Kimberly Hughes,F,9th,Ford High School,63,65
36243,Erika Smith,F,11th,Ford High School,70,94
36244,Stacey Bowen,F,9th,Ford High School,96,99
36245,Lindsey Maldonado,F,10th,Ford High School,68,71
36246,Kathleen Golden ,F,11th,Ford High School,86,74
36247,Amanda Williams,F,11th,Ford High School,89,89
36248,Stephen Rodriguez,M,12th,Ford High School,72,97
36249,Wesley Wilson,M,10th,Ford High School,95,81
36250,Christine Rodriguez,F,10th,Ford High School,77,67
36251,Thomas Miles,M,9th,Ford High School,73,83
36252,Brian Owens,M,10th,Ford High School,68,95
36253,Bridget Wilson,F,11th,Ford High School,69,63
36254,Elizabeth Tran,F,9th,Ford High School,68,97
36255,Christopher Harrison,M,12th,Ford High School,76,69
36256,Jasmine Pham,F,10th,Ford High School,94,93
36257,Ralph Elliott,M,11th,Ford High School,65,74
36258,Hannah Brown,F,12th,Ford High School,74,85
36259,Vanessa Henderson,F,10th,Ford High School,92,72
36260,Christopher George,M,12th,Ford High School,69,89
36261,Summer Duran,F,10th,Ford High School,90,88
36262,Sherry Martinez,F,11th,Ford High School,84,71
36263,Tiffany Mcdonald,F,10th,Ford High School,73,64
36264,Jennifer Miller,F,11th,Ford High School,96,99
36265,Colleen Williams,F,12th,Ford High School,83,72
36266,John Peck,M,9th,Ford High School,87,90
36267,Mark Mckinney,M,12th,Ford High School,78,97
36268,Devin Price,M,12th,Ford High School,64,82
36269,Rachel West,F,10th,Ford High School,74,75
36270,Stephanie Shields,F,9th,Ford High School,97,88
36271,Carla Morales,F,11th,Ford High School,65,80
36272,Brent Davidson,M,12th,Ford High School,94,81
36273,Juan Lewis,M,9th,Ford High School,83,78
36274,Katelyn Ramos,F,9th,Ford High School,85,76
36275,Helen Chavez,F,11th,Ford High School,93,82
36276,Linda Bolton,F,10th,Ford High School,63,88
36277,Thomas Wright,M,10th,Ford High School,92,70
36278,Courtney Hubbard,F,12th,Ford High School,66,70
36279,Karen Davis,F,10th,Ford High School,78,84
36280,Amber Dudley,F,11th,Ford High School,71,79
36281,Brandy Mills,F,11th,Ford High School,96,62
36282,David Chan,M,11th,Ford High School,79,61
36283,Brandon Richards,M,11th,Ford High School,76,72
36284,Paula Vargas,F,11th,Ford High School,96,76
36285,Robin Sanchez,F,11th,Ford High School,71,87
36286,Olivia Leon,F,9th,Ford High School,79,56
36287,Donna Goodman,F,11th,Ford High School,69,86
36288,Melissa Schmidt,F,10th,Ford High School,91,85
36289,Sheryl Miranda,F,10th,Ford High School,73,83
36290,Tammy Ward,F,9th,Ford High School,88,99
36291,James Edwards,M,10th,Ford High School,64,80
36292,Jennifer Gomez,F,11th,Ford High School,80,92
36293,Sarah Gutierrez,F,9th,Ford High School,89,92
36294,Audrey Gardner,F,10th,Ford High School,66,68
36295,Deborah Williams,F,12th,Ford High School,78,55
36296,Jessica Griffith,F,11th,Ford High School,81,79
36297,James Wilson,M,12th,Ford High School,77,60
36298,Angela Davis,F,10th,Ford High School,97,89
36299,Jessica Lewis,F,9th,Ford High School,87,91
36300,Daniel Torres,M,9th,Ford High School,87,73
36301,Michaela Vazquez,F,9th,Ford High School,95,77
36302,Marc Smith,M,9th,Ford High School,85,64
36303,Marilyn Hunt,F,12th,Ford High School,96,75
36304,Cody Rivera,M,9th,Ford High School,64,59
36305,Jessica Knox,F,9th,Ford High School,85,75
36306,Andrew Lambert,M,9th,Ford High School,81,75
36307,Jessica Hoover ,F,11th,Ford High School,68,95
36308,Anthony Smith,M,12th,Ford High School,76,89
36309,Matthew Allison,M,11th,Ford High School,65,79
36310,Jennifer Singh,F,11th,Ford High School,78,62
36311,Robert Bell,M,9th,Ford High School,90,60
36312,Toni Graham ,F,12th,Ford High School,93,80
36313,Jack Rivera,M,9th,Ford High School,70,89
36314,Kristen Perez,F,9th,Ford High School,76,91
36315,Jason Brown,M,12th,Ford High School,99,62
36316,Melvin Garcia,M,10th,Ford High School,79,77
36317,Jonathan Quinn,M,12th,Ford High School,79,98
36318,Spencer Macdonald,M,12th,Ford High School,88,63
36319,Alan Martinez,M,11th,Ford High School,76,86
36320,Arthur Reyes,M,11th,Ford High School,68,74
36321,Tara Andrews,F,12th,Ford High School,78,70
36322,Gary Larson,M,11th,Ford High School,91,64
36323,Charles Jones,M,9th,Ford High School,84,89
36324,Natasha Cain,F,10th,Ford High School,88,57
36325,Joseph Patel ,M,9th,Ford High School,79,65
36326,Nathaniel Molina ,M,9th,Ford High School,76,62
36327,Lauren Moore,F,9th,Ford High School,96,81
36328,Kelsey Bryant,F,9th,Ford High School,74,81
36329,Kathleen Bowman,F,9th,Ford High School,72,78
36330,Natalie Franklin,F,11th,Ford High School,88,85
36331,Steven Williams,M,11th,Ford High School,84,61
36332,Shirley Parks,F,10th,Ford High School,84,74
36333,Nicole Jones,F,12th,Ford High School,88,66
36334,Martin Case,M,10th,Ford High School,71,84
36335,Jeremiah Hunter,M,12th,Ford High School,86,61
36336,Frank Mcneil,M,11th,Ford High School,80,97
36337,Allison Gregory,F,12th,Ford High School,88,70
36338,Mary Hamilton,F,9th,Ford High School,95,57
36339,Emily Sandoval,F,11th,Ford High School,65,64
36340,Cheryl Fisher,F,9th,Ford High School,98,88
36341,Ray Hill,M,11th,Ford High School,77,86
36342,Samantha Williamson,F,11th,Ford High School,82,88
36343,Paul Sullivan,M,10th,Ford High School,85,95
36344,Marcus Harris,M,12th,Ford High School,68,97
36345,Jessica Harvey,F,10th,Ford High School,75,81
36346,Nicolas Crawford ,M,10th,Ford High School,79,70
36347,Tony Ferguson,M,10th,Ford High School,95,94
36348,Joseph Diaz,M,9th,Ford High School,89,56
36349,Victoria Schmitt,F,10th,Ford High School,64,90
36350,Andrea Haley,F,12th,Ford High School,67,57
36351,Shaun Watson,M,11th,Ford High School,66,62
36352,Chad Baker,M,11th,Ford High School,71,71
36353,Edward Conway,M,9th,Ford High School,93,58
36354,Craig Sampson,M,10th,Ford High School,73,69
36355,Heather Merritt,F,10th,Ford High School,67,67
36356,Zachary Leon,M,9th,Ford High School,64,58
36357,Jeffrey Lin,M,9th,Ford High School,85,70
36358,Wendy Owens ,F,12th,Ford High School,94,55
36359,Felicia Wallace,F,11th,Ford High School,69,55
36360,Deborah Robbins,F,12th,Ford High School,85,55
36361,Justin Freeman,M,11th,Ford High School,75,93
36362,Michelle Shepherd,F,12th,Ford High School,67,60
36363,James Moore,M,9th,Ford High School,78,87
36364,Ann Gonzalez,F,10th,Ford High School,98,65
36365,Sonia Berger,F,12th,Ford High School,82,79
36366,Casey Fuentes,M,11th,Ford High School,85,68
36367,Jeffrey Glenn,M,10th,Ford High School,67,78
36368,Sara Lee,F,12th,Ford High School,70,89
36369,Joseph Short,M,9th,Ford High School,91,92
36370,Linda Vazquez,F,10th,Ford High School,78,81
36371,Cynthia Williams,F,10th,Ford High School,98,98
36372,Connor Harris,M,11th,Ford High School,91,60
36373,Benjamin Stevenson,M,9th,Ford High School,96,91
36374,Benjamin Salazar,M,12th,Ford High School,90,55
36375,Christopher Kent,M,10th,Ford High School,91,88
36376,Amber Hunter,F,10th,Ford High School,98,76
36377,Kevin Edwards,M,9th,Ford High School,64,92
36378,Julie Torres,F,11th,Ford High School,89,60
36379,Brandi Schmidt,F,12th,Ford High School,79,67
36380,Kathleen Davis,F,9th,Ford High School,97,59
36381,Thomas Wolf,M,9th,Ford High School,99,87
36382,Samantha Mitchell,F,10th,Ford High School,75,63
36383,David Perez,M,11th,Ford High School,83,66
36384,Carrie Arellano,F,10th,Ford High School,81,64
36385,Andrea Hall,F,9th,Ford High School,90,88
36386,Patrick Chang,M,11th,Ford High School,68,72
36387,Troy Savage,M,11th,Ford High School,68,70
36388,Jason Harris,M,11th,Ford High School,86,57
36389,Amanda Anderson,F,9th,Ford High School,83,73
36390,Michele Frazier,F,9th,Ford High School,64,55
36391,Chad Gonzalez,M,11th,Ford High School,96,90
36392,Jennifer Beard,F,11th,Ford High School,66,96
36393,Jennifer Snyder,F,11th,Ford High School,75,65
36394,Bryce Walker,M,12th,Ford High School,81,59
36395,Nicholas Macdonald,M,10th,Ford High School,74,94
36396,Michael Hill,M,12th,Ford High School,69,71
36397,Rebecca Doyle,F,9th,Ford High School,92,88
36398,Justin Hill,M,11th,Ford High School,67,97
36399,Julia Gallagher,F,9th,Ford High School,86,75
36400,Emily Hooper,F,9th,Ford High School,67,95
36401,Mary Smith,F,10th,Ford High School,83,97
36402,Erika Wade,F,11th,Ford High School,98,70
36403,Susan Grant,F,9th,Ford High School,87,70
36404,Carlos Gonzalez,M,12th,Ford High School,84,58
36405,Sean Chandler,M,11th,Ford High School,82,73
36406,Jeremy Taylor,M,12th,Ford High School,74,67
36407,Erica Snyder,F,12th,Ford High School,65,55
36408,Ethan Schmidt,M,10th,Ford High School,96,98
36409,George Atkinson,M,9th,Ford High School,75,85
36410,Christopher Howe,M,12th,Ford High School,75,71
36411,Robert Harris,M,12th,Ford High School,74,58
36412,Matthew Pacheco,M,12th,Ford High School,72,63
36413,Jason Edwards,M,9th,Ford High School,73,56
36414,Melissa Mendez,F,9th,Ford High School,94,82
36415,Larry Kirk,M,9th,Ford High School,69,67
36416,Kimberly Black,F,9th,Ford High School,97,89
36417,Joseph Clark,M,10th,Ford High School,98,78
36418,Mark Galvan,M,12th,Ford High School,63,81
36419,Hailey Brewer,F,10th,Ford High School,89,78
36420,Michele Powell,F,9th,Ford High School,90,80
36421,Paige Johnson,F,10th,Ford High School,69,60
36422,Mary Rogers,F,9th,Ford High School,70,60
36423,Elizabeth Noble,F,11th,Ford High School,71,59
36424,Larry Rivers,M,11th,Ford High School,89,85
36425,Eric Brown,M,12th,Ford High School,79,94
36426,Veronica Townsend,F,9th,Ford High School,96,82
36427,Michele Finley,F,10th,Ford High School,86,67
36428,Cindy Hayes,F,12th,Ford High School,99,74
36429,Crystal Spencer,F,12th,Ford High School,72,90
36430,Rebecca Sherman,F,10th,Ford High School,71,63
36431,Maria Johnson,F,9th,Ford High School,68,80
36432,Rachel Hurst,F,10th,Ford High School,65,92
36433,Herbert Decker,M,9th,Ford High School,98,71
36434,Ryan Fowler,M,11th,Ford High School,81,89
36435,Autumn Moore,F,9th,Ford High School,96,93
36436,Belinda Frost,F,9th,Ford High School,66,89
36437,Randall Rivera,M,11th,Ford High School,78,92
36438,Terri Dennis,F,9th,Ford High School,82,79
36439,Mikayla Johnson,F,9th,Ford High School,76,84
36440,Traci Harper,F,10th,Ford High School,87,55
36441,Christie Sheppard,F,10th,Ford High School,81,98
36442,Tonya Cortez,F,9th,Ford High School,91,63
36443,Hannah Pratt,F,9th,Ford High School,95,85
36444,David Boyle,M,10th,Ford High School,93,97
36445,Patricia Boone ,F,10th,Ford High School,91,86
36446,Tara Page,F,9th,Ford High School,70,95
36447,Jessica Kelly,F,11th,Ford High School,67,57
36448,Sarah Giles,F,10th,Ford High School,92,89
36449,Cindy Green,F,10th,Ford High School,97,59
36450,Catherine Silva,F,12th,Ford High School,87,67
36451,James Stewart,M,9th,Ford High School,63,86
36452,Mario Walsh,M,9th,Ford High School,96,69
36453,Alexandra Walker,F,10th,Ford High School,80,89
36454,Kenneth Singleton,M,9th,Ford High School,63,83
36455,Robert Estrada,M,9th,Ford High School,77,78
36456,Tyler Scott,M,11th,Ford High School,66,81
36457,Stephanie Hughes,F,9th,Ford High School,97,98
36458,Luis Cooper,M,10th,Ford High School,76,80
36459,Matthew Nolan,M,10th,Ford High School,85,79
36460,Sara Smith,F,11th,Ford High School,71,73
36461,Kelly Ward,F,9th,Ford High School,70,72
36462,Christina Ross,F,12th,Ford High School,69,79
36463,Jeremy Richardson,M,10th,Ford High School,68,76
36464,Andrew Brennan,M,9th,Ford High School,77,86
36465,Michael Robinson,M,9th,Ford High School,82,98
36466,Suzanne Rodriguez,F,11th,Ford High School,72,97
36467,Laura Wall,F,9th,Ford High School,92,64
36468,Joel Gibson,M,11th,Ford High School,75,71
36469,Ian Smith,M,11th,Ford High School,95,71
36470,John Peterson,M,9th,Ford High School,79,93
36471,Veronica Cook,F,10th,Ford High School,73,69
36472,Michael Haynes,M,10th,Ford High School,72,94
36473,Michael Hill,M,12th,Ford High School,85,68
36474,Richard Murray,M,9th,Ford High School,99,90
36475,Krista Bennett,F,11th,Ford High School,90,89
36476,Pamela Ramos,F,9th,Ford High School,84,88
36477,Samantha Griffin,F,9th,Ford High School,85,86
36478,Michael Williams,M,10th,Ford High School,78,83
36479,Arthur White,M,10th,Ford High School,79,80
36480,William Moore,M,10th,Ford High School,69,89
36481,Kyle Henry,M,9th,Ford High School,93,77
36482,James Floyd,M,9th,Ford High School,98,64
36483,Sheena Smith,F,12th,Ford High School,71,84
36484,Alan Watkins,M,10th,Ford High School,82,97
36485,Gary Moreno,M,9th,Ford High School,98,99
36486,Deborah Brown,F,9th,Ford High School,85,73
36487,Amanda Christian,F,11th,Ford High School,89,70
36488,Jenna Young,F,12th,Ford High School,73,60
36489,Cynthia Campos,F,10th,Ford High School,72,88
36490,Tracey Mckee,F,12th,Ford High School,88,87
36491,Richard Jordan,M,12th,Ford High School,63,80
36492,Christine Baker,F,10th,Ford High School,84,76
36493,Jean Horton,F,10th,Ford High School,86,75
36494,Kevin Yates,M,10th,Ford High School,76,65
36495,Mary Joseph,F,11th,Ford High School,92,80
36496,Tiffany Schneider,F,9th,Ford High School,91,67
36497,Joshua Shea,M,12th,Ford High School,68,72
36498,Joan Copeland,F,9th,Ford High School,63,91
36499,Autumn Scott,F,11th,Ford High School,77,77
36500,Rachel Eaton,F,12th,Ford High School,64,99
36501,Erik Luna,M,11th,Ford High School,82,76
36502,Elizabeth Weaver,F,9th,Ford High School,81,66
36503,Christina Harris,F,9th,Ford High School,77,98
36504,Raymond Sims,M,11th,Ford High School,80,99
36505,Monica Pearson,F,11th,Ford High School,90,61
36506,Scott Cooper,M,11th,Ford High School,83,71
36507,Kelly Morales,F,12th,Ford High School,77,86
36508,Nicole Petersen,F,10th,Ford High School,99,72
36509,Sara Walter,F,12th,Ford High School,69,59
36510,Becky Johnson,F,12th,Ford High School,67,81
36511,Ian Kerr,M,9th,Ford High School,86,67
36512,Krista Martin,F,11th,Ford High School,73,84
36513,Sydney Anderson,F,12th,Ford High School,85,95
36514,Don Johnson,M,11th,Ford High School,75,80
36515,Kelsey Bentley,F,9th,Ford High School,88,70
36516,Alex Lewis,M,9th,Ford High School,76,68
36517,Jared Johnson,M,10th,Ford High School,63,83
36518,Amy Perez,F,9th,Ford High School,94,80
36519,Leslie Barnett,F,10th,Ford High School,80,73
36520,Jessica Brown,F,11th,Ford High School,91,73
36521,Jasmine Anderson,F,11th,Ford High School,64,63
36522,Kelly Pineda,F,11th,Ford High School,85,85
36523,Paul Lee,M,9th,Ford High School,64,86
36524,Sally Martin,F,9th,Ford High School,84,56
36525,Amanda Davenport,F,10th,Ford High School,71,56
36526,Richard Welch,M,10th,Ford High School,98,89
36527,Jillian Evans,F,10th,Ford High School,86,99
36528,James Lawrence,M,9th,Ford High School,69,55
36529,Matthew Ritter,M,11th,Ford High School,87,60
36530,Lisa Mccarty,F,10th,Ford High School,63,70
36531,Ricky Garcia,M,12th,Ford High School,67,74
36532,Chad Williams,M,11th,Ford High School,89,87
36533,Lori Beck,F,11th,Ford High School,86,62
36534,Michael Patterson,M,9th,Ford High School,85,75
36535,Victor Case,M,9th,Ford High School,64,73
36536,Manuel Walters,M,9th,Ford High School,77,75
36537,Adam Lopez,M,11th,Ford High School,95,70
36538,Corey Ramos,M,11th,Ford High School,85,89
36539,Paul Johnston,M,11th,Ford High School,92,61
36540,Olivia Fitzpatrick,F,12th,Ford High School,85,56
36541,Vicki House,F,11th,Ford High School,74,94
36542,James Fowler III,M,12th,Ford High School,97,71
36543,Kristopher James,M,10th,Ford High School,94,62
36544,Larry Day,M,9th,Ford High School,79,71
36545,Charlotte Gordon,F,10th,Ford High School,81,70
36546,Andrea Welch ,F,12th,Ford High School,80,74
36547,Teresa Morris,F,12th,Ford High School,97,88
36548,Richard Kim,M,10th,Ford High School,93,86
36549,John Hawkins,M,10th,Ford High School,68,76
36550,Tina Ward,F,11th,Ford High School,84,64
36551,Jamie Beltran,F,11th,Ford High School,82,68
36552,Johnny Ramirez,M,9th,Ford High School,85,94
36553,William Parker,M,9th,Ford High School,84,55
36554,Melissa Andrews,F,11th,Ford High School,67,61
36555,Mary Edwards,F,11th,Ford High School,65,95
36556,Valerie Weber,F,11th,Ford High School,99,55
36557,Debbie Little,F,9th,Ford High School,92,77
36558,Rhonda Valentine,F,10th,Ford High School,91,76
36559,Jacob Smith,M,12th,Ford High School,92,99
36560,Theresa Gamble,F,9th,Ford High School,82,67
36561,Patricia Richmond,F,9th,Ford High School,78,94
36562,Michael Moore,M,9th,Ford High School,79,79
36563,Karen Bolton,F,9th,Ford High School,76,77
36564,Penny Carter,F,9th,Ford High School,88,74
36565,Joseph Lucas,M,10th,Ford High School,71,82
36566,Todd Skinner,M,9th,Ford High School,70,61
36567,Randy Maddox,M,9th,Ford High School,92,59
36568,Lisa Perez,F,9th,Ford High School,63,87
36569,Holly Owens,F,9th,Ford High School,88,60
36570,Melissa Gibson,F,12th,Ford High School,98,82
36571,Ann Ross,F,11th,Ford High School,77,57
36572,Shannon Todd,F,10th,Ford High School,78,89
36573,Amanda Johnson,F,9th,Ford High School,64,87
36574,Michelle Hogan,F,9th,Ford High School,85,93
36575,Joshua Cabrera,M,9th,Ford High School,82,92
36576,Catherine Mendez,F,9th,Ford High School,77,57
36577,Angela Jackson,F,11th,Ford High School,80,79
36578,Sara Parker,F,12th,Ford High School,96,57
36579,Lori Welch,F,10th,Ford High School,82,89
36580,Dennis Williams,M,11th,Ford High School,65,63
36581,Nicole Bates,F,11th,Ford High School,72,99
36582,Andrea Lewis,F,11th,Ford High School,71,98
36583,Megan Foster,F,9th,Ford High School,69,79
36584,Destiny Mcdonald,F,11th,Ford High School,90,71
36585,Evan Smith,M,10th,Ford High School,68,92
36586,Lauren Adkins,F,11th,Ford High School,83,97
36587,Katherine Jones,F,12th,Ford High School,97,56
36588,Victoria Blake,F,12th,Ford High School,77,62
36589,Kyle Solomon,M,11th,Ford High School,95,86
36590,Ryan Ashley,M,10th,Ford High School,66,66
36591,William Dunn,M,11th,Ford High School,87,56
36592,Michelle Green,F,9th,Ford High School,74,67
36593,Chad Duffy,M,11th,Ford High School,74,61
36594,Jessica Ramos,F,12th,Ford High School,73,84
36595,Becky Barber,F,9th,Ford High School,89,70
36596,Charles Harris,M,10th,Ford High School,63,98
36597,Morgan Cabrera,F,12th,Ford High School,85,71
36598,Kimberly Carter,F,9th,Ford High School,79,60
36599,Alexis Robertson,M,9th,Ford High School,75,88
36600,Keith Ruiz,M,9th,Ford High School,75,60
36601,Pamela Reed,F,9th,Ford High School,67,58
36602,Sarah Chapman,F,12th,Ford High School,66,71
36603,Anthony Nixon,M,9th,Ford High School,63,58
36604,Colleen Reyes,F,10th,Ford High School,81,83
36605,Tonya Figueroa,F,11th,Ford High School,73,96
36606,Joseph Mcdaniel,M,10th,Ford High School,75,66
36607,Dylan Henderson,M,12th,Ford High School,91,97
36608,Tyler Wilson,M,10th,Ford High School,92,97
36609,James Gilbert,M,10th,Ford High School,89,72
36610,Mrs. Brittany Perry ,F,12th,Ford High School,70,74
36611,David Morris,M,10th,Ford High School,75,92
36612,Heidi Bell,F,10th,Ford High School,93,96
36613,Mary Ayala,F,9th,Ford High School,95,64
36614,Whitney Morris,F,10th,Ford High School,89,94
36615,Robin Adams,F,12th,Ford High School,68,90
36616,Kevin Kelly,M,11th,Ford High School,88,68
36617,Christine Hughes,F,9th,Ford High School,77,98
36618,Nancy Smith,F,11th,Ford High School,66,94
36619,Jennifer Hunter,F,10th,Ford High School,71,71
36620,Ian Miller,M,12th,Ford High School,88,94
36621,Laura Valenzuela,F,10th,Ford High School,73,77
36622,Stephen Lambert,M,12th,Ford High School,95,83
36623,Kelsey Owens,F,9th,Ford High School,68,81
36624,Ashley Clark,F,12th,Ford High School,90,81
36625,Jose Zamora,M,12th,Ford High School,86,57
36626,Noah Chapman,M,10th,Ford High School,68,76
36627,Amber Stout,F,12th,Ford High School,99,59
36628,Denise Jenkins,F,10th,Ford High School,96,72
36629,Danielle Anderson,F,9th,Ford High School,85,73
36630,Jay Miller,M,12th,Ford High School,71,93
36631,Matthew Lee,M,9th,Ford High School,67,62
36632,Tammy Conrad,F,11th,Ford High School,76,63
36633,Gary Watson,M,11th,Ford High School,67,61
36634,Brandon Garcia,M,10th,Ford High School,64,67
36635,Jeanne Reed,F,11th,Ford High School,90,99
36636,Elizabeth Jensen,F,10th,Ford High School,85,83
36637,Emily Taylor,F,10th,Ford High School,91,77
36638,Leonard Brewer,M,12th,Ford High School,98,77
36639,Brianna Lee,F,9th,Ford High School,84,71
36640,Diane Rosario,F,11th,Ford High School,99,98
36641,Michael Mason,M,10th,Ford High School,77,87
36642,Mariah Holt,F,10th,Ford High School,75,73
36643,Regina Robinson,F,12th,Ford High School,66,71
36644,Kari Baker,F,9th,Ford High School,84,88
36645,Kelly Klein,F,9th,Ford High School,63,81
36646,Jason Lambert,M,9th,Ford High School,81,71
36647,Jeffery Wolfe,M,11th,Ford High School,70,66
36648,Kathryn Martinez,F,9th,Ford High School,91,75
36649,Timothy Mccoy ,M,10th,Ford High School,98,90
36650,Stephanie Dorsey,F,10th,Ford High School,84,61
36651,Keith Waller,M,9th,Ford High School,66,78
36652,Paul Jones,M,10th,Ford High School,82,85
36653,Stephanie Graham,F,12th,Ford High School,69,60
36654,Thomas Johnson,M,10th,Ford High School,95,68
36655,Patricia Yates,F,9th,Ford High School,73,69
36656,Cody Stewart,M,11th,Ford High School,71,88
36657,Timothy Barnes,M,11th,Ford High School,77,83
36658,Michael Nichols,M,10th,Ford High School,85,97
36659,Timothy Walsh,M,10th,Ford High School,88,76
36660,Veronica Scott,F,11th,Ford High School,99,77
36661,Katie Newman,F,9th,Ford High School,72,84
36662,Andre West,M,10th,Ford High School,64,82
36663,Michael Rowe,M,12th,Ford High School,77,62
36664,Tanner Bennett,M,10th,Ford High School,68,67
36665,Jennifer Russo,F,9th,Ford High School,95,65
36666,Kelli Mckinney,F,9th,Ford High School,94,68
36667,Ann Harris,F,9th,Ford High School,80,58
36668,Linda Clark,F,11th,Ford High School,83,73
36669,Chloe Phillips,F,9th,Ford High School,71,63
36670,Michael Kennedy,M,12th,Ford High School,64,99
36671,Christopher Burns,M,10th,Ford High School,97,89
36672,Victor Orr,M,11th,Ford High School,84,90
36673,Alexa Levy,F,12th,Ford High School,91,74
36674,Kristin Rush,F,11th,Ford High School,99,94
36675,Kimberly May,F,9th,Ford High School,65,96
36676,Heather Wheeler,F,9th,Ford High School,79,90
36677,Debra Baker,F,9th,Ford High School,65,91
36678,Anthony Scott,M,11th,Ford High School,83,56
36679,Anita Smith,F,10th,Ford High School,80,95
36680,Richard Burch,M,11th,Ford High School,74,57
36681,Whitney Stevens,F,10th,Ford High School,75,73
36682,James George,M,11th,Ford High School,89,73
36683,Martha Douglas,F,12th,Ford High School,92,84
36684,Christine Franco,F,10th,Ford High School,90,86
36685,Mary Russell,F,11th,Ford High School,90,87
36686,Sarah Kerr,F,9th,Ford High School,78,86
36687,Teresa Pena,F,10th,Ford High School,93,83
36688,David Strong,M,11th,Ford High School,83,72
36689,Elizabeth Montgomery,F,12th,Ford High School,84,83
36690,Michele Mendez,F,10th,Ford High School,83,99
36691,Brittany Pittman,F,11th,Ford High School,80,88
36692,Jay Joseph,M,10th,Ford High School,70,96
36693,Morgan Armstrong,F,12th,Ford High School,98,98
36694,Mark Dominguez,M,12th,Ford High School,96,79
36695,Gregory Williams,M,11th,Ford High School,79,74
36696,Raymond Benjamin,M,12th,Ford High School,76,98
36697,Anthony Juarez,M,11th,Ford High School,63,71
36698,Jason Gould,M,9th,Ford High School,84,88
36699,Brian Hughes,M,12th,Ford High School,88,86
36700,Brittany Mooney,F,9th,Ford High School,85,81
36701,Sean Freeman,M,12th,Ford High School,67,57
36702,Jaclyn Cannon,F,11th,Ford High School,84,99
36703,Vincent Moyer,M,10th,Ford High School,91,61
36704,Steven Berry,M,9th,Ford High School,80,83
36705,Christopher Stevens,M,9th,Ford High School,92,81
36706,Christopher Ortega,M,10th,Ford High School,63,80
36707,David Church,M,10th,Ford High School,63,80
36708,Marvin Mccormick,M,10th,Ford High School,98,72
36709,Jeffrey Davidson,M,9th,Ford High School,64,89
36710,Janet Burnett,F,10th,Ford High School,92,55
36711,Kyle Farley,M,10th,Ford High School,63,89
36712,Isaiah Schmidt,M,11th,Ford High School,90,80
36713,Richard Stewart,M,9th,Ford High School,92,78
36714,Katherine Anderson,F,9th,Ford High School,64,83
36715,Julie Diaz,F,9th,Ford High School,89,56
36716,Heather Wade,F,9th,Ford High School,74,74
36717,Lynn Ortega,F,9th,Ford High School,71,60
36718,Jacob Wilson,M,10th,Ford High School,88,77
36719,Margaret Bell,F,12th,Ford High School,76,68
36720,Laura Patterson,F,9th,Ford High School,89,86
36721,Sara Rhodes,F,10th,Ford High School,63,99
36722,Mark Woods,M,9th,Ford High School,73,60
36723,Lindsey Wheeler,F,11th,Ford High School,87,71
36724,Michael Peterson,M,9th,Ford High School,83,98
36725,Bryan Stewart,M,11th,Ford High School,77,69
36726,Matthew Murray,M,9th,Ford High School,65,91
36727,Kayla Buchanan,F,11th,Ford High School,64,77
36728,William Barrera,M,9th,Ford High School,86,72
36729,David Robinson,M,10th,Ford High School,73,65
36730,David Hernandez,M,9th,Ford High School,67,94
36731,Kyle Cummings,M,11th,Ford High School,83,65
36732,Amy Downs,F,11th,Ford High School,76,56
36733,Emily Schmidt,F,12th,Ford High School,79,67
36734,Donna Simmons,F,12th,Ford High School,91,92
36735,Melissa Cohen ,F,11th,Ford High School,83,82
36736,Rebecca Hawkins,F,9th,Ford High School,66,82
36737,Renee Durham,F,12th,Ford High School,77,80
36738,Nancy Clark,F,9th,Ford High School,93,80
36739,Clifford Mcclure,M,11th,Ford High School,85,57
36740,Jeffrey Estrada,M,9th,Ford High School,73,64
36741,Louis Banks,M,10th,Ford High School,92,81
36742,Tammy Kelly,F,11th,Ford High School,86,82
36743,Robert Harris,M,11th,Ford High School,75,71
36744,Steven Branch,M,12th,Ford High School,98,63
36745,Heather Moore,F,9th,Ford High School,96,63
36746,Gregory Doyle,M,10th,Ford High School,98,90
36747,Mary Hampton,F,12th,Ford High School,88,79
36748,Michael Reeves,M,9th,Ford High School,86,63
36749,Lauren Robinson,F,11th,Ford High School,78,58
36750,Dustin Sellers,M,10th,Ford High School,94,98
36751,Kelly Combs,F,9th,Ford High School,72,96
36752,Patrick Houston,M,9th,Ford High School,66,86
36753,Justin Valenzuela,M,9th,Ford High School,81,55
36754,Peter Delgado,M,10th,Ford High School,65,82
36755,William Wright II,M,9th,Ford High School,72,87
36756,Alejandra Lawrence,F,11th,Ford High School,93,94
36757,Chad Crosby,M,11th,Ford High School,97,85
36758,Stacey Franklin,F,11th,Ford High School,74,99
36759,Steven Ball,M,12th,Ford High School,88,98
36760,John Cervantes,M,9th,Ford High School,93,68
36761,Jose White,M,9th,Ford High School,93,86
36762,Lisa Lewis,F,9th,Ford High School,89,92
36763,Brian Douglas,M,12th,Ford High School,71,57
36764,Ryan Wilson,M,9th,Ford High School,88,79
36765,Sharon Lopez,F,9th,Ford High School,82,66
36766,Timothy Burgess,M,11th,Ford High School,84,88
36767,Randy Lynch,M,9th,Ford High School,69,62
36768,Andrea Carr,F,9th,Ford High School,93,92
36769,Kayla Lee,F,9th,Ford High School,85,82
36770,Jasmine Mills,F,10th,Ford High School,93,85
36771,Kyle Stanley,M,9th,Ford High School,72,89
36772,Jennifer Herring,F,10th,Ford High School,84,69
36773,Mason Graves,M,12th,Ford High School,64,87
36774,John Mejia,M,9th,Ford High School,78,71
36775,Scott Smith,M,10th,Ford High School,79,77
36776,Christian Wallace,M,12th,Ford High School,84,66
36777,Gregory Weaver,M,9th,Ford High School,90,90
36778,Jose Finley,M,9th,Ford High School,93,87
36779,Melissa Edwards,F,11th,Ford High School,64,77
36780,Frances Hicks,F,9th,Ford High School,81,68
36781,Benjamin Williams,M,10th,Ford High School,71,88
36782,Angela Estrada,F,11th,Ford High School,74,90
36783,Julie Scott,F,12th,Ford High School,87,85
36784,Veronica Hunter,F,9th,Ford High School,91,86
36785,Robert Johnson,M,10th,Ford High School,73,98
36786,Denise Bruce,F,11th,Ford High School,75,59
36787,Katherine Thompson,F,12th,Ford High School,97,75
36788,Ellen Mendez,F,9th,Ford High School,66,81
36789,Ruth Foley,F,11th,Ford High School,75,86
36790,Donna Gay,F,10th,Ford High School,63,88
36791,Elizabeth Hill,F,12th,Ford High School,93,88
36792,Amy Salazar,F,10th,Ford High School,89,94
36793,Margaret Smith,F,10th,Ford High School,86,87
36794,Diane Rodriguez,F,10th,Ford High School,94,83
36795,Eric Martinez,M,9th,Ford High School,79,80
36796,Joseph Bishop,M,9th,Ford High School,65,72
36797,Michael Rogers,M,9th,Ford High School,96,77
36798,Danielle Phillips,F,10th,Ford High School,72,86
36799,Thomas Cunningham,M,9th,Ford High School,74,57
36800,Bryan Washington,M,10th,Ford High School,89,71
36801,Laura Romero,F,12th,Ford High School,84,81
36802,Marilyn Rubio ,F,9th,Ford High School,89,64
36803,Morgan Hardin,F,10th,Ford High School,75,85
36804,James Thomas,M,10th,Ford High School,85,69
36805,Kathleen Glover,F,12th,Ford High School,97,79
36806,Jose Lewis ,M,9th,Ford High School,80,96
36807,Nathaniel Miller,M,9th,Ford High School,66,88
36808,Lori Bell,F,10th,Ford High School,73,56
36809,Jamie Moody,F,10th,Ford High School,66,76
36810,Barbara Ross,F,10th,Ford High School,94,80
36811,Michelle Duran,F,12th,Ford High School,68,66
36812,Michael Green,M,10th,Ford High School,79,74
36813,Robert Murray,M,9th,Ford High School,90,71
36814,John Stark,M,11th,Ford High School,72,84
36815,Steven Carter,M,9th,Ford High School,99,61
36816,Dwayne Hill,M,12th,Ford High School,86,63
36817,Michelle Kim,F,11th,Ford High School,87,62
36818,Suzanne Jones,F,9th,Ford High School,93,75
36819,Anthony Harris,M,12th,Ford High School,71,97
36820,Stephanie Davenport,F,12th,Ford High School,90,59
36821,Ernest Ellison,M,11th,Ford High School,97,58
36822,Joseph Anderson,M,11th,Ford High School,95,55
36823,Nichole Griffith,F,9th,Ford High School,89,81
36824,Jamie Jones,F,10th,Ford High School,63,68
36825,Donna Harris,F,9th,Ford High School,83,70
36826,Carolyn White,F,9th,Ford High School,80,98
36827,Marc Lee,M,11th,Ford High School,77,70
36828,Timothy Patton,M,9th,Ford High School,97,82
36829,Wayne Parker,M,11th,Ford High School,73,61
36830,Gary Sanford,M,12th,Ford High School,69,76
36831,Dylan Conway,M,9th,Ford High School,65,90
36832,Garrett Taylor,M,11th,Ford High School,94,63
36833,Latasha Hughes ,F,11th,Ford High School,84,72
36834,Alicia Durham,F,10th,Ford High School,89,61
36835,Joshua Macdonald,M,12th,Ford High School,75,91
36836,Michael Green,M,10th,Ford High School,92,87
36837,Cassandra Miller,F,10th,Ford High School,87,64
36838,Lindsay Sanchez,F,9th,Ford High School,81,65
36839,David Calhoun,M,9th,Ford High School,73,66
36840,John Boyd,M,10th,Ford High School,71,70
36841,Susan Newman,F,9th,Ford High School,68,85
36842,Thomas Williams,M,9th,Ford High School,64,70
36843,Courtney Burnett,F,10th,Ford High School,67,75
36844,Monica Wallace ,F,10th,Ford High School,65,81
36845,Sean Moreno,M,10th,Ford High School,86,76
36846,Jennifer Graham,F,9th,Ford High School,74,80
36847,Shannon Lambert,F,11th,Ford High School,66,78
36848,Jason Carter,M,12th,Ford High School,77,98
36849,Joseph Rodriguez,M,9th,Ford High School,66,77
36850,John Anderson,M,11th,Ford High School,90,56
36851,Jorge Kelly,M,9th,Ford High School,91,64
36852,James Williams,M,11th,Ford High School,66,74
36853,Joshua Williams,M,9th,Ford High School,64,65
36854,William Brennan,M,9th,Ford High School,99,97
36855,Cindy Harrison,F,10th,Ford High School,98,69
36856,Amber Ruiz,F,12th,Ford High School,67,62
36857,Tommy Wade,M,9th,Ford High School,96,62
36858,Shawn Clay,M,10th,Ford High School,81,63
36859,Nicole Goodman,F,9th,Ford High School,81,79
36860,Jamie Thomas,F,10th,Ford High School,65,81
36861,Justin Robbins,M,10th,Ford High School,76,85
36862,Katherine Stewart,F,11th,Ford High School,73,87
36863,Thomas Abbott,M,10th,Ford High School,71,69
36864,Jennifer Bartlett,F,11th,Ford High School,66,74
36865,Robin Reed,F,10th,Ford High School,92,75
36866,John Hernandez,M,9th,Ford High School,64,63
36867,Phillip Pennington,M,10th,Ford High School,88,61
36868,John Anderson,M,12th,Ford High School,63,59
36869,Jennifer Gilbert,F,9th,Ford High School,74,99
36870,James Dixon,M,11th,Ford High School,63,89
36871,Grant Garrett,M,9th,Ford High School,92,65
36872,Nicole Walls,F,10th,Ford High School,69,96
36873,Sharon Mclaughlin,F,9th,Ford High School,84,97
36874,Brian Moore,M,10th,Ford High School,66,66
36875,Michelle Salas,F,11th,Ford High School,99,76
36876,Ashley Butler,F,9th,Ford High School,76,59
36877,Christopher Bradford,M,10th,Ford High School,69,77
36878,John Johnson,M,12th,Ford High School,90,57
36879,Amanda Chapman,F,9th,Ford High School,83,75
36880,Katie Richardson,F,9th,Ford High School,90,74
36881,Denise Allen,F,10th,Ford High School,84,78
36882,Jennifer Keith,F,11th,Ford High School,98,86
36883,Patrick Black,M,9th,Ford High School,87,64
36884,Kimberly Zimmerman,F,10th,Ford High School,65,72
36885,Tyler Mcdaniel,M,12th,Ford High School,71,61
36886,Larry Huff,M,11th,Ford High School,89,93
36887,Samantha Cooke,F,9th,Ford High School,65,85
36888,Michael Scott,M,9th,Ford High School,75,86
36889,Autumn Cortez,F,11th,Ford High School,96,76
36890,Lori Howard,F,11th,Ford High School,72,81
36891,William Avila,M,11th,Ford High School,74,56
36892,Anthony Oliver,M,10th,Ford High School,98,81
36893,Karen Armstrong,F,11th,Ford High School,79,67
36894,Amy Whitaker,F,9th,Ford High School,93,88
36895,Penny Watts,F,11th,Ford High School,76,63
36896,Brenda Smith,F,11th,Ford High School,66,70
36897,Rachel Duncan,F,11th,Ford High School,77,94
36898,Michael Wise,M,10th,Ford High School,98,88
36899,Gregory King,M,10th,Ford High School,85,83
36900,Natalie Floyd,F,10th,Ford High School,87,88
36901,Misty Garcia ,F,12th,Ford High School,76,66
36902,James Carter,M,12th,Ford High School,98,82
36903,Thomas Foley,M,9th,Ford High School,73,68
36904,Alyssa Swanson,F,9th,Ford High School,66,81
36905,Christian Sullivan,M,10th,Ford High School,73,56
36906,Steven Hamilton,M,12th,Ford High School,88,57
36907,Julie Blankenship,F,10th,Ford High School,74,61
36908,Austin Holland,M,10th,Ford High School,86,77
36909,Daniel Klein,M,10th,Ford High School,73,61
36910,Richard Jimenez,M,11th,Ford High School,84,62
36911,Linda Campbell,F,11th,Ford High School,70,69
36912,Ashley Riley,F,10th,Ford High School,64,63
36913,Brett Reid,M,12th,Ford High School,81,58
36914,Mary Sherman,F,12th,Ford High School,82,71
36915,Karen Lee,F,11th,Ford High School,93,84
36916,Christine Johnson,F,12th,Ford High School,67,66
36917,Amy Turner ,F,11th,Ford High School,91,75
36918,Amanda Williams,F,9th,Ford High School,71,59
36919,Sarah Reid,F,9th,Ford High School,99,77
36920,Kevin White,M,11th,Ford High School,93,83
36921,Jodi Holden,F,9th,Ford High School,85,67
36922,John Sanchez,M,11th,Ford High School,63,63
36923,Mary Chaney,F,10th,Ford High School,92,69
36924,Thomas Houston,M,10th,Ford High School,92,78
36925,Jacob Brown,M,11th,Ford High School,87,91
36926,Julia Curtis,F,12th,Ford High School,78,62
36927,Cynthia Flores,F,10th,Ford High School,93,63
36928,Tonya Duncan,F,12th,Ford High School,77,68
36929,Anna Wong,F,12th,Ford High School,74,60
36930,Tony Anderson,M,10th,Ford High School,86,91
36931,Christopher Jones,M,9th,Ford High School,94,94
36932,Teresa Guerra,F,9th,Ford High School,97,99
36933,Wendy Bennett,F,11th,Ford High School,89,84
36934,Daniel Murphy,M,10th,Ford High School,91,83
36935,Joshua Bolton,M,12th,Ford High School,86,66
36936,Sandra Taylor,F,12th,Ford High School,71,55
36937,Alex Carey,M,11th,Ford High School,99,78
36938,Hannah Brooks,F,12th,Ford High School,91,97
36939,Johnny Hodges,M,12th,Ford High School,90,80
36940,Rose Wood,F,12th,Ford High School,93,76
36941,Michael Rivera,M,11th,Ford High School,77,95
36942,John Martinez,M,11th,Ford High School,96,75
36943,Diana Thomas,F,10th,Ford High School,73,99
36944,Connie Porter,F,12th,Ford High School,88,80
36945,George Perez,M,10th,Ford High School,95,78
36946,Barbara Schmidt,F,12th,Ford High School,90,93
36947,Sarah Kaufman,F,11th,Ford High School,73,74
36948,Ann Lee,F,11th,Ford High School,78,61
36949,Stephanie Thompson,F,10th,Ford High School,71,83
36950,Christine Lloyd,F,10th,Ford High School,92,98
36951,Gregory Levy,M,11th,Ford High School,85,82
36952,Heather White,F,11th,Ford High School,75,82
36953,Christopher Mason,M,11th,Ford High School,64,65
36954,Harold Ball,M,11th,Ford High School,99,81
36955,Lisa Roberts,F,9th,Ford High School,78,95
36956,Steven Scott,M,10th,Ford High School,95,58
36957,Kaitlyn Mcbride,F,10th,Ford High School,86,71
36958,Nicholas Martinez,M,10th,Ford High School,83,81
36959,Sarah Rivera,F,10th,Ford High School,73,59
36960,Jay Little,M,9th,Ford High School,73,78
36961,Robert Miller ,M,9th,Ford High School,72,74
36962,Jason Holden,M,11th,Ford High School,71,70
36963,Kristy Meza,F,12th,Ford High School,95,87
36964,Debra Carter,F,12th,Ford High School,70,84
36965,Carol Gamble,F,11th,Ford High School,74,66
36966,Victoria Ford,F,9th,Ford High School,91,89
36967,John Castaneda,M,10th,Ford High School,64,83
36968,Hector Sawyer,M,10th,Ford High School,92,78
36969,Laura Gutierrez,F,11th,Ford High School,85,71
36970,Andrea Horton ,F,10th,Ford High School,79,64
36971,James Martin,M,10th,Ford High School,67,81
36972,Jeffrey Garcia,M,10th,Ford High School,64,79
36973,Jerry Chapman,M,9th,Ford High School,95,55
36974,Daniel Howell,M,10th,Ford High School,63,58
36975,Julia Ellis,F,9th,Ford High School,96,92
36976,Joshua Duffy,M,11th,Ford High School,95,63
36977,Lindsey Small,F,11th,Ford High School,91,78
36978,Summer Myers,F,11th,Ford High School,83,56
36979,Crystal Patel,F,9th,Ford High School,81,55
36980,Melissa Nichols,F,9th,Ford High School,70,65
36981,George Smith,M,12th,Ford High School,68,71
36982,Alicia Chavez,F,11th,Ford High School,86,76
36983,Crystal Walker,F,12th,Ford High School,63,66
36984,Julie Tyler,F,11th,Ford High School,75,84
36985,Melanie Weber,F,10th,Ford High School,67,74
36986,Thomas Estes ,M,10th,Ford High School,66,98
36987,Daniel Lopez,M,9th,Ford High School,94,73
36988,Justin Warner ,M,12th,Ford High School,89,73
36989,Roberta Dunn,F,9th,Ford High School,69,79
36990,Brian Garcia,M,12th,Ford High School,93,76
36991,Regina Bond,F,10th,Ford High School,91,98
36992,Melissa Peters,F,9th,Ford High School,98,76
36993,Luis Jenkins,M,11th,Ford High School,78,88
36994,Melissa Hodge,F,11th,Ford High School,63,68
36995,Michelle Becker,F,10th,Ford High School,86,60
36996,Mark Hill,M,11th,Ford High School,95,64
36997,Madison Trujillo,F,11th,Ford High School,72,98
36998,Michael Sanders,M,11th,Ford High School,69,79
36999,Holly Atkinson,F,10th,Ford High School,73,63
37000,Wayne Lee,M,9th,Ford High School,94,92
37001,Mary Morgan,F,9th,Ford High School,80,76
37002,Chelsea Cruz,F,9th,Ford High School,95,60
37003,Angel Gates,F,11th,Ford High School,99,90
37004,Zachary Larson,M,9th,Ford High School,73,63
37005,Erin Owen,F,9th,Ford High School,75,93
37006,Kelly Harris,F,11th,Ford High School,76,69
37007,Mary Watson,F,12th,Ford High School,63,69
37008,Thomas Bailey,M,9th,Ford High School,98,66
37009,Christopher Hernandez,M,9th,Ford High School,83,98
37010,Anthony Ward,M,11th,Ford High School,85,81
37011,Wanda Barrett,F,10th,Ford High School,91,95
37012,Laura Peterson,F,10th,Ford High School,93,73
37013,James Moore,M,9th,Ford High School,76,65
37014,Morgan Farrell,F,10th,Ford High School,78,98
37015,Jimmy Oconnor,M,11th,Ford High School,95,84
37016,Yolanda Hines,F,12th,Ford High School,85,86
37017,Victor Butler,M,9th,Ford High School,67,77
37018,Kristopher Mullen,M,11th,Ford High School,82,61
37019,Charles Campbell,M,12th,Ford High School,88,86
37020,Jessica Yang,F,9th,Ford High School,80,75
37021,Linda Newton,F,11th,Ford High School,72,65
37022,Isaiah Ellis,M,11th,Ford High School,82,93
37023,Terry Smith,M,10th,Ford High School,90,78
37024,Kayla Smith,F,9th,Ford High School,78,80
37025,Matthew West,M,11th,Ford High School,78,66
37026,Chase Krause,M,9th,Ford High School,95,93
37027,Molly Brown,F,11th,Ford High School,97,72
37028,Jessica Rasmussen,F,9th,Ford High School,80,82
37029,Joseph Jones,M,11th,Ford High School,84,89
37030,Barbara Smith,F,11th,Ford High School,98,60
37031,Benjamin Hernandez,M,11th,Ford High School,96,75
37032,Vincent Bates,M,12th,Ford High School,97,63
37033,Jon Mendoza,M,9th,Ford High School,74,56
37034,Mckenzie Bradley,F,11th,Ford High School,73,55
37035,Marvin Smith,M,9th,Ford High School,77,62
37036,Christopher Cruz,M,12th,Ford High School,90,71
37037,Melissa Kelly,F,10th,Ford High School,95,76
37038,Steven Webb,M,12th,Ford High School,98,70
37039,John Mack,M,11th,Ford High School,95,70
37040,Stacie Luna,F,11th,Ford High School,77,64
37041,William Ward,M,9th,Ford High School,72,66
37042,Dennis Butler,M,10th,Ford High School,97,80
37043,Chris Dennis,M,11th,Ford High School,81,69
37044,Steven Lopez,M,9th,Ford High School,66,88
37045,Bianca Smith,F,11th,Ford High School,95,66
37046,Garrett Roberts,M,11th,Ford High School,65,90
37047,Sandra Dominguez,F,10th,Ford High School,63,62
37048,Angel Sparks,F,9th,Ford High School,95,88
37049,Charles Moore,M,10th,Ford High School,92,90
37050,Courtney Burns,F,12th,Ford High School,94,79
37051,Tamara Williams,F,9th,Ford High School,80,80
37052,Douglas Collins,M,10th,Ford High School,84,77
37053,Bryan Mccullough,M,10th,Ford High School,95,80
37054,David Goodwin,M,9th,Ford High School,89,62
37055,Meredith Chase,F,10th,Ford High School,87,94
37056,Richard Gregory,M,12th,Ford High School,63,60
37057,Jacqueline Ellis,F,10th,Ford High School,67,73
37058,Gregory Johnson,M,9th,Ford High School,77,86
37059,Eric Bell,M,9th,Ford High School,94,96
37060,Jessica Smith,F,12th,Ford High School,94,86
37061,Victoria Warner,F,10th,Ford High School,98,66
37062,Erica Green,F,9th,Ford High School,74,88
37063,Sean Henderson,M,9th,Ford High School,84,98
37064,Amber Larson,F,12th,Ford High School,90,66
37065,Thomas Carrillo II,M,11th,Ford High School,68,72
37066,David Stewart,M,10th,Ford High School,63,61
37067,Penny Perkins,F,9th,Ford High School,99,92
37068,Jordan Freeman,M,12th,Ford High School,98,61
37069,Andrew Thompson,M,12th,Ford High School,74,83
37070,Kristina Ward,F,11th,Ford High School,69,99
37071,Alexander Hickman,M,11th,Ford High School,83,60
37072,Brian Alvarado,M,10th,Ford High School,92,88
37073,Maria Ruiz,F,11th,Ford High School,74,82
37074,Bobby Kramer,M,9th,Ford High School,75,75
37075,Karen Krueger,F,9th,Ford High School,99,57
37076,John Torres,M,9th,Ford High School,68,82
37077,Destiny Lee,F,11th,Ford High School,70,55
37078,Amy Howe,F,12th,Ford High School,78,62
37079,Roberta Bennett,F,11th,Ford High School,75,88
37080,Audrey Miller,F,11th,Ford High School,66,70
37081,Kathryn Fisher,F,9th,Ford High School,99,57
37082,Alice Austin,F,12th,Ford High School,89,61
37083,Randall Lee,M,10th,Ford High School,95,76
37084,Mary Young,F,11th,Ford High School,65,58
37085,Alexandra Jacobs,F,12th,Ford High School,78,56
37086,Stephanie Robinson,F,12th,Ford High School,84,57
37087,Nicole Foster,F,11th,Ford High School,96,59
37088,Pamela Moreno,F,11th,Ford High School,91,87
37089,James Hess ,M,10th,Ford High School,75,85
37090,Nathan Tapia,M,10th,Ford High School,75,82
37091,Rachel Prince,F,11th,Ford High School,95,73
37092,Karen Patel,F,9th,Ford High School,63,61
37093,Peter Wood,M,9th,Ford High School,64,72
37094,Kristen Shelton,F,10th,Ford High School,82,64
37095,John Kelley,M,10th,Ford High School,80,95
37096,Matthew Ward,M,9th,Ford High School,78,83
37097,Ronnie Henson,M,12th,Ford High School,64,78
37098,Lisa Waters,F,10th,Ford High School,67,89
37099,Krista Harper,F,9th,Ford High School,76,83
37100,Rose Thompson,F,11th,Ford High School,77,59
37101,Emma Roberts,F,11th,Ford High School,95,84
37102,Tracy West,F,11th,Ford High School,94,57
37103,Rachel Miller,F,11th,Ford High School,99,73
37104,Marcia Taylor,F,9th,Ford High School,84,97
37105,Amy Stevenson,F,12th,Ford High School,95,96
37106,Carlos Harris,M,9th,Ford High School,94,66
37107,Nathan Smith,M,11th,Ford High School,88,60
37108,Michael Harmon,M,9th,Ford High School,94,93
37109,Anthony Perkins,M,9th,Ford High School,90,70
37110,David Romero,M,10th,Ford High School,91,94
37111,Gregg Guerrero,M,11th,Ford High School,97,90
37112,Dylan Conner,M,10th,Ford High School,65,80
37113,Daniel Barnes,M,11th,Ford High School,82,83
37114,Joseph Short,M,12th,Ford High School,67,72
37115,Bryan Campbell,M,12th,Ford High School,83,93
37116,Kristin Lambert,F,9th,Ford High School,82,77
37117,Lisa Powell,F,12th,Ford High School,85,78
37118,Lori Nguyen,F,10th,Ford High School,77,99
37119,Matthew Waters,M,11th,Ford High School,87,86
37120,Matthew Bennett Jr.,M,12th,Ford High School,81,93
37121,Matthew Crawford,M,11th,Ford High School,95,59
37122,Debbie Ramirez,F,12th,Ford High School,95,75
37123,Kimberly Cole,F,9th,Ford High School,80,60
37124,Linda Terrell,F,12th,Ford High School,64,85
37125,Adam Mcintosh,M,10th,Ford High School,63,76
37126,Stephanie Carter,F,10th,Ford High School,83,97
37127,Kerri Holmes,F,9th,Ford High School,66,92
37128,Dylan Peterson,M,10th,Ford High School,73,83
37129,Stacey Williams,F,9th,Ford High School,78,69
37130,Pamela Black,F,11th,Ford High School,68,83
37131,Isaac Cohen,M,9th,Ford High School,92,99
37132,Donald Hall,M,11th,Ford High School,70,73
37133,Shannon Bass,F,11th,Ford High School,76,62
37134,Elizabeth Wright,F,11th,Ford High School,87,96
37135,Raymond Bailey,M,12th,Ford High School,97,83
37136,Sabrina Scott,F,9th,Ford High School,88,63
37137,Stephanie Fox,F,12th,Ford High School,66,89
37138,Michael Miller,M,9th,Ford High School,94,59
37139,Jennifer Hunter,F,10th,Ford High School,91,84
37140,Vickie Church,F,12th,Ford High School,97,57
37141,Bryan Castillo,M,9th,Ford High School,94,71
37142,Rodney Scott,M,11th,Ford High School,91,60
37143,Michael Potts,M,9th,Ford High School,73,65
37144,Stephen Holland,M,9th,Ford High School,84,79
37145,Daniel Lee,M,10th,Ford High School,73,66
37146,Lawrence Ortiz,M,10th,Ford High School,93,81
37147,Pamela Allen,F,10th,Ford High School,65,68
37148,Michael Hopkins,M,11th,Ford High School,89,86
37149,Justin Gonzales,M,12th,Ford High School,98,87
37150,Natalie Hall,F,11th,Ford High School,76,94
37151,Mitchell Arnold,M,10th,Ford High School,96,66
37152,Margaret Blair,F,12th,Ford High School,69,57
37153,Matthew Molina,M,10th,Ford High School,72,80
37154,Joshua Myers,M,10th,Ford High School,74,90
37155,Scott Smith,M,10th,Ford High School,74,81
37156,Dylan Evans,M,11th,Ford High School,86,83
37157,Ian Duarte,M,10th,Ford High School,86,76
37158,Matthew Riley,M,12th,Ford High School,86,89
37159,Gina Brewer,F,9th,Ford High School,70,97
37160,Scott Miller,M,12th,Ford High School,73,79
37161,Michael Phillips,M,9th,Ford High School,89,98
37162,Christopher Bailey,M,11th,Ford High School,88,64
37163,Laura Perez,F,10th,Ford High School,93,61
37164,Brian Kelly,M,9th,Ford High School,88,63
37165,Elizabeth Nixon,F,10th,Ford High School,67,70
37166,Daniel Clarke,M,11th,Ford High School,82,70
37167,Martin Silva,M,11th,Ford High School,64,70
37168,Amy Christian,F,12th,Ford High School,93,90
37169,Evan Brown,M,12th,Ford High School,92,94
37170,Charlotte Terry,F,9th,Ford High School,74,83
37171,John Hamilton,M,12th,Ford High School,65,72
37172,Whitney Thompson,F,10th,Ford High School,74,59
37173,Michael Mason,M,12th,Ford High School,64,90
37174,David Matthews,M,9th,Ford High School,70,58
37175,Angie Garcia,F,10th,Ford High School,80,72
37176,Andrea Mcbride,F,10th,Ford High School,80,55
37177,Kim Griffin,F,10th,Ford High School,83,83
37178,Lori Odonnell,F,9th,Ford High School,71,91
37179,Judith Lee,F,10th,Ford High School,83,82
37180,Kari Brooks,F,11th,Ford High School,74,62
37181,Terri Maxwell,F,9th,Ford High School,65,84
37182,Dylan Miller,M,11th,Ford High School,70,80
37183,Natalie Avila,F,10th,Ford High School,63,79
37184,James Hurley,M,11th,Ford High School,80,95
37185,Kaylee Henderson,F,9th,Ford High School,80,75
37186,Brian Moses,M,12th,Ford High School,96,78
37187,Robert Gardner,M,9th,Ford High School,80,57
37188,Anthony Williams,M,11th,Ford High School,94,58
37189,William Gardner,M,12th,Ford High School,77,64
37190,Nathan Howard,M,9th,Ford High School,82,97
37191,Brittany Flowers,F,12th,Ford High School,93,77
37192,Stephen Riddle,M,12th,Ford High School,69,61
37193,Charles Duke,M,11th,Ford High School,67,74
37194,Robert Santos,M,10th,Ford High School,94,83
37195,Sarah Garcia,F,9th,Ford High School,93,94
37196,Leonard Johnson,M,10th,Ford High School,70,96
37197,Brian Ruiz,M,10th,Ford High School,72,59
37198,Micheal Robinson,M,10th,Ford High School,91,94
37199,Christy Kidd,F,9th,Ford High School,92,72
37200,Gary Mcdonald,M,9th,Ford High School,95,76
37201,David Farmer,M,11th,Ford High School,85,88
37202,Lori Warner,F,12th,Ford High School,84,69
37203,Lisa Jones,F,12th,Ford High School,83,86
37204,Tracy Lawrence,F,9th,Ford High School,92,56
37205,Mitchell Kennedy,M,9th,Ford High School,64,71
37206,Justin Nguyen,M,12th,Ford High School,90,77
37207,Brent Brown,M,10th,Ford High School,93,58
37208,Christopher Mitchell,M,10th,Ford High School,96,94
37209,Brenda Stevens,F,12th,Ford High School,94,82
37210,Leslie Davis,F,10th,Ford High School,90,75
37211,Randall Hood,M,10th,Ford High School,96,85
37212,Miranda Burgess,F,12th,Ford High School,70,82
37213,Jose Knox,M,11th,Ford High School,72,77
37214,Susan Williams,F,12th,Ford High School,67,96
37215,Jenna Torres,F,9th,Ford High School,64,90
37216,Jennifer Richards,F,11th,Ford High School,90,59
37217,David Pham,M,12th,Ford High School,96,67
37218,Bonnie Hernandez,F,9th,Ford High School,69,80
37219,Russell Smith,M,10th,Ford High School,88,60
37220,Jasmin Thomas,F,11th,Ford High School,87,55
37221,Tiffany Morales,F,11th,Ford High School,68,78
37222,Brittany Dillon,F,9th,Ford High School,68,82
37223,Gina Arias,F,10th,Ford High School,89,83
37224,John Scott ,M,10th,Ford High School,70,57
37225,William Smith,M,12th,Ford High School,84,80
37226,Mrs. Carla Lawson,F,12th,Ford High School,79,74
37227,Kayla Morrison,F,9th,Ford High School,71,97
37228,Whitney Taylor,F,12th,Ford High School,64,96
37229,Timothy Hendricks,M,11th,Ford High School,69,85
37230,Kimberly Williamson,F,11th,Ford High School,91,59
37231,John Smith,M,9th,Ford High School,90,55
37232,Lisa Gray,F,11th,Ford High School,74,79
37233,Kathleen Singleton,F,11th,Ford High School,88,99
37234,Melinda Cobb,F,9th,Ford High School,63,96
37235,Michael King,M,10th,Ford High School,63,64
37236,Melissa Waters,F,10th,Ford High School,96,66
37237,Susan Bradley,F,11th,Ford High School,74,78
37238,Jason Mcconnell,M,11th,Ford High School,80,98
37239,Justin Rocha,M,9th,Ford High School,71,79
37240,Mark Brady,M,11th,Ford High School,85,55
37241,Angela Morrow,F,11th,Ford High School,64,69
37242,Richard Sullivan,M,9th,Ford High School,69,91
37243,William Gibson,M,9th,Ford High School,94,85
37244,Larry Horne,M,12th,Ford High School,85,94
37245,Rebecca Andrews,F,10th,Ford High School,85,89
37246,Anthony Campbell ,M,9th,Ford High School,79,71
37247,Kristopher Cole,M,9th,Ford High School,73,58
37248,Tyler Kim,M,9th,Ford High School,82,64
37249,Edward Lam,M,10th,Ford High School,92,76
37250,Jake Blankenship,M,10th,Ford High School,86,71
37251,Mario Griffith ,M,12th,Ford High School,98,56
37252,Destiny Thomas,F,11th,Ford High School,92,79
37253,Kimberly Chavez,F,9th,Ford High School,72,72
37254,Dylan Collins,M,10th,Ford High School,98,98
37255,Joseph Williamson,M,9th,Ford High School,96,56
37256,Lisa Walker,F,11th,Ford High School,94,63
37257,Brittany Morgan,F,11th,Ford High School,82,68
37258,Tammy Sanders,F,9th,Ford High School,69,97
37259,Karen Shepard,F,11th,Ford High School,96,94
37260,Jeffrey Gomez,M,10th,Ford High School,92,86
37261,Mark Nelson,M,12th,Ford High School,80,89
37262,Carolyn Shaw,F,9th,Ford High School,77,84
37263,Sheila Rodriguez,F,9th,Ford High School,77,65
37264,Ryan Austin,M,9th,Ford High School,69,59
37265,Tiffany Hutchinson,F,12th,Ford High School,94,80
37266,Jennifer Jones,F,11th,Ford High School,87,73
37267,Kendra Hoffman,F,12th,Ford High School,65,77
37268,Tyler Williams,M,11th,Ford High School,74,59
37269,Jordan Brown,F,11th,Ford High School,89,91
37270,Stephanie Gray,F,12th,Ford High School,77,59
37271,Rebecca Stanley,F,11th,Ford High School,91,88
37272,Desiree Cook,F,10th,Ford High School,82,63
37273,Paula Wilkerson,F,9th,Ford High School,64,95
37274,Susan Cruz,F,11th,Ford High School,88,68
37275,Robin Middleton,F,11th,Ford High School,66,80
37276,Michael Lowe,M,9th,Ford High School,67,76
37277,Christopher Miles,M,10th,Ford High School,80,72
37278,Jeffrey Beard,M,12th,Ford High School,70,58
37279,Robert Bryant,M,11th,Ford High School,82,68
37280,Devin Schwartz,M,9th,Ford High School,95,65
37281,Trevor Jones,M,10th,Ford High School,67,84
37282,Kathryn Graham,F,11th,Ford High School,64,81
37283,Adrienne Johnson,F,9th,Ford High School,86,94
37284,Jessica Roberts,F,12th,Ford High School,93,94
37285,Scott Jackson,M,11th,Ford High School,64,67
37286,Brenda Smith,F,12th,Ford High School,93,57
37287,James Montgomery,M,10th,Ford High School,75,59
37288,Carrie Campbell,F,11th,Ford High School,69,55
37289,Christopher Mcclure,M,10th,Ford High School,97,58
37290,Heather Lee,F,9th,Ford High School,94,97
37291,Michelle Williams,F,9th,Ford High School,97,82
37292,Jeremy Harris,M,10th,Ford High School,89,86
37293,Heidi Gonzalez,F,9th,Ford High School,69,60
37294,Nicole Mccarty,F,9th,Ford High School,65,61
37295,Richard Becker,M,11th,Ford High School,81,82
37296,Eric Campbell,M,11th,Ford High School,79,84
37297,Rebekah Foster,F,9th,Ford High School,66,62
37298,Angie Flores,F,10th,Ford High School,87,92
37299,Janice Riley,F,10th,Ford High School,98,66
37300,Stephanie Burton,F,12th,Ford High School,82,59
37301,Angela Newman,F,9th,Ford High School,63,65
37302,Kimberly Murray,F,11th,Ford High School,69,77
37303,Michael Dawson,M,9th,Ford High School,80,75
37304,Frank Williams,M,11th,Ford High School,77,98
37305,Joshua Fuller,M,9th,Ford High School,67,62
37306,Jerry Gutierrez,M,10th,Ford High School,76,95
37307,Russell Chavez,M,12th,Ford High School,66,75
37308,Christopher Dunn,M,12th,Ford High School,63,89
37309,Latoya Collins,F,9th,Ford High School,87,72
37310,Robert Nichols,M,11th,Ford High School,67,78
37311,Jacqueline Medina,F,12th,Ford High School,80,67
37312,Dana Larson,F,11th,Ford High School,93,71
37313,Darlene Manning,F,11th,Ford High School,82,80
37314,Robert Johnson,M,12th,Ford High School,77,69
37315,Joy White,F,11th,Ford High School,78,88
37316,Donald Olson,M,11th,Ford High School,76,99
37317,Daniel Simmons,M,10th,Ford High School,95,89
37318,David Golden,M,10th,Ford High School,86,62
37319,Jonathan Fritz,M,11th,Ford High School,65,56
37320,Brian Oliver,M,9th,Ford High School,88,71
37321,Juan Buchanan,M,10th,Ford High School,91,65
37322,Kayla Daniels,F,10th,Ford High School,65,69
37323,Sara Gilbert,F,9th,Ford High School,65,63
37324,William Lynch,M,12th,Ford High School,74,94
37325,Ian Johnston,M,11th,Ford High School,71,87
37326,Steven Kennedy,M,9th,Ford High School,65,89
37327,Greg Perez,M,9th,Ford High School,72,88
37328,Katherine Hood,F,9th,Ford High School,93,89
37329,Richard Gaines,M,9th,Ford High School,97,97
37330,William Webb,M,9th,Ford High School,80,81
37331,John Williams,M,12th,Ford High School,87,77
37332,Christine Vance,F,11th,Ford High School,64,78
37333,Cynthia Lowe,F,9th,Ford High School,83,89
37334,Katherine Lee,F,11th,Ford High School,79,90
37335,Jon Montoya,M,9th,Ford High School,97,65
37336,Robert Atkinson,M,11th,Ford High School,64,77
37337,Timothy Hawkins,M,12th,Ford High School,96,69
37338,Evan Ruiz,M,9th,Ford High School,86,66
37339,Megan Buchanan,F,10th,Ford High School,81,90
37340,Deanna Leon,F,12th,Ford High School,75,73
37341,Evan Rosales,M,10th,Ford High School,92,69
37342,John Nguyen,M,11th,Ford High School,91,78
37343,Steven Mckee,M,9th,Ford High School,95,69
37344,Christina Glass,F,10th,Ford High School,80,80
37345,Alison Lewis,F,12th,Ford High School,86,64
37346,Dustin Davenport,M,10th,Ford High School,91,64
37347,Austin Green,M,10th,Ford High School,94,71
37348,Jacob Jackson,M,9th,Ford High School,87,75
37349,Robert Garrett,M,9th,Ford High School,94,83
37350,Kristina Bridges,F,11th,Ford High School,75,84
37351,Eduardo Mitchell,M,9th,Ford High School,98,60
37352,James Miller,M,11th,Ford High School,89,71
37353,Rebecca Dixon,F,9th,Ford High School,80,83
37354,Jason Blackburn,M,11th,Ford High School,92,87
37355,Scott Griffith,M,10th,Ford High School,94,84
37356,Patrick Lane,M,9th,Ford High School,86,91
37357,Peggy Robinson,F,10th,Ford High School,96,85
37358,Donna Butler,F,9th,Ford High School,85,76
37359,Casey Stevenson,M,10th,Ford High School,81,75
37360,Bianca Murphy,F,12th,Ford High School,81,71
37361,Amanda Harris,F,9th,Ford High School,63,55
37362,Daniel Parker,M,10th,Ford High School,81,65
37363,Cynthia Jacobs,F,9th,Ford High School,70,68
37364,Thomas Wilkinson,M,12th,Ford High School,68,84
37365,Savannah Mercado,F,11th,Ford High School,65,83
37366,Justin Schwartz,M,9th,Ford High School,96,69
37367,Christopher Peterson,M,12th,Ford High School,97,78
37368,Rebecca Thompson,F,12th,Ford High School,64,61
37369,John Rubio,M,11th,Ford High School,73,77
37370,Katherine Davis,F,10th,Ford High School,96,55
37371,Paige Rodriguez,F,11th,Ford High School,85,99
37372,Jennifer Green,F,10th,Ford High School,85,60
37373,Michelle York,F,11th,Ford High School,80,55
37374,Nicole Kidd,F,10th,Ford High School,63,55
37375,Alicia Spears,F,9th,Ford High School,92,76
37376,Richard Francis,M,11th,Ford High School,97,95
37377,Caitlin Butler,F,10th,Ford High School,88,74
37378,Ashley Wilson,F,10th,Ford High School,82,60
37379,Rhonda Baker,F,11th,Ford High School,75,94
37380,Alicia Hopkins,F,10th,Ford High School,94,85
37381,Ashley Miles,F,10th,Ford High School,90,96
37382,Christopher Johnson,M,10th,Ford High School,94,67
37383,Natalie Moore,F,11th,Ford High School,80,99
37384,Mark Wu,M,12th,Ford High School,80,89
37385,Natasha Glass,F,10th,Ford High School,63,74
37386,Mrs. Allison Robinson,F,9th,Ford High School,91,87
37387,Patricia Bush,F,12th,Ford High School,68,92
37388,Jeremy Brown,M,9th,Ford High School,64,85
37389,James Torres,M,11th,Ford High School,82,69
37390,Sandra Potter,F,9th,Ford High School,83,84
37391,Christopher Whitaker,M,12th,Ford High School,82,60
37392,Kyle Nichols,M,12th,Ford High School,84,82
37393,Lauren Brown,F,10th,Ford High School,65,67
37394,Robin Nichols,F,11th,Ford High School,93,91
37395,Edwin Garcia,M,11th,Ford High School,89,63
37396,Amy Brown,F,12th,Ford High School,63,85
37397,Mrs. Amber Hall,F,12th,Ford High School,74,84
37398,Gabriela Burch,F,9th,Ford High School,74,57
37399,Kathryn Wade ,F,9th,Ford High School,83,90
37400,Kim Kennedy,F,10th,Ford High School,99,64
37401,John Johns,M,12th,Ford High School,87,68
37402,Richard Campbell,M,9th,Ford High School,94,99
37403,John Davis,M,12th,Ford High School,88,91
37404,David Lopez,M,12th,Ford High School,63,68
37405,Andrew Livingston,M,11th,Ford High School,94,71
37406,Devon Pierce,M,10th,Ford High School,76,71
37407,Sarah Cooper,F,9th,Ford High School,96,78
37408,John Davidson,M,11th,Ford High School,86,60
37409,Lori Martin,F,11th,Ford High School,75,94
37410,Paul Campbell,M,10th,Ford High School,87,56
37411,Ann Patterson,F,12th,Ford High School,72,92
37412,Michael Calhoun,M,9th,Ford High School,75,77
37413,Daniel Calderon,M,9th,Ford High School,91,73
37414,Krista Wood,F,9th,Ford High School,67,61
37415,Terry Brooks,M,9th,Ford High School,88,70
37416,Darrell Baldwin,M,9th,Ford High School,63,69
37417,William Flynn,M,9th,Ford High School,88,96
37418,Ryan Golden,M,12th,Ford High School,98,84
37419,Danielle Hudson,F,12th,Ford High School,94,59
37420,Darryl Kelly,M,12th,Ford High School,63,62
37421,Samantha Becker,F,11th,Ford High School,65,62
37422,Megan Heath,F,10th,Ford High School,63,79
37423,Michael Bowman,M,12th,Ford High School,64,94
37424,Katelyn Smith,F,10th,Ford High School,68,70
37425,Joel Anderson,M,9th,Ford High School,79,99
37426,Justin Reed,M,9th,Ford High School,88,88
37427,Joshua Williams,M,10th,Ford High School,79,66
37428,Teresa Williams,F,11th,Ford High School,68,55
37429,Cathy Kim,F,9th,Ford High School,83,88
37430,Madeline Hancock,F,9th,Ford High School,64,63
37431,Maria Rocha,F,10th,Ford High School,76,94
37432,David Rhodes,M,10th,Ford High School,88,87
37433,Lisa Hart,F,9th,Ford High School,71,80
37434,Cassandra Kim,F,10th,Ford High School,91,98
37435,Kelsey Wade,F,11th,Ford High School,66,61
37436,Kenneth Harper,M,9th,Ford High School,70,62
37437,Pamela Brown,F,12th,Ford High School,76,81
37438,Madison Copeland,F,11th,Ford High School,90,75
37439,Christine Molina,F,9th,Ford High School,98,86
37440,Jessica Wright,F,11th,Ford High School,68,60
37441,Mandy Rivera,F,11th,Ford High School,69,73
37442,William Burton,M,9th,Ford High School,76,99
37443,Shane Madden,M,11th,Ford High School,72,66
37444,Wendy Lowe,F,10th,Ford High School,89,60
37445,Courtney Liu,F,12th,Ford High School,96,62
37446,Jessica Williams,F,12th,Ford High School,72,73
37447,Autumn Williams,F,9th,Ford High School,99,97
37448,Jennifer White,F,11th,Ford High School,91,89
37449,William Patterson,M,10th,Ford High School,70,59
37450,Robert Crawford,M,11th,Ford High School,71,89
37451,Lauren Terrell,F,10th,Ford High School,92,73
37452,Brandy Wright,F,11th,Ford High School,84,63
37453,Charles Washington,M,9th,Ford High School,80,79
37454,Glenn Lawson,M,12th,Ford High School,67,62
37455,Pamela Douglas,F,11th,Ford High School,91,99
37456,Brandon Reyes,M,12th,Ford High School,94,85
37457,Robert Salas,M,11th,Ford High School,90,89
37458,Thomas Conner,M,12th,Ford High School,95,57
37459,Tonya Neal,F,9th,Ford High School,84,85
37460,Debra Hicks,F,12th,Ford High School,67,88
37461,Jason Haas,M,10th,Ford High School,66,90
37462,Cameron Jenkins,M,9th,Ford High School,84,82
37463,William Reynolds,M,9th,Ford High School,88,81
37464,Erica Matthews,F,11th,Ford High School,68,74
37465,Natalie Townsend,F,11th,Ford High School,71,86
37466,Susan Kelly,F,11th,Ford High School,74,92
37467,Jessica Hernandez,F,9th,Ford High School,84,58
37468,Alexander Davis,M,12th,Ford High School,86,64
37469,Ryan Webb,M,9th,Ford High School,82,74
37470,James Dunlap,M,10th,Ford High School,99,85
37471,Julie Lee,F,11th,Ford High School,99,63
37472,Melvin Jackson,M,11th,Ford High School,69,65
37473,Kim Smith,F,9th,Ford High School,84,66
37474,Randall Scott,M,9th,Ford High School,96,93
37475,Jill Butler,F,11th,Ford High School,93,73
37476,Shelly Wheeler,F,11th,Ford High School,74,76
37477,Anthony Martinez,M,9th,Ford High School,84,92
37478,Monica Lee,F,12th,Ford High School,90,78
37479,Sandra Young,F,10th,Ford High School,85,59
37480,Angela Fox,F,9th,Ford High School,67,59
37481,Katie Wright,F,9th,Ford High School,83,74
37482,Patty Schwartz,F,12th,Ford High School,75,86
37483,Michael Fleming,M,10th,Ford High School,87,86
37484,Angela Turner,F,12th,Ford High School,63,58
37485,Jacqueline Smith,F,10th,Ford High School,68,77
37486,Deborah Christian,F,10th,Ford High School,94,79
37487,Noah Taylor,M,11th,Ford High School,77,77
37488,Amanda Hays,F,10th,Ford High School,75,68
37489,Samuel Lee,M,12th,Ford High School,66,76
37490,John Cook,M,9th,Ford High School,98,80
37491,Lori Johnson,F,11th,Ford High School,71,70
37492,Wendy Ramirez,F,10th,Ford High School,65,66
37493,Marc Norton,M,9th,Ford High School,92,84
37494,Francisco Lam,M,9th,Ford High School,74,77
37495,Brandy Green,F,12th,Ford High School,77,88
37496,Justin Duffy,M,10th,Ford High School,77,58
37497,James Johnson,M,10th,Ford High School,95,70
37498,Karen Smith,F,11th,Ford High School,98,63
37499,Monica Johnson,F,10th,Ford High School,73,94
37500,Amanda Sullivan,F,9th,Ford High School,66,77
37501,Katherine Mcguire,F,12th,Ford High School,75,95
37502,Jay Ramirez,M,11th,Ford High School,95,82
37503,James Hernandez,M,11th,Ford High School,79,61
37504,Susan Holt,F,9th,Ford High School,65,97
37505,Jason Wagner,M,12th,Ford High School,97,80
37506,Maurice Nielsen,M,12th,Ford High School,76,66
37507,James Turner,M,12th,Ford High School,73,74
37508,Larry Pope,M,9th,Ford High School,74,61
37509,Robert Martin,M,12th,Ford High School,80,67
37510,Darius Jimenez,M,12th,Ford High School,89,82
37511,Daniel Turner,M,10th,Ford High School,68,58
37512,Lauren Cook,F,9th,Ford High School,84,72
37513,Wayne Washington,M,11th,Ford High School,79,63
37514,Leslie White,F,12th,Ford High School,80,73
37515,Maria Andrade,F,12th,Ford High School,69,87
37516,Tracy Sanchez,F,11th,Ford High School,76,75
37517,Kayla Johnson,F,9th,Ford High School,71,80
37518,Daniel Andrews,M,9th,Ford High School,89,98
37519,Ruben Ramirez,M,12th,Ford High School,84,65
37520,Benjamin Odonnell,M,11th,Ford High School,63,74
37521,Meredith Tapia,F,9th,Ford High School,77,78
37522,Ricky Little,M,12th,Ford High School,90,68
37523,Rebecca Valenzuela,F,10th,Ford High School,90,84
37524,Carrie Fletcher,F,9th,Ford High School,84,72
37525,Steven Summers,M,9th,Ford High School,71,71
37526,Jon Santiago,M,10th,Ford High School,98,56
37527,Thomas Christensen,M,9th,Ford High School,98,60
37528,Nicholas Perry,M,11th,Ford High School,83,83
37529,Victoria Rodriguez,F,11th,Ford High School,76,69
37530,William Rivera,M,9th,Ford High School,63,59
37531,Bernard Reid,M,9th,Ford High School,94,80
37532,Dawn Sawyer,F,12th,Ford High School,91,66
37533,Thomas Knapp,M,12th,Ford High School,75,70
37534,Melissa Porter,F,9th,Ford High School,76,84
37535,Norma Mata,F,10th,Thomas High School,76,76
37536,Cody Miller,M,11th,Thomas High School,84,82
37537,Erik Snyder,M,9th,Thomas High School,80,90
37538,Tanya Martinez,F,9th,Thomas High School,71,69
37539,Noah Erickson,M,9th,Thomas High School,86,76
37540,Austin Meyer,M,9th,Thomas High School,73,96
37541,Eric Stevens,M,10th,Thomas High School,80,76
37542,Elizabeth Bennett,F,11th,Thomas High School,91,94
37543,Madison Hampton,F,9th,Thomas High School,82,73
37544,Jacqueline Harris,F,10th,Thomas High School,71,92
37545,Christopher Shaw,M,10th,Thomas High School,84,68
37546,Steven Hoover ,M,12th,Thomas High School,90,81
37547,Amanda Hicks,F,12th,Thomas High School,77,74
37548,Brian Moss,M,10th,Thomas High School,70,97
37549,Christopher Martinez,M,11th,Thomas High School,70,68
37550,Patricia Diaz,F,9th,Thomas High School,76,99
37551,Nancy Mason,F,12th,Thomas High School,91,86
37552,Matthew Marquez,M,10th,Thomas High School,88,79
37553,Curtis Gibson,M,10th,Thomas High School,97,70
37554,Rebecca Brown,F,11th,Thomas High School,76,77
37555,Chad Martin,M,11th,Thomas High School,72,82
37556,Sarah Park,F,11th,Thomas High School,95,74
37557,Shannon Sanchez,F,11th,Thomas High School,93,84
37558,Kelly Henderson,M,9th,Thomas High School,81,90
37559,Kiara Bates,F,9th,Thomas High School,72,98
37560,Kim Hall,F,11th,Thomas High School,70,83
37561,Charles Lopez,M,11th,Thomas High School,69,93
37562,Teresa Johns,F,9th,Thomas High School,86,69
37563,Amy Richard,F,10th,Thomas High School,80,97
37564,Stephen Patrick,M,9th,Thomas High School,93,97
37565,Teresa Poole,F,10th,Thomas High School,93,94
37566,Jonathon Roberts,M,10th,Thomas High School,84,77
37567,Jeffery Haynes,M,9th,Thomas High School,81,81
37568,Jacob Mccullough,M,11th,Thomas High School,77,98
37569,Heather Bailey,F,9th,Thomas High School,98,90
37570,Victoria Brown,F,12th,Thomas High School,87,95
37571,Michael Murphy,M,12th,Thomas High School,74,86
37572,Jason Hogan,M,9th,Thomas High School,87,75
37573,Justin Brown,M,9th,Thomas High School,82,98
37574,Mark Weeks,M,10th,Thomas High School,74,95
37575,Monique Shepherd,F,10th,Thomas High School,77,85
37576,Stephanie Arroyo,F,11th,Thomas High School,86,79
37577,Tiffany Graham,F,10th,Thomas High School,99,99
37578,Donna Hall,F,9th,Thomas High School,76,75
37579,Stephen Walker,M,11th,Thomas High School,76,84
37580,Oscar Hill,M,10th,Thomas High School,81,79
37581,Douglas Smith,M,9th,Thomas High School,97,75
37582,Adam Gibbs,M,12th,Thomas High School,88,81
37583,Stephanie Hayden,F,12th,Thomas High School,83,81
37584,Alejandro Wheeler,M,10th,Thomas High School,98,87
37585,Angela Edwards,F,12th,Thomas High School,84,95
37586,Alexander Watts,M,10th,Thomas High School,93,97
37587,Zachary Christian,M,9th,Thomas High School,94,74
37588,Christopher Riley,M,12th,Thomas High School,73,83
37589,Keith Scott,M,11th,Thomas High School,93,92
37590,Anthony Valdez,M,11th,Thomas High School,73,86
37591,Matthew Carroll,M,12th,Thomas High School,86,88
37592,Kimberly Wong,F,10th,Thomas High School,80,74
37593,James Riley,M,12th,Thomas High School,85,93
37594,Brenda Bruce,F,10th,Thomas High School,71,78
37595,Mary Smith ,F,11th,Thomas High School,75,73
37596,Brian Robinson,M,12th,Thomas High School,90,73
37597,Jessica Morales,F,10th,Thomas High School,72,81
37598,Jeffery Calderon,M,10th,Thomas High School,99,99
37599,Lauren Garner,F,9th,Thomas High School,88,68
37600,Jasmine Jones,F,10th,Thomas High School,86,87
37601,Keith Maldonado,M,11th,Thomas High School,77,79
37602,Mark Anderson,M,10th,Thomas High School,79,73
37603,Joel Griffin,M,10th,Thomas High School,83,68
37604,Phillip Meyer,M,11th,Thomas High School,81,78
37605,Jennifer Richardson,F,10th,Thomas High School,93,68
37606,David Aguilar,M,12th,Thomas High School,81,98
37607,Andrew Jefferson,M,10th,Thomas High School,94,70
37608,Dennis Perez,M,11th,Thomas High School,82,90
37609,Daniel Patterson,M,9th,Thomas High School,86,87
37610,Patrick Stanley,M,9th,Thomas High School,94,94
37611,Adrian Martinez,M,10th,Thomas High School,89,87
37612,Brian Kirby,M,11th,Thomas High School,97,82
37613,Julia Bruce,F,9th,Thomas High School,86,95
37614,Pamela Graves,F,9th,Thomas High School,74,68
37615,Denise Estrada,F,10th,Thomas High School,71,95
37616,William Herrera,M,9th,Thomas High School,86,95
37617,Nancy Ho,F,12th,Thomas High School,79,69
37618,Paula Ramirez,F,12th,Thomas High School,69,68
37619,Laura Nelson,F,10th,Thomas High School,92,90
37620,Andrew Raymond,M,10th,Thomas High School,78,94
37621,Christopher Grant,M,10th,Thomas High School,94,84
37622,Samantha Medina,F,11th,Thomas High School,89,89
37623,Cheryl Lopez,F,10th,Thomas High School,77,95
37624,Thomas Little,M,12th,Thomas High School,74,91
37625,Alyssa Hill,F,11th,Thomas High School,86,98
37626,Sarah Moore,F,11th,Thomas High School,74,77
37627,Alison Walker,F,11th,Thomas High School,95,69
37628,Travis Cole,M,12th,Thomas High School,81,79
37629,Bobby Fisher,M,12th,Thomas High School,75,84
37630,Morgan Collins,F,12th,Thomas High School,79,76
37631,Robert Reyes,M,10th,Thomas High School,72,80
37632,Dennis Underwood,M,9th,Thomas High School,74,88
37633,Benjamin King,M,10th,Thomas High School,85,99
37634,Nathaniel Bates,M,11th,Thomas High School,76,94
37635,George Morgan,M,9th,Thomas High School,99,99
37636,Christian Warren,M,12th,Thomas High School,85,73
37637,Ellen Paul,F,11th,Thomas High School,71,74
37638,Mario Smith,M,11th,Thomas High School,99,83
37639,Susan Levy,F,12th,Thomas High School,70,86
37640,Tiffany Young ,F,11th,Thomas High School,86,97
37641,Darryl Klein,M,9th,Thomas High School,93,87
37642,Kenneth Williams,M,11th,Thomas High School,98,89
37643,Mark Lucas IV,M,12th,Thomas High School,85,72
37644,Connie Thompson,F,9th,Thomas High School,98,75
37645,John Wolfe,M,10th,Thomas High School,81,89
37646,Melissa Harper,F,9th,Thomas High School,77,74
37647,Valerie Day,F,9th,Thomas High School,92,70
37648,Kenneth Marquez ,M,10th,Thomas High School,96,82
37649,Rebecca Morris,F,9th,Thomas High School,90,96
37650,Timothy Wright,M,9th,Thomas High School,96,84
37651,Deborah Reilly,F,11th,Thomas High School,78,92
37652,Mike Santos,M,12th,Thomas High School,96,93
37653,Nicole Jones,F,9th,Thomas High School,75,95
37654,Morgan Alexander,F,10th,Thomas High School,98,74
37655,Cristian Aguilar,M,10th,Thomas High School,73,80
37656,Danielle Prince,F,10th,Thomas High School,88,81
37657,Anthony Olson,M,9th,Thomas High School,69,69
37658,Joseph Jarvis,M,9th,Thomas High School,72,90
37659,Joshua Moon,M,11th,Thomas High School,78,90
37660,Kyle Townsend,M,11th,Thomas High School,78,83
37661,Jessica Williamson,F,9th,Thomas High School,76,68
37662,Rhonda Rodriguez,F,11th,Thomas High School,83,88
37663,Rebecca Hall,F,9th,Thomas High School,72,73
37664,Brittany Valencia,F,11th,Thomas High School,78,91
37665,Emily Fleming,F,9th,Thomas High School,90,77
37666,Diane Richardson,F,9th,Thomas High School,74,73
37667,Mark Thomas,M,9th,Thomas High School,77,79
37668,Kimberly Morris,F,10th,Thomas High School,87,93
37669,Kirk Reilly,M,11th,Thomas High School,94,71
37670,Brittany Brown,F,12th,Thomas High School,69,68
37671,Albert Vaughan,M,11th,Thomas High School,88,77
37672,Douglas Fitzgerald,M,12th,Thomas High School,71,86
37673,Justin Smith,M,10th,Thomas High School,86,84
37674,Mathew Carter,M,9th,Thomas High School,79,85
37675,Philip Miller,M,12th,Thomas High School,90,89
37676,Ronald Hartman,M,12th,Thomas High School,96,92
37677,Angelica Sanders,F,10th,Thomas High School,91,71
37678,Marc Moore,M,10th,Thomas High School,88,93
37679,Christopher Fitzgerald,M,10th,Thomas High School,70,68
37680,Janet Taylor,F,10th,Thomas High School,75,78
37681,Charles Estrada,M,11th,Thomas High School,99,72
37682,Ann Chen,F,9th,Thomas High School,87,94
37683,Karen Jimenez,F,12th,Thomas High School,79,68
37684,Holly Boone,F,11th,Thomas High School,75,68
37685,Alan Leach,M,12th,Thomas High School,97,98
37686,Timothy Miller,M,11th,Thomas High School,96,85
37687,Christopher Villa,M,12th,Thomas High School,92,78
37688,Stephanie Davis,F,11th,Thomas High School,87,80
37689,Shelby Brown,F,11th,Thomas High School,96,73
37690,Katherine Jordan,F,9th,Thomas High School,78,95
37691,Sean Kirby,M,10th,Thomas High School,79,93
37692,Stephen Lowe,M,9th,Thomas High School,77,76
37693,Maria Turner,F,11th,Thomas High School,88,90
37694,Cheryl Frost,F,9th,Thomas High School,78,79
37695,Keith Newman Jr.,M,12th,Thomas High School,94,83
37696,Thomas Brown,M,10th,Thomas High School,89,80
37697,Marcus Fernandez,M,10th,Thomas High School,98,84
37698,Richard Moreno,M,9th,Thomas High School,74,77
37699,Rodney Johnson,M,12th,Thomas High School,96,97
37700,Timothy Martinez,M,11th,Thomas High School,96,74
37701,Mary Jenkins,F,10th,Thomas High School,98,69
37702,Michael Jennings,M,12th,Thomas High School,75,98
37703,Amanda Lopez,F,9th,Thomas High School,84,95
37704,Matthew Mitchell III,M,9th,Thomas High School,95,99
37705,Gabrielle Huff,F,11th,Thomas High School,99,78
37706,Samuel Ray,M,10th,Thomas High School,95,86
37707,Hannah Bishop,F,12th,Thomas High School,70,78
37708,Scott Bradford,M,9th,Thomas High School,82,71
37709,Kathy King,F,11th,Thomas High School,80,76
37710,Alexis Cook,F,12th,Thomas High School,86,83
37711,Ronald Adams,M,9th,Thomas High School,81,85
37712,Michael Roy,M,9th,Thomas High School,91,82
37713,Thomas Hartman,M,9th,Thomas High School,70,94
37714,Lauren Carr,F,10th,Thomas High School,97,77
37715,Victoria Elliott,F,10th,Thomas High School,99,69
37716,Michael Clark,M,10th,Thomas High School,92,98
37717,Calvin Hawkins,M,11th,Thomas High School,85,71
37718,Sandra Pineda,F,10th,Thomas High School,94,77
37719,James Krueger,M,9th,Thomas High School,89,79
37720,Jessica Hernandez,F,10th,Thomas High School,75,75
37721,Robin Smith,F,11th,Thomas High School,98,68
37722,Christopher Campos,M,10th,Thomas High School,88,72
37723,Justin Sullivan,M,9th,Thomas High School,93,75
37724,Danielle Sheppard,F,12th,Thomas High School,81,82
37725,Micheal Johnson,M,10th,Thomas High School,99,97
37726,Daniel Campbell,M,9th,Thomas High School,89,98
37727,Margaret Russell,F,10th,Thomas High School,88,72
37728,James Adams,M,11th,Thomas High School,93,74
37729,Gabriela Anderson,F,9th,Thomas High School,78,97
37730,John Bauer,M,10th,Thomas High School,92,87
37731,Pamela Schaefer,F,9th,Thomas High School,96,88
37732,Connor Sutton,M,10th,Thomas High School,85,85
37733,Dan Carrillo,M,9th,Thomas High School,87,86
37734,Sharon Davis,F,9th,Thomas High School,86,75
37735,Debbie Lewis,F,10th,Thomas High School,92,68
37736,Ashley Sullivan,F,9th,Thomas High School,81,86
37737,Patricia Yang,F,9th,Thomas High School,81,99
37738,Jeanette Roberts,F,12th,Thomas High School,79,95
37739,Janet Benitez,F,12th,Thomas High School,79,94
37740,Taylor Martin,M,12th,Thomas High School,89,86
37741,Jo Williams,F,9th,Thomas High School,84,96
37742,Jack Wiley,M,9th,Thomas High School,80,87
37743,Joseph Peterson,M,10th,Thomas High School,98,93
37744,Lindsey Burton,F,9th,Thomas High School,74,79
37745,Brian Shaw,M,12th,Thomas High School,88,80
37746,Heidi Crawford,F,11th,Thomas High School,91,73
37747,Kenneth Crosby,M,11th,Thomas High School,98,85
37748,Matthew Simpson,M,11th,Thomas High School,69,74
37749,Rick Price,M,9th,Thomas High School,88,76
37750,Christopher Miller,M,11th,Thomas High School,74,71
37751,Frank Sanders,M,12th,Thomas High School,73,90
37752,Lauren Howell ,F,9th,Thomas High School,91,71
37753,Anthony Cummings,M,11th,Thomas High School,94,79
37754,Breanna Lee,F,11th,Thomas High School,86,92
37755,Kyle Rowland,M,10th,Thomas High School,99,72
37756,Courtney Williams,F,9th,Thomas High School,91,85
37757,Lisa Hunter,F,10th,Thomas High School,70,68
37758,Devon Contreras,M,11th,Thomas High School,91,85
37759,Nicholas Howard,M,9th,Thomas High School,80,89
37760,Matthew Deleon,M,11th,Thomas High School,80,96
37761,Erica Martin ,F,11th,Thomas High School,83,88
37762,Matthew Jones,M,11th,Thomas High School,94,93
37763,Michael Martinez,M,10th,Thomas High School,96,82
37764,Jennifer Clark,F,10th,Thomas High School,88,91
37765,Jennifer Lewis,F,12th,Thomas High School,99,79
37766,Terry Woods,M,11th,Thomas High School,86,99
37767,Misty Klein,F,12th,Thomas High School,86,73
37768,David Stevens,M,10th,Thomas High School,76,88
37769,Natalie Gonzales,F,11th,Thomas High School,83,97
37770,Ashley Willis,F,11th,Thomas High School,94,83
37771,Patty Williams,F,9th,Thomas High School,75,83
37772,Jennifer Rodriguez,F,12th,Thomas High School,98,92
37773,Matthew Davis,M,9th,Thomas High School,72,78
37774,Martha Brown,F,10th,Thomas High School,94,87
37775,Robert Beck,M,10th,Thomas High School,73,77
37776,Eric Rivers,M,9th,Thomas High School,83,97
37777,Hannah Mcdonald ,F,12th,Thomas High School,95,74
37778,Mariah Flores,F,10th,Thomas High School,69,93
37779,Katie Nelson,F,12th,Thomas High School,93,85
37780,Jacob Nelson,M,9th,Thomas High School,83,72
37781,Timothy Aguirre,M,12th,Thomas High School,86,98
37782,Sabrina Hall,F,9th,Thomas High School,87,96
37783,Darrell Green,M,9th,Thomas High School,92,98
37784,Jonathan Davis,M,12th,Thomas High School,71,76
37785,Eric Greer,M,9th,Thomas High School,85,84
37786,Theresa Thompson,F,10th,Thomas High School,72,70
37787,Paul Brooks,M,10th,Thomas High School,89,98
37788,Brandon Palmer ,M,11th,Thomas High School,98,99
37789,Gerald Johnson,M,9th,Thomas High School,74,72
37790,Dustin Thompson,M,11th,Thomas High School,83,87
37791,Grant Gallegos,M,11th,Thomas High School,91,84
37792,April Hill,F,11th,Thomas High School,82,69
37793,Edward Allen,M,10th,Thomas High School,87,81
37794,John Robinson,M,11th,Thomas High School,81,69
37795,Martin Rodriguez,M,9th,Thomas High School,99,77
37796,Stephanie Nichols ,F,12th,Thomas High School,79,71
37797,Kathy Roberson,F,10th,Thomas High School,85,73
37798,Justin Thompson,M,10th,Thomas High School,74,84
37799,Kimberly Garcia,F,9th,Thomas High School,91,78
37800,Pamela Bradley,F,11th,Thomas High School,82,76
37801,Nancy Cannon,F,11th,Thomas High School,73,95
37802,Ashley Lopez,F,10th,Thomas High School,88,75
37803,Linda Roman,F,12th,Thomas High School,71,94
37804,Cheryl Quinn,F,12th,Thomas High School,70,85
37805,Joseph Sellers,M,11th,Thomas High School,71,98
37806,Jennifer Ortiz,F,9th,Thomas High School,96,75
37807,Johnny Hodges,M,9th,Thomas High School,99,80
37808,Angela Summers,F,10th,Thomas High School,73,89
37809,Lorraine Rojas,F,9th,Thomas High School,98,74
37810,Mckenzie Cummings,F,9th,Thomas High School,93,88
37811,Catherine Howard,F,11th,Thomas High School,84,87
37812,Mark Young,M,9th,Thomas High School,94,73
37813,Jessica Morrison,F,11th,Thomas High School,72,85
37814,Susan Alexander,F,11th,Thomas High School,71,95
37815,Jessica Edwards,F,11th,Thomas High School,89,93
37816,Benjamin Evans,M,10th,Thomas High School,75,76
37817,Mariah Bernard,F,11th,Thomas High School,80,95
37818,Morgan Scott,F,11th,Thomas High School,87,70
37819,Nicholas Hernandez,M,10th,Thomas High School,89,87
37820,Briana Hoffman,F,9th,Thomas High School,91,72
37821,Alice Ware,F,9th,Thomas High School,88,83
37822,Regina Ray,F,10th,Thomas High School,72,78
37823,Adam Davis,M,12th,Thomas High School,74,68
37824,Valerie Joseph ,F,9th,Thomas High School,99,93
37825,Karen Garcia,F,9th,Thomas High School,91,71
37826,John Sellers,M,9th,Thomas High School,73,81
37827,Michael Kelly,M,9th,Thomas High School,75,74
37828,Kathleen Black,F,10th,Thomas High School,90,77
37829,Cynthia Robinson,F,9th,Thomas High School,74,94
37830,Julie Villa,F,11th,Thomas High School,91,99
37831,Paula Reed,F,11th,Thomas High School,91,74
37832,Grace Russell,F,12th,Thomas High School,85,86
37833,Barbara Smith,F,10th,Thomas High School,73,94
37834,Kyle Davis,M,9th,Thomas High School,99,98
37835,Jason Lee,M,12th,Thomas High School,71,82
37836,Rodney Wilson,M,12th,Thomas High School,92,83
37837,Allison Combs,F,11th,Thomas High School,98,92
37838,Ralph Osborne,M,11th,Thomas High School,78,86
37839,Samuel Johnson,M,10th,Thomas High School,70,91
37840,Jennifer Yu,F,9th,Thomas High School,79,81
37841,Matthew Anderson,M,11th,Thomas High School,92,86
37842,Sarah Chavez,F,12th,Thomas High School,70,99
37843,Paul Cisneros,M,12th,Thomas High School,84,81
37844,Angela Smith,F,9th,Thomas High School,88,77
37845,Eric Strickland,M,11th,Thomas High School,96,79
37846,Katherine Brown,F,11th,Thomas High School,92,71
37847,Mike Schneider,M,10th,Thomas High School,87,84
37848,Brian Mendez,M,12th,Thomas High School,84,95
37849,William Molina,M,9th,Thomas High School,93,89
37850,Luis Hill,M,9th,Thomas High School,95,83
37851,Kevin Gomez,M,12th,Thomas High School,77,75
37852,Courtney Smith,F,12th,Thomas High School,81,73
37853,Julie Walters,F,11th,Thomas High School,72,82
37854,Linda Dillon,F,12th,Thomas High School,92,87
37855,Christine Harris,F,12th,Thomas High School,70,93
37856,Amy Sanders,F,12th,Thomas High School,98,94
37857,Daniel Arnold,M,10th,Thomas High School,93,95
37858,Victoria Lane,F,9th,Thomas High School,89,72
37859,Wayne Gilbert,M,11th,Thomas High School,76,99
37860,Billy Baker,M,11th,Thomas High School,72,74
37861,Lorraine Atkins,F,11th,Thomas High School,95,73
37862,Hunter Hensley,M,11th,Thomas High School,73,79
37863,Harold Parker PhD,M,10th,Thomas High School,88,83
37864,Karen Dixon,F,9th,Thomas High School,73,76
37865,Jeanette Berger,F,9th,Thomas High School,72,86
37866,Lisa Jones,F,9th,Thomas High School,92,69
37867,Ashley Alvarez,F,10th,Thomas High School,70,92
37868,Kenneth Ruiz,M,10th,Thomas High School,90,71
37869,Michael Clark,M,12th,Thomas High School,74,78
37870,Dale Martinez,M,10th,Thomas High School,88,91
37871,Brandon Levy,M,10th,Thomas High School,80,71
37872,Brittany Coleman,F,9th,Thomas High School,78,83
37873,Lee Greene,M,10th,Thomas High School,70,69
37874,Michael Alexander,M,12th,Thomas High School,97,95
37875,David Reeves,M,11th,Thomas High School,74,69
37876,Randy Johnson,M,11th,Thomas High School,71,86
37877,Vanessa Turner,F,10th,Thomas High School,94,95
37878,Jacqueline Arias,F,10th,Thomas High School,90,68
37879,Angela Taylor,F,11th,Thomas High School,82,78
37880,Whitney Burgess,F,12th,Thomas High School,95,87
37881,Thomas Gomez,M,11th,Thomas High School,71,99
37882,James Oneal,M,9th,Thomas High School,90,80
37883,Kevin Garcia,M,10th,Thomas High School,81,91
37884,Randy Gonzalez,M,12th,Thomas High School,80,68
37885,Travis Rosales,M,9th,Thomas High School,89,85
37886,Joseph Diaz,M,10th,Thomas High School,93,82
37887,Vicki Nielsen,F,12th,Thomas High School,78,96
37888,Theresa Gonzalez,F,10th,Thomas High School,81,90
37889,Emily Gates,F,9th,Thomas High School,77,74
37890,Randy Johnson,M,10th,Thomas High School,90,96
37891,Paul Hart,M,11th,Thomas High School,73,88
37892,Christina Barrera,F,10th,Thomas High School,76,84
37893,Diamond Miller,F,10th,Thomas High School,89,88
37894,Kerri Davis,F,12th,Thomas High School,73,87
37895,Lisa King,F,10th,Thomas High School,99,69
37896,Oscar Flores,M,10th,Thomas High School,73,73
37897,Diana Lopez,F,9th,Thomas High School,98,91
37898,Michelle Robertson,F,9th,Thomas High School,77,89
37899,James Gonzalez,M,10th,Thomas High School,75,97
37900,Christopher Edwards,M,9th,Thomas High School,77,84
37901,Paige Hines,F,12th,Thomas High School,88,77
37902,Alyssa Morales,F,9th,Thomas High School,72,85
37903,Victoria Simpson,F,11th,Thomas High School,89,92
37904,Charles Peck,M,9th,Thomas High School,76,74
37905,Kevin Rodriguez,M,10th,Thomas High School,86,94
37906,Janice Stewart,F,11th,Thomas High School,82,80
37907,Stephanie Reese,F,9th,Thomas High School,92,72
37908,Kimberly Reyes,F,9th,Thomas High School,78,72
37909,Ronald Franklin,M,11th,Thomas High School,72,75
37910,Brittany Walker,F,10th,Thomas High School,78,80
37911,Billy Curtis,M,11th,Thomas High School,76,89
37912,Julie Wiggins,F,11th,Thomas High School,72,97
37913,Erika Torres,F,12th,Thomas High School,93,93
37914,Patricia Contreras,F,11th,Thomas High School,95,75
37915,Randy Hooper,M,10th,Thomas High School,80,92
37916,Kristen Solis ,F,9th,Thomas High School,77,71
37917,Ronald Rowe,M,10th,Thomas High School,84,75
37918,Allison Thomas,F,10th,Thomas High School,73,80
37919,Danielle Hawkins,F,11th,Thomas High School,83,88
37920,Victor Smith,M,12th,Thomas High School,92,80
37921,Colin Schultz II,M,10th,Thomas High School,86,80
37922,Nancy Dominguez,F,9th,Thomas High School,87,80
37923,Angela Wong,F,10th,Thomas High School,96,74
37924,John Ritter,M,11th,Thomas High School,95,88
37925,Gabriel Douglas,M,11th,Thomas High School,90,71
37926,Sarah Mcpherson,F,10th,Thomas High School,74,83
37927,Christopher Sandoval,M,12th,Thomas High School,94,87
37928,Jordan Vega,M,9th,Thomas High School,75,99
37929,Ashley Wilson,F,12th,Thomas High School,80,90
37930,Andrea Anthony,F,9th,Thomas High School,75,91
37931,Craig Heath,M,11th,Thomas High School,71,98
37932,Tammy Lee,F,9th,Thomas High School,99,84
37933,Tiffany Brooks,F,9th,Thomas High School,84,94
37934,Jeffrey Garcia,M,12th,Thomas High School,72,80
37935,Timothy Thomas,M,9th,Thomas High School,73,78
37936,Michelle Li,F,10th,Thomas High School,76,77
37937,Dylan Guerrero,M,9th,Thomas High School,79,91
37938,Bryan Barnes,M,11th,Thomas High School,71,79
37939,Robert Meyer,M,11th,Thomas High School,86,88
37940,David Arroyo,M,9th,Thomas High School,96,89
37941,Debra Martin,F,9th,Thomas High School,91,70
37942,Neil Hutchinson,M,12th,Thomas High School,88,80
37943,Henry Acosta,M,12th,Thomas High School,87,86
37944,Vanessa Figueroa,F,12th,Thomas High School,81,92
37945,Larry Harris,M,10th,Thomas High School,92,73
37946,Kristopher Bradley,M,11th,Thomas High School,85,78
37947,Bruce White,M,11th,Thomas High School,74,96
37948,Danielle Holmes,F,10th,Thomas High School,74,81
37949,Jamie Allen,F,11th,Thomas High School,73,90
37950,Susan Jensen,F,9th,Thomas High School,94,83
37951,Steve Woods,M,11th,Thomas High School,69,71
37952,Ashley Thompson,F,12th,Thomas High School,99,77
37953,Stephanie Knight,F,11th,Thomas High School,97,94
37954,Cameron Rowe,M,10th,Thomas High School,74,92
37955,Michael Farmer,M,12th,Thomas High School,96,75
37956,Jennifer Anderson,F,9th,Thomas High School,77,86
37957,Bernard Mercer,M,11th,Thomas High School,99,96
37958,David Graves,M,9th,Thomas High School,97,98
37959,Kent Becker,M,10th,Thomas High School,97,88
37960,David Campbell,M,10th,Thomas High School,73,97
37961,Jonathon Cardenas,M,9th,Thomas High School,83,79
37962,Haley Williamson,F,9th,Thomas High School,74,88
37963,Lisa Barton,F,9th,Thomas High School,97,98
37964,Cynthia Rodriguez,F,9th,Thomas High School,93,96
37965,Andrew Summers,M,12th,Thomas High School,87,98
37966,Jennifer Sanders,F,10th,Thomas High School,90,93
37967,April Smith,F,12th,Thomas High School,84,92
37968,Claire Murray,F,12th,Thomas High School,80,91
37969,Joseph Hughes,M,9th,Thomas High School,76,94
37970,Stephen Arnold,M,12th,Thomas High School,85,76
37971,Maria Crawford,F,10th,Thomas High School,79,70
37972,Anthony Walker,M,11th,Thomas High School,99,76
37973,Karen Mclean,F,9th,Thomas High School,98,78
37974,Brian Johnson,M,12th,Thomas High School,94,82
37975,Brittney Ramirez,F,11th,Thomas High School,73,90
37976,Austin King,M,11th,Thomas High School,88,84
37977,Joshua Hammond,M,11th,Thomas High School,96,92
37978,Erika Wood,F,12th,Thomas High School,70,96
37979,Christopher Carson,M,9th,Thomas High School,70,76
37980,Jacob Alvarez,M,9th,Thomas High School,71,82
37981,Kayla Baldwin,F,12th,Thomas High School,69,96
37982,Monica Evans,F,10th,Thomas High School,88,74
37983,Joseph Willis,M,10th,Thomas High School,86,91
37984,Kara Gardner,F,11th,Thomas High School,81,69
37985,Gabriel Hayes,M,11th,Thomas High School,93,79
37986,Alicia Rhodes,F,9th,Thomas High School,92,80
37987,Angela Diaz,F,11th,Thomas High School,74,91
37988,Michael Ortiz,M,11th,Thomas High School,91,91
37989,Mark Atkins,M,12th,Thomas High School,69,94
37990,Susan Gregory,F,11th,Thomas High School,78,77
37991,Samantha Keller,F,10th,Thomas High School,69,79
37992,Jacob Sanchez,M,10th,Thomas High School,73,85
37993,Kenneth Wallace,M,9th,Thomas High School,89,79
37994,Kevin Rivera,M,10th,Thomas High School,96,84
37995,Jose Smith,M,12th,Thomas High School,86,96
37996,Mary Kim,F,9th,Thomas High School,79,71
37997,Darlene Hunt,F,10th,Thomas High School,69,71
37998,Deanna Ford,F,10th,Thomas High School,93,86
37999,John Stewart,M,9th,Thomas High School,86,83
38000,Antonio Dunn,M,12th,Thomas High School,97,96
38001,Stephanie Pham,F,9th,Thomas High School,90,96
38002,Keith Smith,M,11th,Thomas High School,93,78
38003,Steven Holmes,M,12th,Thomas High School,98,74
38004,Ashley Mendez,F,12th,Thomas High School,75,94
38005,Jermaine White,M,12th,Thomas High School,94,69
38006,Paul Torres,M,10th,Thomas High School,92,92
38007,Jill Sanchez,F,9th,Thomas High School,90,76
38008,Denise Sherman,F,9th,Thomas High School,75,76
38009,Timothy Benson,M,12th,Thomas High School,92,95
38010,Katherine Anderson,F,9th,Thomas High School,94,74
38011,Sara Robinson,F,11th,Thomas High School,72,72
38012,Donna Phillips,F,12th,Thomas High School,82,77
38013,Preston Ortiz,M,9th,Thomas High School,92,84
38014,Jacob Vazquez,M,11th,Thomas High School,69,84
38015,Gary Santiago,M,10th,Thomas High School,84,78
38016,Theresa Sparks,F,10th,Thomas High School,93,83
38017,Matthew Rodriguez,M,9th,Thomas High School,78,87
38018,Amber Hood,F,12th,Thomas High School,91,85
38019,Robert Wilkinson,M,11th,Thomas High School,92,80
38020,Jade Black,F,10th,Thomas High School,99,83
38021,Amy Kirby,F,12th,Thomas High School,76,74
38022,Amanda Fields,F,10th,Thomas High School,87,82
38023,Caroline Smith,F,12th,Thomas High School,98,91
38024,Michael Knight,M,12th,Thomas High School,99,75
38025,Hunter Garcia,M,9th,Thomas High School,85,68
38026,Samantha Stone,F,10th,Thomas High School,97,79
38027,Christian Smith,M,12th,Thomas High School,88,68
38028,Victoria Mullen,F,9th,Thomas High School,69,86
38029,Julie Alvarez,F,9th,Thomas High School,98,95
38030,Chris Bennett,M,11th,Thomas High School,73,90
38031,Jeffrey Hudson,M,11th,Thomas High School,89,72
38032,Anthony Bell,M,12th,Thomas High School,85,76
38033,Angela Rodriguez,F,11th,Thomas High School,81,91
38034,Suzanne Odonnell,F,10th,Thomas High School,75,91
38035,James Esparza,M,9th,Thomas High School,98,93
38036,Crystal Hodge,F,11th,Thomas High School,88,88
38037,Kimberly Ramos,F,9th,Thomas High School,77,75
38038,Melissa Payne,F,12th,Thomas High School,70,68
38039,Alicia Thompson,F,9th,Thomas High School,74,86
38040,Holly Coleman,F,11th,Thomas High School,82,97
38041,Vanessa Parker,F,10th,Thomas High School,97,68
38042,Megan Campbell,F,9th,Thomas High School,84,86
38043,Steve Cardenas,M,9th,Thomas High School,72,90
38044,Patricia Lewis,F,12th,Thomas High School,88,76
38045,Paul Paul,M,11th,Thomas High School,89,88
38046,Bryan Simmons,M,11th,Thomas High School,93,68
38047,Alice Carson,F,9th,Thomas High School,69,72
38048,April Ellison,F,11th,Thomas High School,87,75
38049,Danielle Jensen,F,10th,Thomas High School,98,73
38050,Denise Thompson,F,11th,Thomas High School,72,70
38051,Thomas Phillips,M,11th,Thomas High School,76,84
38052,Michael Jackson,M,10th,Thomas High School,98,69
38053,Brianna Martin,F,12th,Thomas High School,84,70
38054,William Patterson,M,11th,Thomas High School,87,89
38055,Rachel Hill,F,10th,Thomas High School,79,84
38056,Marissa Martinez,F,12th,Thomas High School,92,86
38057,Lisa Ramos,F,9th,Thomas High School,88,87
38058,Daniel Franklin,M,9th,Thomas High School,78,85
38059,Alan Harmon,M,12th,Thomas High School,77,69
38060,Rachel Smith,F,9th,Thomas High School,94,68
38061,Thomas Meyer ,M,9th,Thomas High School,89,72
38062,Alejandro Gould,M,9th,Thomas High School,84,88
38063,Troy Foster ,M,9th,Thomas High School,76,70
38064,Kevin Smith,M,12th,Thomas High School,79,83
38065,Jordan Jones,F,10th,Thomas High School,90,87
38066,Kyle Sanchez,M,12th,Thomas High School,87,78
38067,Jeremy Aguilar,M,11th,Thomas High School,80,75
38068,Daniel Galvan,M,9th,Thomas High School,88,90
38069,Jennifer Rogers,F,11th,Thomas High School,93,87
38070,Kristie Duffy,F,11th,Thomas High School,97,86
38071,Blake Pope,M,11th,Thomas High School,97,95
38072,Sarah Chapman,F,10th,Thomas High School,86,68
38073,Donald Miller,M,9th,Thomas High School,96,69
38074,Brittney Bates,F,11th,Thomas High School,98,84
38075,Edward Howard,M,12th,Thomas High School,99,74
38076,Jennifer Wilson,F,9th,Thomas High School,81,94
38077,Courtney Turner,F,12th,Thomas High School,76,70
38078,Cynthia Mcbride,F,10th,Thomas High School,94,72
38079,Stephen Cruz,M,9th,Thomas High School,88,75
38080,William Ellis,M,11th,Thomas High School,78,97
38081,Stephanie Nguyen,F,11th,Thomas High School,82,87
38082,Michael Walters,M,11th,Thomas High School,74,88
38083,Wendy Douglas,F,10th,Thomas High School,69,87
38084,John Hernandez ,M,12th,Thomas High School,99,84
38085,Miranda Brown,F,11th,Thomas High School,69,92
38086,George Hobbs,M,10th,Thomas High School,86,95
38087,Valerie Krueger ,F,9th,Thomas High School,81,88
38088,Ashley Strickland,F,9th,Thomas High School,71,92
38089,Amanda Johnson,F,9th,Thomas High School,85,93
38090,Carol Valdez ,F,11th,Thomas High School,76,98
38091,Kyle Macdonald,M,12th,Thomas High School,88,69
38092,Misty Anderson,F,11th,Thomas High School,73,98
38093,William Jordan,M,10th,Thomas High School,80,72
38094,William Potts,M,10th,Thomas High School,90,74
38095,Jay Johnson ,M,12th,Thomas High School,90,99
38096,Kristina Mason,F,12th,Thomas High School,87,94
38097,Kimberly Conway,F,10th,Thomas High School,73,95
38098,Rebecca Jones,F,12th,Thomas High School,75,88
38099,Gina Hernandez,F,12th,Thomas High School,95,91
38100,Holly Moreno,F,9th,Thomas High School,75,78
38101,Brenda Holloway ,F,11th,Thomas High School,73,92
38102,Nicholas Mclean,M,9th,Thomas High School,99,91
38103,Jordan Maxwell,F,11th,Thomas High School,76,68
38104,Erin Mcguire,F,9th,Thomas High School,71,98
38105,Ricky Henry,M,9th,Thomas High School,94,87
38106,Adam Lynch,M,11th,Thomas High School,95,99
38107,David Gutierrez,M,10th,Thomas High School,86,93
38108,David Armstrong,M,9th,Thomas High School,86,78
38109,Brandon Tapia,M,11th,Thomas High School,97,84
38110,Isabel Bradford,F,12th,Thomas High School,89,85
38111,Phillip Beasley,M,12th,Thomas High School,98,76
38112,Aimee Olsen,F,11th,Thomas High School,86,92
38113,Brian Sullivan,M,9th,Thomas High School,69,85
38114,Mary Pace,F,11th,Thomas High School,87,96
38115,Laura Gonzalez,F,9th,Thomas High School,74,77
38116,Randy Walker,M,9th,Thomas High School,96,90
38117,Sarah Cohen,F,11th,Thomas High School,94,93
38118,Donald Martinez,M,10th,Thomas High School,70,68
38119,Wanda Hall,F,11th,Thomas High School,93,91
38120,Glenn Howe,M,11th,Thomas High School,77,91
38121,Brian Bell,M,12th,Thomas High School,79,88
38122,Shelby Patrick,F,9th,Thomas High School,91,78
38123,Anthony Castro,M,9th,Thomas High School,85,80
38124,Blake Horn,M,11th,Thomas High School,79,84
38125,Jessica Kidd,F,11th,Thomas High School,92,98
38126,Christie Jones,F,9th,Thomas High School,97,93
38127,Michael Franco,M,9th,Thomas High School,80,99
38128,Christopher Jones,M,11th,Thomas High School,80,77
38129,Ashley Brown,F,10th,Thomas High School,86,89
38130,William Wolf,M,12th,Thomas High School,93,92
38131,Mary Hawkins,F,12th,Thomas High School,69,75
38132,Colton Le,M,10th,Thomas High School,80,88
38133,Jessica Oconnor,F,9th,Thomas High School,75,69
38134,David Wu,M,11th,Thomas High School,88,79
38135,William Parsons,M,12th,Thomas High School,86,68
38136,Ricky Perez,M,9th,Thomas High School,93,73
38137,Jeffrey Anderson,M,11th,Thomas High School,81,95
38138,Thomas Perez,M,12th,Thomas High School,92,72
38139,Lucas Cox,M,12th,Thomas High School,69,74
38140,Aaron Perez,M,9th,Thomas High School,75,81
38141,Wendy Parker ,F,9th,Thomas High School,93,92
38142,George Bailey,M,12th,Thomas High School,72,97
38143,Richard Mullins,M,11th,Thomas High School,89,86
38144,Andre Ramirez,M,11th,Thomas High School,86,68
38145,Margaret Brown,F,9th,Thomas High School,73,99
38146,Ryan Munoz,M,11th,Thomas High School,93,71
38147,Sharon Barker,F,9th,Thomas High School,75,70
38148,Benjamin Singleton,M,10th,Thomas High School,99,82
38149,Megan Soto,F,11th,Thomas High School,72,77
38150,Jillian Ashley,F,10th,Thomas High School,91,83
38151,Maria Foster,F,10th,Thomas High School,84,88
38152,Riley Horn,M,10th,Thomas High School,80,79
38153,Andrew Daniels,M,11th,Thomas High School,72,70
38154,Madison Castaneda,F,10th,Thomas High School,81,75
38155,Krystal Reid,F,11th,Thomas High School,76,87
38156,Stephanie Rogers,F,9th,Thomas High School,77,70
38157,Chad Hurley,M,12th,Thomas High School,74,94
38158,Dwayne Soto,M,10th,Thomas High School,78,79
38159,Jennifer Cohen,F,9th,Thomas High School,87,89
38160,Kathy Lee,F,9th,Thomas High School,84,71
38161,Claudia Johnston,F,12th,Thomas High School,79,97
38162,Stephanie Bailey,F,10th,Thomas High School,81,76
38163,Kevin Mejia,M,12th,Thomas High School,73,73
38164,Robert Aguilar,M,10th,Thomas High School,90,71
38165,Beverly Cox,F,11th,Thomas High School,81,98
38166,Carly Andrews,F,12th,Thomas High School,86,68
38167,Michelle Morris,F,12th,Thomas High School,79,99
38168,Timothy Melendez,M,10th,Thomas High School,84,71
38169,Regina Reeves,F,10th,Thomas High School,90,71
38170,Crystal Goodwin,F,12th,Thomas High School,81,93
38171,Alison Hunter,F,12th,Thomas High School,73,81
38172,Kayla Anderson,F,10th,Thomas High School,98,87
38173,Kara Spears,F,11th,Thomas High School,71,99
38174,Michelle Peterson,F,12th,Thomas High School,87,91
38175,Joseph Pace,M,12th,Thomas High School,70,69
38176,Phillip Thomas,M,12th,Thomas High School,78,72
38177,Teresa Smith,F,11th,Thomas High School,75,77
38178,Kim Smith ,F,10th,Thomas High School,74,75
38179,Nathan Robinson,M,9th,Thomas High School,70,99
38180,David Cox,M,11th,Thomas High School,94,98
38181,Lauren Barton,F,11th,Thomas High School,86,82
38182,Joshua Little,M,12th,Thomas High School,81,83
38183,Marie Miller,F,11th,Thomas High School,80,71
38184,Richard Miller,M,12th,Thomas High School,85,79
38185,Carolyn Stewart,F,12th,Thomas High School,99,68
38186,Andrew Burgess,M,9th,Thomas High School,73,74
38187,Sarah Smith,F,10th,Thomas High School,95,68
38188,James Aguilar,M,10th,Thomas High School,94,99
38189,Tammy Larson,F,9th,Thomas High School,97,74
38190,Janet Roth,F,9th,Thomas High School,78,75
38191,Karen Ellis,F,10th,Thomas High School,81,74
38192,Suzanne Anderson,F,9th,Thomas High School,96,83
38193,Breanna Aguilar,F,10th,Thomas High School,81,91
38194,Andrew Dickerson,M,12th,Thomas High School,82,88
38195,Kathleen Patrick,F,9th,Thomas High School,96,76
38196,Johnny Matthews,M,11th,Thomas High School,93,74
38197,Valerie Woods,F,11th,Thomas High School,85,79
38198,Tamara Watkins,F,11th,Thomas High School,76,97
38199,Lisa Carlson,F,12th,Thomas High School,71,97
38200,David Becker,M,10th,Thomas High School,98,71
38201,Nathaniel Wood,M,12th,Thomas High School,72,75
38202,Eric Barton,M,10th,Thomas High School,76,90
38203,Brianna Lynn,F,10th,Thomas High School,72,76
38204,Emily James,F,12th,Thomas High School,84,86
38205,Jeremy Hernandez,M,10th,Thomas High School,96,72
38206,Traci White,F,10th,Thomas High School,82,92
38207,Emma Palmer,F,9th,Thomas High School,92,70
38208,Christine Garcia,F,9th,Thomas High School,83,69
38209,Kimberly Bond,F,10th,Thomas High School,78,73
38210,Darrell Oconnell,M,11th,Thomas High School,81,70
38211,Anthony Page,M,11th,Thomas High School,87,89
38212,Richard Prince,M,11th,Thomas High School,70,80
38213,Vicki Miller,F,10th,Thomas High School,69,68
38214,Teresa Stevenson,F,9th,Thomas High School,81,68
38215,Renee Gill,F,11th,Thomas High School,82,69
38216,Robert Moore,M,11th,Thomas High School,94,92
38217,Lisa Moore,F,10th,Thomas High School,82,87
38218,Marcus Romero,M,11th,Thomas High School,83,95
38219,Crystal Oliver,F,12th,Thomas High School,82,82
38220,Carrie Mora,F,12th,Thomas High School,98,91
38221,Kevin Stewart,M,12th,Thomas High School,92,74
38222,Lauren Daniels,F,9th,Thomas High School,83,94
38223,Christina Rivera,F,12th,Thomas High School,74,78
38224,Robin Perez,F,9th,Thomas High School,78,86
38225,Terry Anderson,M,9th,Thomas High School,70,80
38226,Lisa Brown,F,10th,Thomas High School,85,85
38227,Kristi Wells,F,10th,Thomas High School,89,89
38228,Megan Robertson,F,9th,Thomas High School,85,80
38229,Collin Harvey,M,11th,Thomas High School,81,74
38230,Edward Anderson,M,12th,Thomas High School,81,93
38231,Amanda Morales,F,11th,Thomas High School,70,84
38232,Daniel Brown,M,10th,Thomas High School,83,85
38233,Scott Johnson,M,9th,Thomas High School,86,99
38234,Nicole Rowe,F,10th,Thomas High School,85,76
38235,Patricia Sanders,F,9th,Thomas High School,74,75
38236,Christopher Perry,M,12th,Thomas High School,85,97
38237,Mark Nichols,M,10th,Thomas High School,72,78
38238,Joseph Ross,M,9th,Thomas High School,71,76
38239,Nathaniel Owens,M,10th,Thomas High School,84,71
38240,Kristi Sanchez,F,12th,Thomas High School,95,86
38241,Jennifer Hunt,F,11th,Thomas High School,81,91
38242,Lisa Burton,F,12th,Thomas High School,76,69
38243,Kristen Garcia,F,11th,Thomas High School,86,99
38244,Erica Watkins,F,10th,Thomas High School,72,75
38245,Elizabeth Cook,F,11th,Thomas High School,87,81
38246,Ryan Romero,M,11th,Thomas High School,75,70
38247,Michael Bray,M,9th,Thomas High School,77,75
38248,Ann Taylor,F,11th,Thomas High School,97,96
38249,Timothy Johnson,M,12th,Thomas High School,97,89
38250,Victor Sharp,M,11th,Thomas High School,95,80
38251,Stacy Oconnell,F,12th,Thomas High School,89,77
38252,Jacqueline Green,F,9th,Thomas High School,94,96
38253,Edward Solomon,M,10th,Thomas High School,95,90
38254,Christine Lyons,F,11th,Thomas High School,93,91
38255,Jordan Mueller,F,10th,Thomas High School,95,70
38256,Jessica Wade,F,10th,Thomas High School,82,71
38257,Hannah Hudson,F,11th,Thomas High School,88,68
38258,Dorothy Cervantes,F,11th,Thomas High School,74,74
38259,Cassandra Evans,F,10th,Thomas High School,76,76
38260,Anthony Woods,M,12th,Thomas High School,95,69
38261,Olivia Pratt,F,9th,Thomas High School,81,73
38262,Kenneth Baker,M,9th,Thomas High School,70,96
38263,John Boyd,M,11th,Thomas High School,82,69
38264,Jesse Wilson,M,10th,Thomas High School,84,93
38265,Jesse Gilbert,M,9th,Thomas High School,99,90
38266,David Turner,M,10th,Thomas High School,72,87
38267,Richard Thomas,M,9th,Thomas High School,92,80
38268,Paul Thompson,M,11th,Thomas High School,81,81
38269,Cody Thompson,M,9th,Thomas High School,79,81
38270,Lindsey Ortiz,F,9th,Thomas High School,90,84
38271,Charles Holland,M,9th,Thomas High School,74,78
38272,Michelle Kelly,F,9th,Thomas High School,93,69
38273,Kristina Arias,F,11th,Thomas High School,82,84
38274,Ryan Gonzalez,M,11th,Thomas High School,75,96
38275,Wayne Shepherd,M,11th,Thomas High School,85,74
38276,Matthew Campbell,M,10th,Thomas High School,82,84
38277,Yolanda Brooks,F,10th,Thomas High School,74,82
38278,Timothy Gray,M,11th,Thomas High School,81,83
38279,Brett Chambers,M,9th,Thomas High School,71,89
38280,Curtis Parker,M,11th,Thomas High School,71,78
38281,Hector Romero,M,11th,Thomas High School,69,85
38282,Norman Moreno,M,9th,Thomas High School,72,95
38283,Michael Hoffman,M,11th,Thomas High School,81,89
38284,Natalie Gardner,F,10th,Thomas High School,81,77
38285,Diane Ray,F,10th,Thomas High School,77,75
38286,Pam Ellis,F,12th,Thomas High School,95,87
38287,Stephanie Sandoval,F,9th,Thomas High School,86,74
38288,Laura Ramos,F,11th,Thomas High School,73,99
38289,Danielle Acosta,F,12th,Thomas High School,93,75
38290,Terri Guerra,F,9th,Thomas High School,77,78
38291,Frank Ramirez,M,10th,Thomas High School,90,76
38292,Jessica Williams,F,9th,Thomas High School,98,88
38293,Tina Greer,F,11th,Thomas High School,85,83
38294,Melissa Martin,F,9th,Thomas High School,72,81
38295,Kristy Harris,F,11th,Thomas High School,93,70
38296,Larry Weber,M,9th,Thomas High School,88,91
38297,Anna Lewis,F,12th,Thomas High School,75,92
38298,Wesley Fields ,M,10th,Thomas High School,73,69
38299,Aaron Holmes,M,10th,Thomas High School,76,72
38300,Michael Vasquez,M,11th,Thomas High School,84,94
38301,Marc Snyder,M,11th,Thomas High School,79,77
38302,Thomas Tyler,M,12th,Thomas High School,85,83
38303,James Harrison,M,11th,Thomas High School,72,93
38304,David Saunders,M,11th,Thomas High School,92,89
38305,Nathaniel Carr,M,11th,Thomas High School,87,88
38306,Adam Maxwell,M,10th,Thomas High School,70,92
38307,Eric Williams,M,10th,Thomas High School,75,74
38308,Chelsea Castillo,F,12th,Thomas High School,71,96
38309,Jaime Sloan,F,10th,Thomas High School,97,83
38310,Sarah Rodriguez,F,11th,Thomas High School,94,94
38311,Kristina Schaefer,F,11th,Thomas High School,75,96
38312,Diane Martin,F,12th,Thomas High School,97,73
38313,Clinton Blake,M,12th,Thomas High School,69,96
38314,Savannah Smith,F,11th,Thomas High School,69,73
38315,Heather Hunter,F,9th,Thomas High School,92,93
38316,Lisa Tucker,F,12th,Thomas High School,76,73
38317,Renee Moore,F,10th,Thomas High School,75,87
38318,Nicole White ,F,9th,Thomas High School,72,86
38319,Keith King,M,11th,Thomas High School,74,89
38320,Amanda Skinner ,F,11th,Thomas High School,85,98
38321,Marcus Wallace,M,12th,Thomas High School,74,97
38322,James Horton,M,9th,Thomas High School,69,97
38323,Darrell Simpson,M,10th,Thomas High School,85,80
38324,Diane Rush,F,10th,Thomas High School,81,75
38325,Christine Guerrero,F,9th,Thomas High School,76,68
38326,Rita Perez,F,10th,Thomas High School,95,84
38327,Sarah Williams,F,10th,Thomas High School,72,86
38328,Jason Key,M,12th,Thomas High School,70,96
38329,Christine Smith,F,10th,Thomas High School,99,77
38330,Jennifer Dixon,F,12th,Thomas High School,74,72
38331,Timothy Wilson,M,9th,Thomas High School,87,78
38332,Maxwell Anderson,M,10th,Thomas High School,96,85
38333,Christina Robinson,F,12th,Thomas High School,84,95
38334,Abigail Durham,F,9th,Thomas High School,77,82
38335,Charlotte Graham,F,9th,Thomas High School,69,78
38336,Tanya Barnes,F,11th,Thomas High School,79,97
38337,Theresa Gentry,F,12th,Thomas High School,69,95
38338,Donald Nicholson,M,12th,Thomas High School,93,79
38339,Nathan Smith,M,10th,Thomas High School,90,84
38340,Sarah Briggs,F,11th,Thomas High School,96,84
38341,Joshua Thomas,M,10th,Thomas High School,86,73
38342,Alexander Wilson,M,9th,Thomas High School,93,88
38343,David Smith,M,12th,Thomas High School,94,82
38344,Rebecca Reilly,F,10th,Thomas High School,95,89
38345,Paul Bowers,M,11th,Thomas High School,93,70
38346,Teresa Chapman,F,12th,Thomas High School,73,96
38347,Kimberly Case,F,11th,Thomas High School,94,95
38348,Guy Goodwin,M,9th,Thomas High School,86,92
38349,Brenda Rivera,F,10th,Thomas High School,91,92
38350,Gregory Shepherd,M,12th,Thomas High School,94,69
38351,Kenneth Simon,M,12th,Thomas High School,84,77
38352,James Stone,M,9th,Thomas High School,81,96
38353,Scott Smith,M,11th,Thomas High School,70,74
38354,Kevin Costa,M,9th,Thomas High School,96,99
38355,Kayla Williams,F,11th,Thomas High School,92,87
38356,Joshua Burch,M,9th,Thomas High School,73,80
38357,Emily Washington,F,10th,Thomas High School,85,98
38358,Elizabeth Graham,F,11th,Thomas High School,85,74
38359,Kristy Perry,F,11th,Thomas High School,98,91
38360,Stacey Rodriguez,F,9th,Thomas High School,78,99
38361,Brittany Harper,F,12th,Thomas High School,98,92
38362,Robert Pollard,M,10th,Thomas High School,74,74
38363,Heidi Gomez,F,11th,Thomas High School,96,99
38364,Mark White,M,10th,Thomas High School,85,85
38365,Dustin Meyer,M,10th,Thomas High School,87,91
38366,Stephanie Pham,F,12th,Thomas High School,80,82
38367,Jeffery Howard,M,12th,Thomas High School,88,84
38368,Christina Owen,F,10th,Thomas High School,99,70
38369,Ana Ellis,F,11th,Thomas High School,93,91
38370,Evan Jones,M,10th,Thomas High School,69,90
38371,William Schmidt,M,12th,Thomas High School,72,78
38372,Elizabeth Johnson,F,10th,Thomas High School,72,84
38373,Ronald Yates,M,11th,Thomas High School,87,99
38374,Kenneth Collins,M,9th,Thomas High School,94,93
38375,Stacey Jennings,F,11th,Thomas High School,75,70
38376,Brandy Cox,F,11th,Thomas High School,73,82
38377,Ann Garcia,F,9th,Thomas High School,73,72
38378,David Young,M,9th,Thomas High School,89,83
38379,Steven Thompson,M,11th,Thomas High School,79,73
38380,Kaitlyn Davis,F,11th,Thomas High School,85,73
38381,Patricia Maddox,F,10th,Thomas High School,84,81
38382,Dylan Ray,M,11th,Thomas High School,85,91
38383,Sharon Larson,F,12th,Thomas High School,84,94
38384,Marc Short,M,11th,Thomas High School,79,88
38385,John Atkins,M,12th,Thomas High School,90,85
38386,Eugene Johnson,M,9th,Thomas High School,95,91
38387,Terry Torres,M,10th,Thomas High School,96,74
38388,Eric Huff,M,10th,Thomas High School,70,93
38389,Joseph Kim,M,11th,Thomas High School,69,94
38390,Katie Neal,F,11th,Thomas High School,99,95
38391,Amy Vega,F,9th,Thomas High School,95,73
38392,Daniel Wilson,M,12th,Thomas High School,82,97
38393,Kurt Martinez,M,12th,Thomas High School,69,81
38394,Dennis Rodriguez,M,11th,Thomas High School,75,77
38395,Elaine Stephens,F,11th,Thomas High School,70,92
38396,Melissa Graves,F,11th,Thomas High School,82,83
38397,Adrienne Turner ,F,9th,Thomas High School,80,78
38398,Sandra Franco,F,11th,Thomas High School,79,90
38399,Adam Woods,M,10th,Thomas High School,99,78
38400,Patrick Joyce,M,11th,Thomas High School,70,70
38401,Tanya Chen,F,11th,Thomas High School,75,71
38402,Tracy Dawson,F,10th,Thomas High School,88,90
38403,Lisa Coleman,F,9th,Thomas High School,85,92
38404,Brenda Lloyd,F,11th,Thomas High School,98,76
38405,Brianna Frey,F,10th,Thomas High School,70,96
38406,Michael Green,M,9th,Thomas High School,70,85
38407,Megan Page,F,12th,Thomas High School,70,95
38408,Jordan Long,M,10th,Thomas High School,92,90
38409,Tracy Lewis,F,12th,Thomas High School,78,81
38410,Christine Sellers,F,10th,Thomas High School,94,92
38411,Angela Berger,F,9th,Thomas High School,83,70
38412,Donald Evans,M,10th,Thomas High School,86,74
38413,Scott Rowe,M,9th,Thomas High School,72,96
38414,Veronica Drake,F,9th,Thomas High School,71,77
38415,David Cohen,M,10th,Thomas High School,75,81
38416,Mark Rice,M,12th,Thomas High School,98,73
38417,Jesse Reyes,M,9th,Thomas High School,83,94
38418,Nicole Ritter,F,9th,Thomas High School,94,80
38419,Lisa Gentry,F,9th,Thomas High School,86,81
38420,Terry Scott Jr.,M,9th,Thomas High School,80,84
38421,Cesar Rodriguez ,M,9th,Thomas High School,76,68
38422,Jennifer Gay ,F,12th,Thomas High School,98,77
38423,David House,M,9th,Thomas High School,81,93
38424,Michael Moore,M,9th,Thomas High School,93,83
38425,Jared Woodward,M,12th,Thomas High School,88,68
38426,Ashley Black,F,11th,Thomas High School,87,78
38427,Adam Hinton,M,11th,Thomas High School,94,93
38428,Rebecca Sanchez,F,12th,Thomas High School,86,89
38429,Daniel Harris,M,10th,Thomas High School,84,87
38430,Angie Vance,F,10th,Thomas High School,70,77
38431,Zachary Davis,M,9th,Thomas High School,78,69
38432,Joshua Glass,M,9th,Thomas High School,79,92
38433,Scott Mack,M,11th,Thomas High School,76,92
38434,Diane Morse,F,11th,Thomas High School,77,71
38435,Lori Jenkins,F,11th,Thomas High School,95,99
38436,Paul Garcia,M,11th,Thomas High School,77,69
38437,Jonathan Dunn,M,12th,Thomas High School,95,73
38438,Dustin Butler,M,10th,Thomas High School,77,70
38439,Cody Cortez,M,11th,Thomas High School,94,91
38440,Bridget Benitez,F,10th,Thomas High School,97,94
38441,Earl Thompson,M,10th,Thomas High School,96,88
38442,Tracie Stewart,F,10th,Thomas High School,82,77
38443,Brenda Le,F,12th,Thomas High School,76,79
38444,Jennifer Combs,F,9th,Thomas High School,92,90
38445,Elizabeth Stout,F,11th,Thomas High School,72,71
38446,Edward Lopez,M,12th,Thomas High School,75,68
38447,Timothy Baird,M,9th,Thomas High School,79,97
38448,Drew Jones,M,10th,Thomas High School,73,73
38449,Kevin Gordon,M,11th,Thomas High School,95,86
38450,Andrew Anthony,M,11th,Thomas High School,93,78
38451,David Garner,M,10th,Thomas High School,75,97
38452,Dawn Richards,F,10th,Thomas High School,71,80
38453,Zachary Sanchez,M,11th,Thomas High School,74,71
38454,Paul Butler,M,9th,Thomas High School,97,69
38455,Heidi Rhodes,F,10th,Thomas High School,97,88
38456,Kimberly Duncan,F,12th,Thomas High School,71,99
38457,Andrew Jones,M,9th,Thomas High School,91,94
38458,Scott Walters,M,11th,Thomas High School,93,86
38459,Travis Johnson,M,10th,Thomas High School,96,90
38460,Taylor Owen,F,10th,Thomas High School,82,89
38461,Ryan Reed,M,9th,Thomas High School,98,68
38462,Erin Miller,F,12th,Thomas High School,83,70
38463,Tiffany Alvarez,F,9th,Thomas High School,83,81
38464,Donna Ramirez,F,12th,Thomas High School,79,72
38465,David Taylor,M,12th,Thomas High School,95,83
38466,Jacob Roberts,M,9th,Thomas High School,88,71
38467,John Small,M,10th,Thomas High School,71,98
38468,Robert Lloyd,M,12th,Thomas High School,85,99
38469,Joe Ewing,M,10th,Thomas High School,86,82
38470,William Carter,M,12th,Thomas High School,89,78
38471,Melinda Thomas,F,10th,Thomas High School,90,96
38472,Jill Mckinney,F,11th,Thomas High School,91,75
38473,John Dunn,M,10th,Thomas High School,76,92
38474,Jordan Martinez,M,12th,Thomas High School,85,95
38475,Mary Nixon ,F,10th,Thomas High School,70,89
38476,Kristin Taylor,F,9th,Thomas High School,98,90
38477,Ashley Jimenez,F,11th,Thomas High School,71,82
38478,Jessica Hill,F,9th,Thomas High School,75,84
38479,Laurie Fowler,F,12th,Thomas High School,92,85
38480,Michael Johnson,M,10th,Thomas High School,94,82
38481,Kevin Foster,M,12th,Thomas High School,96,75
38482,Michael Stevens,M,10th,Thomas High School,83,95
38483,Tracy Noble,F,10th,Thomas High School,75,96
38484,Daniel Schultz,M,10th,Thomas High School,98,92
38485,Bridget Robles,F,11th,Thomas High School,84,69
38486,Erin Mccann,F,9th,Thomas High School,79,75
38487,Paul Hayes,M,10th,Thomas High School,85,95
38488,Glenn Mercer,M,10th,Thomas High School,74,95
38489,Charles Flores,M,10th,Thomas High School,78,82
38490,Melissa Wilson,F,10th,Thomas High School,92,72
38491,Tim Harris,M,9th,Thomas High School,86,79
38492,John Stuart,M,12th,Thomas High School,86,78
38493,Kim Williams,F,9th,Thomas High School,70,91
38494,Andrew Gomez,M,9th,Thomas High School,75,82
38495,Beverly Whitney,F,9th,Thomas High School,72,70
38496,Eric Cox,M,10th,Thomas High School,76,84
38497,Leslie Kelly ,F,10th,Thomas High School,71,70
38498,Eric Kelley,M,9th,Thomas High School,72,84
38499,Olivia Hernandez,F,10th,Thomas High School,87,71
38500,Patrick Garcia,M,12th,Thomas High School,85,88
38501,Teresa Schultz,F,10th,Thomas High School,98,89
38502,Kim Peck,F,10th,Thomas High School,89,79
38503,Laura Murphy,F,9th,Thomas High School,78,95
38504,George Green,M,12th,Thomas High School,99,76
38505,Richard Bowman,M,10th,Thomas High School,70,85
38506,Jasmine Garcia,F,9th,Thomas High School,93,69
38507,Victoria Harrell,F,12th,Thomas High School,83,98
38508,Julie Nelson,F,10th,Thomas High School,77,92
38509,Mrs. Kristen Gonzalez,F,9th,Thomas High School,74,79
38510,Michael Carter ,M,10th,Thomas High School,72,90
38511,Arthur Martinez,M,12th,Thomas High School,86,70
38512,James Cruz,M,11th,Thomas High School,87,71
38513,Brian Monroe,M,12th,Thomas High School,85,73
38514,Michael Booth,M,9th,Thomas High School,98,91
38515,Daniel Simpson,M,12th,Thomas High School,71,90
38516,Kenneth Smith,M,9th,Thomas High School,82,87
38517,Joseph Mitchell,M,10th,Thomas High School,87,85
38518,Allen Payne,M,11th,Thomas High School,87,88
38519,Lisa Ward,F,10th,Thomas High School,92,92
38520,Teresa Miller,F,9th,Thomas High School,70,68
38521,Daniel Wallace,M,12th,Thomas High School,84,86
38522,Sheena Hill,F,9th,Thomas High School,70,79
38523,Sarah Scott,F,12th,Thomas High School,81,82
38524,Michael James,M,9th,Thomas High School,73,81
38525,Angela Thompson,F,10th,Thomas High School,80,87
38526,Lindsay Ortiz,F,12th,Thomas High School,72,92
38527,Catherine Wilson,F,10th,Thomas High School,74,73
38528,Jill Kim,F,9th,Thomas High School,85,74
38529,Lauren Wilson,F,11th,Thomas High School,80,76
38530,Stacey Lee,F,11th,Thomas High School,98,68
38531,Carmen Kim,F,11th,Thomas High School,74,69
38532,Jennifer Weaver,F,12th,Thomas High School,90,75
38533,Kristi Castillo,F,11th,Thomas High School,83,93
38534,Matthew Perez,M,10th,Thomas High School,83,72
38535,Diana Mcdaniel,F,9th,Thomas High School,90,73
38536,Julia King,F,11th,Thomas High School,86,74
38537,Susan Thomas,F,10th,Thomas High School,77,79
38538,Lisa Price,F,9th,Thomas High School,96,99
38539,Nancy Hopkins,F,10th,Thomas High School,96,88
38540,Danny Miller,M,9th,Thomas High School,90,76
38541,Paul Ewing,M,12th,Thomas High School,84,70
38542,Frank Davis,M,10th,Thomas High School,83,80
38543,Jeffrey Schultz,M,9th,Thomas High School,82,93
38544,Misty Nguyen,F,12th,Thomas High School,88,85
38545,Leroy Shaffer,M,11th,Thomas High School,93,68
38546,Raymond Hawkins,M,9th,Thomas High School,70,90
38547,Robert Lewis,M,9th,Thomas High School,70,78
38548,Anna Jacobs,F,12th,Thomas High School,86,82
38549,Nathan Adams,M,9th,Thomas High School,77,92
38550,Christy Ryan,F,10th,Thomas High School,90,77
38551,Madison Palmer,F,10th,Thomas High School,86,84
38552,Christina Hall,F,12th,Thomas High School,69,80
38553,Charles Dickson,M,11th,Thomas High School,76,97
38554,Pamela Thompson,F,10th,Thomas High School,71,92
38555,Meghan Williams,F,12th,Thomas High School,71,84
38556,Gerald Jones,M,9th,Thomas High School,89,83
38557,Tara Simpson,F,12th,Thomas High School,86,92
38558,Ryan Fernandez,M,9th,Thomas High School,95,99
38559,Marissa Wilson,F,10th,Thomas High School,78,78
38560,Heather Leblanc,F,12th,Thomas High School,73,76
38561,Andrea Lee,F,9th,Thomas High School,99,70
38562,Erica Singh,F,11th,Thomas High School,97,72
38563,Matthew Crane,M,10th,Thomas High School,86,79
38564,Jennifer Weaver,F,11th,Thomas High School,92,83
38565,Brian Thomas,M,12th,Thomas High School,75,82
38566,Elizabeth Lamb,F,11th,Thomas High School,80,68
38567,Dakota Marshall,M,12th,Thomas High School,86,99
38568,Kelly Donaldson,F,11th,Thomas High School,97,82
38569,Donald Scott,M,11th,Thomas High School,87,77
38570,Mark Smith,M,12th,Thomas High School,96,79
38571,Todd Johnson,M,9th,Thomas High School,79,85
38572,Robin Mathis,F,9th,Thomas High School,90,99
38573,Carlos Gutierrez,M,9th,Thomas High School,77,82
38574,Katherine Porter,F,9th,Thomas High School,82,99
38575,Denise Perry,F,9th,Thomas High School,83,70
38576,Andrew Nelson,M,11th,Thomas High School,74,68
38577,Michael Hartman,M,10th,Thomas High School,96,80
38578,Andrea Sanchez,F,12th,Thomas High School,77,96
38579,Ronnie Powell,M,10th,Thomas High School,91,96
38580,Matthew Davis,M,11th,Thomas High School,85,73
38581,Kristina Morrison,F,10th,Thomas High School,79,73
38582,Kevin Pierce,M,12th,Thomas High School,96,82
38583,Frank Mitchell,M,10th,Thomas High School,92,87
38584,Tony Hoover,M,9th,Thomas High School,87,80
38585,Jessica Roach,F,9th,Thomas High School,70,90
38586,Danielle Rodriguez,F,11th,Thomas High School,82,98
38587,Tracy Nguyen,M,9th,Thomas High School,99,93
38588,Kelly Bridges,M,9th,Thomas High School,74,82
38589,Joseph Mcgrath,M,10th,Thomas High School,70,92
38590,Austin Wilcox,M,9th,Thomas High School,77,81
38591,Katherine Sims,F,10th,Thomas High School,86,99
38592,Mary Miller,F,10th,Thomas High School,81,92
38593,Martin Taylor,M,9th,Thomas High School,89,68
38594,Madison Suarez,F,9th,Thomas High School,91,71
38595,Betty Campbell,F,11th,Thomas High School,86,82
38596,Anna Jackson,F,10th,Thomas High School,92,94
38597,Anthony Reynolds,M,11th,Thomas High School,82,90
38598,Joseph Perez ,M,9th,Thomas High School,77,93
38599,Matthew Dougherty,M,10th,Thomas High School,72,98
38600,Angela Hill,F,10th,Thomas High School,95,79
38601,Stephanie Long,F,12th,Thomas High School,90,72
38602,Kathy Gonzales,F,11th,Thomas High School,80,81
38603,Kayla Myers,F,9th,Thomas High School,94,75
38604,Edward Jones,M,10th,Thomas High School,89,79
38605,Tiffany Cook,F,11th,Thomas High School,87,76
38606,Bradley Miller,M,12th,Thomas High School,75,76
38607,Lisa Blackburn,F,11th,Thomas High School,87,90
38608,Sara Williams,F,12th,Thomas High School,98,94
38609,Gregory Howell,M,11th,Thomas High School,81,85
38610,Sarah Allen,F,11th,Thomas High School,92,83
38611,Russell Schmitt,M,12th,Thomas High School,90,78
38612,Peter Stone,M,9th,Thomas High School,96,82
38613,Gerald Estes,M,9th,Thomas High School,87,83
38614,Holly Moore,F,12th,Thomas High School,99,94
38615,Allison Webb,F,10th,Thomas High School,88,98
38616,Steven Reynolds,M,11th,Thomas High School,70,75
38617,Mrs. Alice Warren,F,11th,Thomas High School,70,78
38618,Nichole Perez,F,11th,Thomas High School,80,91
38619,Autumn Green,F,10th,Thomas High School,99,82
38620,Eileen Rios,F,11th,Thomas High School,77,92
38621,Jennifer Cooper,F,12th,Thomas High School,74,96
38622,Martha Molina,F,10th,Thomas High School,82,74
38623,Judith Potter,F,9th,Thomas High School,99,96
38624,Evan Martin,M,11th,Thomas High School,76,96
38625,Heather Bailey,F,9th,Thomas High School,95,92
38626,Thomas Clark,M,12th,Thomas High School,79,75
38627,Brian Arnold,M,11th,Thomas High School,74,83
38628,Julia Kelley ,F,11th,Thomas High School,93,87
38629,Evan Mitchell,M,9th,Thomas High School,98,89
38630,Susan Roberts,F,9th,Thomas High School,83,97
38631,Shannon Lopez,F,9th,Thomas High School,82,78
38632,James Williams,M,9th,Thomas High School,93,71
38633,Allison Kerr,F,9th,Thomas High School,88,93
38634,Tiffany Mccarthy,F,12th,Thomas High School,70,97
38635,Christina Moreno,F,10th,Thomas High School,94,98
38636,Tony Byrd,M,10th,Thomas High School,87,85
38637,Jared Mcdonald,M,11th,Thomas High School,72,86
38638,Zoe Allen,F,9th,Thomas High School,75,83
38639,Laura Baker,F,12th,Thomas High School,95,74
38640,James Hale,M,12th,Thomas High School,75,81
38641,Timothy Obrien,M,9th,Thomas High School,82,85
38642,Mariah Proctor,F,10th,Thomas High School,74,70
38643,Mary Rogers,F,10th,Thomas High School,87,74
38644,Amber Thompson,F,10th,Thomas High School,88,70
38645,Yolanda Ochoa,F,10th,Thomas High School,92,73
38646,Debra Rosales,F,9th,Thomas High School,87,97
38647,Joseph Wood,M,11th,Thomas High School,88,80
38648,Andre Fisher,M,10th,Thomas High School,73,80
38649,David Coffey PhD,M,11th,Thomas High School,86,68
38650,Kelly Hernandez,F,11th,Thomas High School,91,82
38651,Cheryl Diaz,F,10th,Thomas High School,81,94
38652,Linda Chambers,F,11th,Thomas High School,93,77
38653,William Sandoval,M,10th,Thomas High School,98,85
38654,Kristen Crawford,F,9th,Thomas High School,87,96
38655,Erica King,F,9th,Thomas High School,79,93
38656,Eric Carson,M,10th,Thomas High School,90,76
38657,James Cruz,M,10th,Thomas High School,71,72
38658,Nathan Maldonado,M,10th,Thomas High School,99,99
38659,David Rodriguez,M,9th,Thomas High School,84,82
38660,Justin Williams,M,11th,Thomas High School,88,85
38661,Jason Shaw,M,10th,Thomas High School,89,97
38662,Mrs. Pam Wolf ,F,11th,Thomas High School,89,92
38663,Catherine Cross,F,12th,Thomas High School,87,97
38664,Melissa Johnson,F,12th,Thomas High School,74,95
38665,Lori Wilkerson,F,12th,Thomas High School,97,81
38666,Katherine Hardin,F,10th,Thomas High School,88,88
38667,Kevin Vasquez,M,12th,Thomas High School,92,83
38668,Stephanie Franklin,F,12th,Thomas High School,92,72
38669,Edward Parrish,M,9th,Thomas High School,84,77
38670,Caitlin Williams,F,11th,Thomas High School,78,80
38671,Mark Sanchez,M,12th,Thomas High School,80,71
38672,Lindsey Benson,F,11th,Thomas High School,77,99
38673,Rachel Miller,F,12th,Thomas High School,74,75
38674,Andrea Mack,F,12th,Thomas High School,70,70
38675,Sarah Brown,F,10th,Thomas High School,97,93
38676,Lisa Fitzgerald,F,11th,Thomas High School,72,77
38677,Jessica Prince,F,9th,Thomas High School,75,89
38678,Jeffery King,M,9th,Thomas High School,71,76
38679,Travis Spencer,M,11th,Thomas High School,69,68
38680,Erica Tucker,F,10th,Thomas High School,79,71
38681,Lauren Casey,F,10th,Thomas High School,75,74
38682,Emily Williams,F,10th,Thomas High School,74,69
38683,Kevin Thomas,M,10th,Thomas High School,74,70
38684,Amanda Small,F,12th,Thomas High School,69,98
38685,Kerri Torres,F,9th,Thomas High School,89,95
38686,Danny Powers,M,12th,Thomas High School,94,81
38687,Jessica Cohen,F,10th,Thomas High School,99,76
38688,Jeffrey Duarte,M,11th,Thomas High School,84,81
38689,Crystal Fields,F,11th,Thomas High School,87,97
38690,Henry Tucker,M,9th,Thomas High School,87,98
38691,Kenneth Carter,M,12th,Thomas High School,78,76
38692,Courtney Miller,F,9th,Thomas High School,96,81
38693,Eric Benson,M,11th,Thomas High School,70,86
38694,Joshua Vargas,M,11th,Thomas High School,83,96
38695,Rebekah Perkins,F,9th,Thomas High School,75,88
38696,Ryan Thomas,M,9th,Thomas High School,99,68
38697,Pamela Brooks,F,9th,Thomas High School,85,69
38698,Bridget Shah,F,10th,Thomas High School,76,76
38699,Cassidy Carter,F,9th,Thomas High School,98,88
38700,Kelly Michael,F,10th,Thomas High School,96,81
38701,Michael Flores,M,9th,Thomas High School,83,80
38702,Robert Wilcox,M,11th,Thomas High School,70,82
38703,Christopher Melton,M,11th,Thomas High School,96,69
38704,Stephanie Johnson,F,11th,Thomas High School,88,72
38705,Thomas Payne,M,9th,Thomas High School,81,98
38706,Elizabeth Miller,F,12th,Thomas High School,85,90
38707,Pamela Thomas,F,11th,Thomas High School,86,95
38708,Victoria Nguyen,F,10th,Thomas High School,77,93
38709,Brian Mills,M,10th,Thomas High School,72,82
38710,Deborah Holloway,F,11th,Thomas High School,88,93
38711,David Gray,M,9th,Thomas High School,70,87
38712,Kathleen Lewis,F,11th,Thomas High School,78,95
38713,Michelle Pratt,F,10th,Thomas High School,69,76
38714,Steven Brown,M,10th,Thomas High School,89,86
38715,James Wallace,M,10th,Thomas High School,81,90
38716,Amy Hayes,F,10th,Thomas High School,75,77
38717,Matthew Nunez,M,11th,Thomas High School,70,70
38718,Joseph Gentry,M,12th,Thomas High School,92,76
38719,Heidi Johnson,F,11th,Thomas High School,73,84
38720,Nancy Harris,F,12th,Thomas High School,85,82
38721,Ashley Hill,F,10th,Thomas High School,95,86
38722,Jeffery Abbott,M,11th,Thomas High School,73,75
38723,Gregory Morgan ,M,10th,Thomas High School,93,79
38724,Daniel Herrera,M,9th,Thomas High School,89,80
38725,Pamela Salinas,F,10th,Thomas High School,96,77
38726,Sarah Johnson,F,9th,Thomas High School,81,89
38727,Jason Gonzalez,M,11th,Thomas High School,99,88
38728,Richard Alexander,M,9th,Thomas High School,91,86
38729,Randy Richards,M,9th,Thomas High School,93,96
38730,Adriana Reyes,F,10th,Thomas High School,90,78
38731,Carrie Meyer,F,9th,Thomas High School,71,85
38732,Phillip Lin,M,9th,Thomas High School,83,80
38733,Daniel Mack,M,9th,Thomas High School,90,76
38734,Kimberly Roach,F,10th,Thomas High School,98,96
38735,Dakota Barry,M,9th,Thomas High School,83,80
38736,Latoya Graham,F,9th,Thomas High School,71,78
38737,Manuel Lane,M,10th,Thomas High School,91,78
38738,Kathy Jones,F,12th,Thomas High School,90,72
38739,Charles Petty,M,9th,Thomas High School,83,95
38740,Brent Matthews,M,12th,Thomas High School,76,85
38741,Amy Lucas,F,9th,Thomas High School,89,96
38742,Christopher Black,M,9th,Thomas High School,82,89
38743,Alyssa Burns,F,12th,Thomas High School,99,77
38744,Jeffrey Evans,M,9th,Thomas High School,81,86
38745,Carol Williams,F,12th,Thomas High School,95,88
38746,Kelly Chambers,F,12th,Thomas High School,70,73
38747,Kayla Anderson,F,10th,Thomas High School,74,90
38748,Andrew Ellis,M,9th,Thomas High School,96,91
38749,Michelle Cook,F,9th,Thomas High School,87,69
38750,Victoria Martin,F,10th,Thomas High School,86,86
38751,Joshua Underwood,M,12th,Thomas High School,79,96
38752,Matthew Howard,M,9th,Thomas High School,97,69
38753,Michelle Gray,F,9th,Thomas High School,85,87
38754,Rebecca Gonzales,F,11th,Thomas High School,73,97
38755,James Schmidt,M,9th,Thomas High School,84,83
38756,Mrs. Samantha Glover,F,10th,Thomas High School,93,97
38757,Theresa Nelson,F,10th,Thomas High School,95,74
38758,Raymond Jackson,M,9th,Thomas High School,82,95
38759,Yvette Ashley,F,12th,Thomas High School,74,74
38760,David Moss,M,11th,Thomas High School,72,69
38761,Elizabeth Howard,F,10th,Thomas High School,85,86
38762,Shelby George,F,11th,Thomas High School,85,68
38763,Justin Frazier,M,9th,Thomas High School,74,71
38764,Chelsea Adams,F,10th,Thomas High School,69,78
38765,Erika Payne,F,10th,Thomas High School,86,72
38766,Anna Decker ,F,9th,Thomas High School,76,83
38767,Linda Mccann,F,10th,Thomas High School,69,85
38768,Leslie Fowler,F,9th,Thomas High School,89,90
38769,Robin Morris,F,10th,Thomas High School,88,81
38770,Samuel Campbell,M,10th,Thomas High School,70,87
38771,Angela Pennington,F,9th,Thomas High School,93,81
38772,Andrew Stephenson,M,10th,Thomas High School,93,80
38773,Sandra Mcbride,F,9th,Thomas High School,99,71
38774,Hailey Lopez ,F,12th,Thomas High School,96,68
38775,Walter Stokes,M,9th,Thomas High School,77,90
38776,Dave Diaz,M,10th,Thomas High School,87,93
38777,Robert Coleman,M,12th,Thomas High School,79,87
38778,Andrew Gibson,M,9th,Thomas High School,93,99
38779,Kristina Snow,F,9th,Thomas High School,84,91
38780,Michael Martinez,M,9th,Thomas High School,86,79
38781,Patrick Jenkins,M,9th,Thomas High School,79,91
38782,Larry Scott,M,10th,Thomas High School,69,71
38783,Dana Kidd,F,10th,Thomas High School,99,72
38784,Amber Lewis,F,10th,Thomas High School,77,72
38785,Alan Simmons,M,12th,Thomas High School,85,86
38786,Rebecca Joseph,F,11th,Thomas High School,94,98
38787,Brian Acosta,M,9th,Thomas High School,78,76
38788,Kimberly Erickson,F,11th,Thomas High School,82,73
38789,Cynthia Maldonado,F,11th,Thomas High School,80,96
38790,Anthony Flores,M,12th,Thomas High School,86,87
38791,Jacob Mills,M,9th,Thomas High School,97,70
38792,James Baker,M,10th,Thomas High School,80,93
38793,Cynthia Martin,F,10th,Thomas High School,77,86
38794,Natalie Taylor,F,10th,Thomas High School,95,70
38795,Ashley Mcdonald,F,12th,Thomas High School,69,77
38796,Kirk Vaughn,M,10th,Thomas High School,77,82
38797,Dustin Ray,M,12th,Thomas High School,80,79
38798,Gabriel Miller,M,12th,Thomas High School,82,86
38799,Deborah Griffith,F,10th,Thomas High School,77,90
38800,Christopher Rose,M,12th,Thomas High School,86,98
38801,Maria Kirk,F,9th,Thomas High School,97,92
38802,Nancy Fox,F,9th,Thomas High School,88,75
38803,Heather Davis,F,9th,Thomas High School,74,81
38804,Taylor Smith,F,11th,Thomas High School,70,77
38805,Mrs. Amber Gonzalez,F,12th,Thomas High School,92,72
38806,Leslie Nelson,M,11th,Thomas High School,94,97
38807,John Escobar,M,11th,Thomas High School,97,79
38808,Robert Harper,M,9th,Thomas High School,73,81
38809,Angela Mooney,F,12th,Thomas High School,76,73
38810,Chad Dudley,M,11th,Thomas High School,69,76
38811,Richard Lee,M,11th,Thomas High School,70,97
38812,Elizabeth Ross,F,12th,Thomas High School,98,89
38813,Cheryl Garner,F,10th,Thomas High School,85,90
38814,Debbie Garrison,F,10th,Thomas High School,83,76
38815,Nicole Shaw,F,12th,Thomas High School,98,91
38816,Kayla Jones,F,10th,Thomas High School,72,92
38817,Cristina Drake,F,9th,Thomas High School,85,81
38818,Jason Patel Jr.,M,12th,Thomas High School,90,77
38819,Tina Salazar,F,12th,Thomas High School,82,98
38820,Timothy Ward,M,12th,Thomas High School,83,97
38821,Jeremiah Arroyo,M,11th,Thomas High School,95,96
38822,Ryan Barnes,M,10th,Thomas High School,78,99
38823,Jennifer Robinson,F,9th,Thomas High School,91,77
38824,Matthew Walsh,M,12th,Thomas High School,81,84
38825,Marissa Reed,F,10th,Thomas High School,77,68
38826,Matthew Ritter,M,9th,Thomas High School,79,91
38827,Jennifer Kelley,F,12th,Thomas High School,95,87
38828,David Silva,M,10th,Thomas High School,96,89
38829,Reginald Johnson,M,12th,Thomas High School,97,81
38830,Logan White,M,10th,Thomas High School,84,98
38831,Cheryl Reynolds,F,9th,Thomas High School,92,97
38832,Kelly Mclean,F,11th,Thomas High School,95,75
38833,Laura Richardson,F,10th,Thomas High School,91,91
38834,Maria Davis,F,12th,Thomas High School,95,86
38835,Amy Anderson,F,9th,Thomas High School,80,73
38836,Timothy Smith,M,12th,Thomas High School,84,70
38837,Laura Kidd,F,11th,Thomas High School,77,80
38838,Lydia Gomez,F,11th,Thomas High School,95,80
38839,Stephanie Walker ,F,9th,Thomas High School,74,93
38840,Joseph Daniels,M,12th,Thomas High School,88,86
38841,Tracey Hernandez,F,10th,Thomas High School,84,98
38842,Barry Bridges,M,10th,Thomas High School,82,86
38843,David Lin,M,10th,Thomas High School,86,89
38844,Ariel Reynolds,F,12th,Thomas High School,87,80
38845,Timothy Scott,M,10th,Thomas High School,81,84
38846,Jonathan Crawford,M,12th,Thomas High School,87,74
38847,Natalie Dunn,F,9th,Thomas High School,96,82
38848,Shawn Williams,M,11th,Thomas High School,92,83
38849,Jennifer Parsons,F,10th,Thomas High School,70,78
38850,Adam Haley,M,10th,Thomas High School,78,76
38851,Mary Berry,F,11th,Thomas High School,70,77
38852,Amy Payne,F,10th,Thomas High School,88,83
38853,Emily Neal,F,12th,Thomas High School,72,78
38854,Ashlee Cooley,F,11th,Thomas High School,99,69
38855,Kenneth Lane,M,10th,Thomas High School,70,91
38856,Joseph Garcia,M,10th,Thomas High School,77,81
38857,Michael Sullivan ,M,11th,Thomas High School,87,76
38858,Christopher Henderson,M,9th,Thomas High School,70,76
38859,Javier Zamora,M,9th,Thomas High School,78,71
38860,Theresa Oconnor,F,10th,Thomas High School,97,91
38861,Jamie Campbell,F,10th,Thomas High School,72,90
38862,Paige Bates,F,11th,Thomas High School,84,83
38863,Kelly Lane,M,10th,Thomas High School,77,69
38864,Steven Hernandez,M,11th,Thomas High School,70,70
38865,Kristen Sims,F,9th,Thomas High School,74,97
38866,Todd Fields,M,11th,Thomas High School,85,95
38867,Larry Holmes,M,9th,Thomas High School,82,80
38868,Michael Miller,M,9th,Thomas High School,88,78
38869,Doris Taylor,F,9th,Thomas High School,88,90
38870,Margaret Hodge,F,9th,Thomas High School,96,70
38871,Vanessa Burton,F,9th,Thomas High School,84,87
38872,Debra Thomas,F,11th,Thomas High School,85,92
38873,Donna Ellison,F,11th,Thomas High School,89,93
38874,Mrs. Brittney Schultz ,F,12th,Thomas High School,72,94
38875,Sean Morrison,M,10th,Thomas High School,98,91
38876,Dillon Davidson,M,9th,Thomas High School,89,95
38877,Timothy Conner,M,10th,Thomas High School,79,91
38878,Catherine Romero,F,12th,Thomas High School,73,90
38879,Michael Williams,M,9th,Thomas High School,74,75
38880,Susan Greer,F,10th,Thomas High School,83,75
38881,John Bentley,M,11th,Thomas High School,73,85
38882,Craig Wells,M,10th,Thomas High School,88,80
38883,Aaron Martin,M,11th,Thomas High School,82,84
38884,Alexandra Wright,F,11th,Thomas High School,93,83
38885,Elizabeth Mccoy,F,11th,Thomas High School,99,89
38886,Steven Johnson,M,10th,Thomas High School,77,87
38887,Donna Morales,F,12th,Thomas High School,75,79
38888,Sean Morales,M,11th,Thomas High School,72,85
38889,Ashley Park,F,9th,Thomas High School,95,76
38890,Kristy Ruiz,F,12th,Thomas High School,73,80
38891,Jason Fisher,M,9th,Thomas High School,75,77
38892,Gloria Hamilton,F,9th,Thomas High School,91,71
38893,Evan Moreno,M,11th,Thomas High School,69,82
38894,Betty Jackson,F,9th,Thomas High School,99,76
38895,Courtney Santos,F,11th,Thomas High School,75,76
38896,Lisa Jackson,F,12th,Thomas High School,69,88
38897,Keith Petty,M,10th,Thomas High School,85,83
38898,Randy Travis,M,11th,Thomas High School,95,80
38899,Michael Morgan,M,9th,Thomas High School,84,83
38900,Stephen Miller,M,11th,Thomas High School,98,84
38901,Brian Burton,M,9th,Thomas High School,92,76
38902,Debra Williams,F,9th,Thomas High School,74,84
38903,Frances Romero,F,10th,Thomas High School,93,79
38904,Edgar Garcia,M,11th,Thomas High School,89,71
38905,Eric Williams,M,10th,Thomas High School,91,93
38906,Louis Elliott,M,9th,Thomas High School,95,80
38907,Robin Jones,F,11th,Thomas High School,93,76
38908,Lynn Duncan,F,11th,Thomas High School,74,81
38909,Anthony Nunez,M,9th,Thomas High School,76,80
38910,William Newman,M,11th,Thomas High School,93,95
38911,Taylor Salinas,F,10th,Thomas High School,91,97
38912,Lauren Kelly,F,12th,Thomas High School,90,74
38913,Jordan Hamilton,F,11th,Thomas High School,82,96
38914,Joel Curry,M,9th,Thomas High School,77,91
38915,Andres Reyes,M,11th,Thomas High School,94,80
38916,Thomas Pham,M,9th,Thomas High School,91,96
38917,Gregory Graham,M,10th,Thomas High School,81,71
38918,Nicholas White,M,9th,Thomas High School,69,99
38919,Kevin Rowe,M,9th,Thomas High School,98,86
38920,Michael Palmer,M,12th,Thomas High School,74,94
38921,Jim Carrillo,M,12th,Thomas High School,96,84
38922,Katherine Russell,F,11th,Thomas High School,71,71
38923,Spencer Johnson,M,9th,Thomas High School,79,90
38924,Mary Taylor,F,12th,Thomas High School,93,89
38925,Henry Burke,M,12th,Thomas High School,70,78
38926,Kelly Weaver,F,10th,Thomas High School,95,93
38927,Christopher Johnson,M,10th,Thomas High School,90,77
38928,Janice Martin,F,9th,Thomas High School,82,98
38929,Taylor Cooke,F,9th,Thomas High School,79,79
38930,Chad Medina,M,12th,Thomas High School,90,83
38931,Ashley Romero,F,10th,Thomas High School,88,87
38932,Samantha Steele,F,11th,Thomas High School,97,81
38933,Stacey Taylor,F,9th,Thomas High School,71,82
38934,Vicki Meyer,F,11th,Thomas High School,97,68
38935,Taylor Thomas,F,9th,Thomas High School,92,94
38936,Peggy King,F,9th,Thomas High School,95,76
38937,Alexandra Williams,F,11th,Thomas High School,90,79
38938,Sandra Griffin,F,10th,Thomas High School,83,96
38939,Yolanda Le,F,11th,Thomas High School,98,83
38940,Dennis Bradford,M,12th,Thomas High School,80,85
38941,Ann Duffy,F,9th,Thomas High School,70,80
38942,Rachel Butler,F,9th,Thomas High School,78,71
38943,Robert Smith,M,11th,Thomas High School,73,75
38944,Melissa Hooper,F,9th,Thomas High School,85,96
38945,Amber Anderson,F,12th,Thomas High School,96,99
38946,George Collins,M,12th,Thomas High School,74,95
38947,Robert Reid,M,12th,Thomas High School,83,90
38948,Stephen Jones,M,9th,Thomas High School,78,84
38949,Brenda Taylor,F,10th,Thomas High School,76,69
38950,Denise Foster,F,12th,Thomas High School,93,97
38951,Alexandria Carpenter,F,9th,Thomas High School,70,93
38952,Luke Brown,M,12th,Thomas High School,94,82
38953,Michael Clements,M,9th,Thomas High School,74,77
38954,Tiffany Francis,F,10th,Thomas High School,95,77
38955,Shannon Carson,F,11th,Thomas High School,75,87
38956,Tracey Liu,F,11th,Thomas High School,81,75
38957,Logan Osborn,M,12th,Thomas High School,85,70
38958,John Roberson,M,11th,Thomas High School,92,69
38959,Dennis Anderson,M,11th,Thomas High School,86,72
38960,Kelly Diaz,F,12th,Thomas High School,87,92
38961,Chad Carr,M,11th,Thomas High School,82,70
38962,John Bailey,M,12th,Thomas High School,81,78
38963,Dennis Peters,M,10th,Thomas High School,80,81
38964,Laura Bennett ,F,9th,Thomas High School,70,94
38965,Charles Brown,M,10th,Thomas High School,95,79
38966,Marissa Richardson,F,9th,Thomas High School,89,72
38967,Amy Davis,F,12th,Thomas High School,70,92
38968,Andrea Johnson,F,9th,Thomas High School,98,70
38969,Jessica Brewer,F,9th,Thomas High School,84,97
38970,Ashley Lynch,F,11th,Thomas High School,81,68
38971,Christine Howell,F,11th,Thomas High School,97,91
38972,Luis Cannon,M,9th,Thomas High School,83,99
38973,Jennifer Phillips,F,11th,Thomas High School,76,98
38974,Maria Davis,F,9th,Thomas High School,80,95
38975,Thomas Anderson,M,12th,Thomas High School,92,83
38976,Annette Davis,F,10th,Thomas High School,71,91
38977,David Price,M,9th,Thomas High School,92,94
38978,Christina Carter,F,11th,Thomas High School,77,92
38979,Laura Smith,F,9th,Thomas High School,79,76
38980,Stacey Mitchell,F,9th,Thomas High School,73,96
38981,Michelle Davis,F,9th,Thomas High School,79,74
38982,Shane Lindsey,M,10th,Thomas High School,74,82
38983,Denise Moore,F,10th,Thomas High School,73,74
38984,Kendra Flynn,F,12th,Thomas High School,84,92
38985,Austin Burke,M,11th,Thomas High School,78,85
38986,David Chapman,M,10th,Thomas High School,70,86
38987,Malik Thomas,M,11th,Thomas High School,82,77
38988,Cynthia Lloyd,F,9th,Thomas High School,77,96
38989,Theresa Ryan,F,12th,Thomas High School,87,81
38990,Amber Reynolds,F,12th,Thomas High School,99,87
38991,Allen Goodwin ,M,11th,Thomas High School,74,99
38992,Terry Diaz,F,11th,Thomas High School,93,78
38993,Jeffrey Davis,M,10th,Thomas High School,91,75
38994,Diana Jones,F,9th,Thomas High School,90,74
38995,Mia Gould,F,10th,Thomas High School,92,80
38996,Katherine Johnson,F,11th,Thomas High School,72,94
38997,Michael Williams,M,11th,Thomas High School,93,71
38998,Joseph Turner,M,11th,Thomas High School,81,97
38999,Peter Potter,M,10th,Thomas High School,76,75
39000,Ryan Kim,M,9th,Thomas High School,70,75
39001,Janice Yoder,F,10th,Thomas High School,98,97
39002,Carolyn Webb,F,11th,Thomas High School,90,77
39003,Elizabeth Bush,F,12th,Thomas High School,86,77
39004,Jaime Edwards,M,11th,Thomas High School,74,83
39005,Bethany Smith,F,12th,Thomas High School,76,86
39006,Wanda Grimes,F,9th,Thomas High School,75,68
39007,Karina Allison,F,11th,Thomas High School,95,96
39008,Timothy Smith,M,11th,Thomas High School,84,99
39009,Jason Harris,M,12th,Thomas High School,95,73
39010,Thomas Smith,M,10th,Thomas High School,87,83
39011,John Whitaker,M,12th,Thomas High School,93,80
39012,Kimberly Brown ,F,10th,Thomas High School,93,83
39013,Barbara Miller,F,12th,Thomas High School,96,82
39014,Madeline Lopez,F,9th,Thomas High School,89,75
39015,Carlos Fischer,M,9th,Thomas High School,89,75
39016,Amy Collins,F,11th,Thomas High School,87,79
39017,Abigail White,F,10th,Thomas High School,84,87
39018,Joanne Strickland,F,9th,Thomas High School,94,74
39019,Maria Hernandez,F,12th,Thomas High School,92,93
39020,Sandra Mcdowell,F,12th,Thomas High School,76,69
39021,Kristin Krause,F,11th,Thomas High School,87,91
39022,Alicia Reese,F,10th,Thomas High School,83,98
39023,Isaac Holt,M,12th,Thomas High School,89,99
39024,Jonathan Garza,M,11th,Thomas High School,88,72
39025,Phillip Smith,M,10th,Thomas High School,92,87
39026,Amanda Vazquez,F,9th,Thomas High School,79,82
39027,Jaime Holland,F,12th,Thomas High School,87,94
39028,Tina Rhodes,F,9th,Thomas High School,85,79
39029,John Wells,M,9th,Thomas High School,90,94
39030,Lindsay Dougherty,F,11th,Thomas High School,83,81
39031,Caitlyn Vega,F,10th,Thomas High School,70,90
39032,Kevin Campbell,M,11th,Thomas High School,70,74
39033,Michael Everett,M,11th,Thomas High School,99,91
39034,Christian Martinez,M,11th,Thomas High School,85,82
39035,Chad Rivera,M,12th,Thomas High School,70,72
39036,Amanda Ferrell,F,12th,Thomas High School,76,92
39037,Natasha Murphy,F,11th,Thomas High School,89,86
39038,Kathleen Cook,F,11th,Thomas High School,73,98
39039,Steven Lewis Jr.,M,12th,Thomas High School,98,76
39040,Raymond Hardy,M,11th,Thomas High School,84,88
39041,Michael Hill,M,10th,Thomas High School,73,72
39042,Mary Summers,F,12th,Thomas High School,73,96
39043,Barbara Cardenas,F,10th,Thomas High School,86,92
39044,Angela Garcia ,F,9th,Thomas High School,80,68
39045,Ronnie Craig,M,12th,Thomas High School,83,99
39046,Chad Miller,M,11th,Thomas High School,71,97
39047,Margaret Perez,F,12th,Thomas High School,91,74
39048,Michael Rodriguez,M,10th,Thomas High School,76,91
39049,Preston Davis,M,10th,Thomas High School,98,84
39050,Michael Reed,M,12th,Thomas High School,77,70
39051,Matthew Ball,M,11th,Thomas High School,77,97
39052,Larry Robinson,M,10th,Thomas High School,74,88
39053,Kyle Gonzalez,M,12th,Thomas High School,83,85
39054,Sarah Atkinson,F,11th,Thomas High School,71,74
39055,William Foster PhD,M,12th,Thomas High School,87,79
39056,Michael James,M,11th,Thomas High School,85,72
39057,Michael Strong,M,10th,Thomas High School,78,91
39058,Kenneth Moore,M,12th,Thomas High School,70,69
39059,Brittney Coleman,F,11th,Thomas High School,95,88
39060,Jacob Stein,M,9th,Thomas High School,89,98
39061,Jason Rodgers,M,9th,Thomas High School,76,69
39062,Jose Newton,M,11th,Thomas High School,93,70
39063,John Wheeler,M,9th,Thomas High School,74,94
39064,April Ellis,F,12th,Thomas High School,72,90
39065,Caleb Young,M,12th,Thomas High School,85,87
39066,Derrick Alexander,M,10th,Thomas High School,88,89
39067,Jasmine Li,F,11th,Thomas High School,95,91
39068,Michael Higgins,M,9th,Thomas High School,81,91
39069,Joel French,M,11th,Thomas High School,90,88
39070,Sheri Taylor,F,9th,Thomas High School,74,92
39071,Vanessa Wagner,F,12th,Thomas High School,90,97
39072,Amanda Ramirez,F,12th,Thomas High School,77,73
39073,Susan Gates,F,10th,Thomas High School,71,80
39074,Jason Lawrence,M,10th,Thomas High School,96,69
39075,Jonathan Alvarez,M,9th,Thomas High School,89,86
39076,Joshua Graham,M,9th,Thomas High School,91,80
39077,Jeffery Gomez,M,12th,Thomas High School,83,81
39078,Sara Hughes,F,11th,Thomas High School,92,84
39079,Sandy Johns,F,10th,Thomas High School,88,87
39080,Melissa Carter,F,9th,Thomas High School,76,79
39081,Emma Foley,F,12th,Thomas High School,78,76
39082,Jennifer Harris,F,10th,Thomas High School,92,98
39083,Gloria Wilson,F,9th,Thomas High School,90,73
39084,Angela Daniels,F,9th,Thomas High School,86,91
39085,Marcus Morgan,M,9th,Thomas High School,91,88
39086,Joanna Allen,F,10th,Thomas High School,74,75
39087,Lisa Kennedy,F,9th,Thomas High School,94,68
39088,Joseph Stewart,M,10th,Thomas High School,75,83
39089,Lindsey Thompson,F,9th,Thomas High School,96,79
39090,Lori Dickson,F,9th,Thomas High School,81,83
39091,Jeremy Edwards,M,10th,Thomas High School,91,98
39092,Joseph Burgess,M,9th,Thomas High School,90,96
39093,Antonio Kirk,M,9th,Thomas High School,73,74
39094,Renee Mcdonald,F,11th,Thomas High School,96,85
39095,Kelli Barnes,F,11th,Thomas High School,95,82
39096,Lucas Williams Jr.,M,12th,Thomas High School,85,89
39097,Kathleen Barr,F,11th,Thomas High School,87,76
39098,Nancy Silva,F,10th,Thomas High School,73,94
39099,Rachel Murphy,F,11th,Thomas High School,80,78
39100,Rhonda Rodriguez,F,11th,Thomas High School,79,71
39101,Tammy Torres,F,10th,Thomas High School,83,68
39102,Jennifer White,F,9th,Thomas High School,85,94
39103,Carrie Stewart,F,9th,Thomas High School,83,91
39104,Karen Rogers,F,11th,Thomas High School,83,95
39105,Kimberly Page,F,9th,Thomas High School,88,85
39106,Catherine Mendoza,F,11th,Thomas High School,94,70
39107,Stacy Wells,F,9th,Thomas High School,72,81
39108,Crystal Smith,F,12th,Thomas High School,85,85
39109,Ernest Lawrence,M,11th,Thomas High School,69,69
39110,Sharon Nguyen,F,11th,Thomas High School,91,90
39111,Mary Coffey,F,9th,Thomas High School,93,89
39112,Kimberly Pruitt,F,12th,Thomas High School,84,72
39113,Richard Mcdonald,M,11th,Thomas High School,78,90
39114,Gregory Taylor,M,10th,Thomas High School,99,77
39115,Joseph Ho,M,11th,Thomas High School,71,97
39116,Anna Smith,F,12th,Thomas High School,75,68
39117,Daniel Best,M,9th,Thomas High School,86,98
39118,Terri Johnston,F,11th,Thomas High School,82,96
39119,Katherine Harrison,F,10th,Thomas High School,86,94
39120,Megan Carson,F,11th,Thomas High School,72,99
39121,Stephanie Wilson,F,10th,Thomas High School,94,94
39122,Samantha Johnson,F,10th,Thomas High School,80,68
39123,Andrew Merritt,M,9th,Thomas High School,71,82
39124,Susan Simon,F,9th,Thomas High School,71,98
39125,Maria Shields,F,12th,Thomas High School,87,99
39126,Samuel Casey,M,10th,Thomas High School,97,85
39127,Robert Wood,M,9th,Thomas High School,97,98
39128,Jonathan Mueller,M,9th,Thomas High School,82,98
39129,Diane Miller,F,10th,Thomas High School,81,91
39130,Brett Arnold,M,11th,Thomas High School,81,76
39131,Brian Williams,M,9th,Thomas High School,72,86
39132,Shawn Hayden,M,9th,Thomas High School,69,78
39133,Emily Gomez,F,12th,Thomas High School,77,93
39134,Kerri Berger,F,12th,Thomas High School,83,99
39135,Laura Webster,F,9th,Thomas High School,78,81
39136,Elizabeth Aguirre,F,12th,Thomas High School,85,97
39137,Victoria Bailey,F,12th,Thomas High School,75,70
39138,Monica Hampton,F,9th,Thomas High School,94,94
39139,Catherine Lee,F,9th,Thomas High School,83,81
39140,Cheyenne Hernandez,F,9th,Thomas High School,76,99
39141,Jonathan Sullivan,M,10th,Thomas High School,86,93
39142,Deborah Higgins ,F,10th,Thomas High School,96,83
39143,Steven Jackson,M,11th,Thomas High School,71,93
39144,Cristian Webster,M,12th,Thomas High School,77,87
39145,Audrey Fry,F,10th,Thomas High School,94,74
39146,Michael Carroll,M,9th,Thomas High School,69,95
39147,Raymond Hawkins,M,10th,Thomas High School,88,81
39148,Christopher Wilson,M,10th,Thomas High School,89,89
39149,Glenda Fletcher,F,11th,Thomas High School,82,93
39150,Jennifer Hamilton,F,11th,Thomas High School,80,75
39151,Shannon Williams,F,10th,Thomas High School,84,73
39152,Lori Moore,F,9th,Thomas High School,98,84
39153,William Hubbard,M,9th,Thomas High School,80,75
39154,Bradley Johnson,M,12th,Thomas High School,91,71
39155,John Brooks,M,10th,Thomas High School,92,98
39156,Stephanie Contreras,F,11th,Thomas High School,79,95
39157,Kristen Gonzalez,F,9th,Thomas High School,79,94
39158,Kari Holloway,F,10th,Thomas High School,87,90
39159,Kimberly Cabrera,F,11th,Thomas High School,85,72
39160,Katie Weaver,F,11th,Thomas High School,89,86
39161,April Reyes,F,10th,Thomas High School,70,84
39162,Derek Weeks,M,12th,Thomas High School,94,77
39163,John Reese,M,11th,Thomas High School,90,75
39164,Joseph Anthony,M,9th,Thomas High School,97,76
39165,Donna Howard,F,12th,Thomas High School,99,90
39166,Dawn Bell,F,10th,Thomas High School,95,70
39167,Rebecca Tanner,F,9th,Thomas High School,73,84
39168,Desiree Kidd,F,10th,Thomas High School,99,90
39169,Carolyn Jackson,F,11th,Thomas High School,95,75
